0.031071	0.016886	0.026342	0.033435	0.021614	0.021614	0.849037	
0.021666	0.199391	0.038253	0.232566	0.035884	0.031144	0.441097	
0.041209	0.161401	0.038805	0.158997	0.250343	0.098901	0.250343	
0.617007	0.219388	0.055102	0.028912	0.017007	0.033673	0.028912	
0.251509	0.026157	0.023810	0.368880	0.051979	0.246814	0.030852	
0.342318	0.139488	0.061658	0.276280	0.045148	0.115903	0.019205	
0.734454	0.033277	0.045042	0.042689	0.033277	0.087395	0.023866	
0.024092	0.712928	0.076349	0.078724	0.033593	0.047845	0.026468	
0.033835	0.366370	0.466849	0.036227	0.029050	0.038619	0.029050	
0.036844	0.036844	0.538060	0.058742	0.119569	0.129301	0.080640	
0.044936	0.150570	0.608317	0.021462	0.023810	0.091885	0.059021	
0.063608	0.036844	0.323949	0.472367	0.029545	0.036844	0.036844	
0.025974	0.172827	0.168165	0.501499	0.030636	0.030636	0.070263	
0.044831	0.131482	0.180662	0.475744	0.091669	0.049515	0.026096	
0.053571	0.030423	0.058201	0.748016	0.055886	0.028108	0.025794	
0.038527	0.110126	0.026594	0.038527	0.728265	0.033754	0.024207	
0.019434	0.305830	0.021821	0.040914	0.565973	0.021821	0.024207	
0.046016	0.048420	0.053228	0.029190	0.755151	0.031593	0.036401	
0.085647	0.144888	0.336831	0.016926	0.348680	0.026405	0.040623	
0.075630	0.101513	0.035630	0.207395	0.289748	0.266218	0.023866	
0.055102	0.074150	0.178912	0.243197	0.238435	0.181293	0.028912	
0.147332	0.137694	0.031670	0.036489	0.024441	0.593115	0.029260	
0.050702	0.038712	0.026721	0.048304	0.192189	0.619048	0.024323	
0.040914	0.286737	0.117286	0.021821	0.036140	0.460961	0.036140	
