0.021925	0.748544	0.026721	0.050702	0.033916	0.060295	0.057897	
0.060150	0.170198	0.031442	0.160629	0.151059	0.323308	0.103213	
0.034079	0.262995	0.038898	0.067814	0.316007	0.243718	0.036489	
0.257483	0.017007	0.057483	0.074150	0.031293	0.033673	0.528912	
0.267644	0.026594	0.038527	0.050460	0.129219	0.138766	0.348790	
0.207074	0.033997	0.053228	0.070055	0.038805	0.243132	0.353709	
0.040336	0.054454	0.209748	0.059160	0.197983	0.035630	0.402689	
0.056172	0.065881	0.294036	0.342580	0.063454	0.148405	0.029473	
0.055901	0.048654	0.333678	0.471360	0.019669	0.046239	0.024500	
0.066854	0.054539	0.574243	0.027445	0.049613	0.125968	0.101337	
0.035463	0.187688	0.510873	0.065908	0.030780	0.030780	0.138508	
0.264910	0.051318	0.529473	0.027046	0.029473	0.058599	0.039182	
0.095904	0.056277	0.186813	0.205461	0.032967	0.387279	0.035298	
0.108827	0.038073	0.139488	0.115903	0.026280	0.474394	0.097035	
0.110405	0.051857	0.159585	0.054199	0.033121	0.562395	0.028438	
0.081487	0.024207	0.031367	0.095806	0.577907	0.036140	0.153086	
0.026594	0.055234	0.021821	0.117286	0.303444	0.155472	0.320150	
0.051193	0.174680	0.024559	0.041508	0.554825	0.026980	0.126254	
0.036844	0.438304	0.109837	0.102537	0.131734	0.022245	0.158498	
0.443988	0.026721	0.026721	0.139431	0.290510	0.043508	0.029120	
0.322380	0.099620	0.140782	0.099620	0.184365	0.099620	0.053615	
0.279862	0.024441	0.089501	0.065404	0.318417	0.048537	0.173838	
0.212026	0.029545	0.046576	0.090372	0.275287	0.192562	0.153632	
0.186625	0.125350	0.066527	0.191527	0.078782	0.056723	0.294468	
