0.443200	0.010011	0.017594	0.000758	0.090717	0.007706	0.014831	0.143978	0.016034	0.181926	0.002978	0.005374	0.026716	0.011330	0.026845	
0.521081	0.006563	0.021671	0.004045	0.058885	0.032241	0.017799	0.097550	0.023315	0.119669	0.017200	0.014262	0.025277	0.015660	0.024782	
0.498095	0.007790	0.018006	0.003784	0.067494	0.028331	0.012062	0.123869	0.017651	0.144046	0.015936	0.012772	0.029336	0.013428	0.007401	
0.561054	0.001149	0.033988	0.008348	0.005333	0.087573	0.087425	0.008908	0.092612	0.008803	0.036111	0.029118	0.009546	0.024899	0.005133	
0.342451	0.001131	0.115232	0.000591	0.009365	0.054351	0.169159	0.028648	0.123513	0.024941	0.005022	0.014875	0.035206	0.053341	0.022174	
0.436400	0.001788	0.075349	0.004732	0.007326	0.056168	0.080373	0.032632	0.118742	0.021612	0.024188	0.039381	0.032591	0.063174	0.005546	
0.302031	0.004803	0.046476	0.000971	0.029204	0.048663	0.125526	0.043672	0.207127	0.050042	0.009233	0.044545	0.017051	0.066006	0.004650	
0.301126	0.001894	0.224476	0.004208	0.008825	0.033259	0.062402	0.012903	0.079063	0.012799	0.027361	0.054212	0.028266	0.141048	0.008156	
0.340780	0.000982	0.241823	0.005434	0.004990	0.044346	0.075145	0.008531	0.036982	0.008873	0.030832	0.041802	0.026534	0.128234	0.004710	
0.232487	0.003771	0.157135	0.000585	0.018427	0.009533	0.047188	0.016347	0.187516	0.019283	0.014743	0.076765	0.030171	0.153711	0.032339	
0.274235	0.003468	0.147380	0.002411	0.015349	0.022463	0.045043	0.009208	0.178297	0.012471	0.021671	0.076290	0.022982	0.144922	0.023810	
0.240409	0.003193	0.187811	0.001023	0.017156	0.013466	0.058492	0.013808	0.150417	0.018816	0.015758	0.067031	0.029669	0.151424	0.031529	
0.383017	0.001262	0.203838	0.002304	0.015501	0.018190	0.054784	0.019990	0.023703	0.027180	0.016244	0.030546	0.040423	0.108137	0.054880	
0.473544	0.001403	0.139893	0.002026	0.021564	0.016765	0.040906	0.023016	0.016273	0.036140	0.012530	0.020910	0.040634	0.072783	0.081613	
0.483681	0.001981	0.082964	0.001396	0.023268	0.016427	0.036752	0.021471	0.068347	0.034567	0.009949	0.029076	0.038061	0.063165	0.088894	
0.524121	0.003161	0.012206	0.001470	0.025680	0.012336	0.011992	0.149168	0.020844	0.108938	0.006201	0.008325	0.097673	0.011402	0.006482	
0.545980	0.001045	0.014450	0.001557	0.006210	0.012971	0.012408	0.147529	0.021836	0.085392	0.006724	0.009093	0.118000	0.012985	0.003819	
0.522111	0.001646	0.022506	0.000649	0.013949	0.009475	0.021945	0.131815	0.031980	0.085558	0.003285	0.009420	0.104886	0.018200	0.022574	
0.494285	0.004140	0.033387	0.002021	0.040681	0.034403	0.065416	0.060232	0.063290	0.077905	0.009025	0.012593	0.029162	0.020602	0.052857	
0.364521	0.003752	0.060289	0.003417	0.015343	0.031102	0.028660	0.037493	0.186195	0.027435	0.023201	0.071236	0.033324	0.103638	0.010394	
0.372073	0.003573	0.053317	0.003065	0.014662	0.029789	0.030244	0.037345	0.187554	0.026587	0.021416	0.069430	0.035589	0.099470	0.015886	
0.353787	0.004602	0.029650	0.002351	0.025103	0.042820	0.076468	0.043931	0.201455	0.043750	0.016094	0.056122	0.022830	0.073161	0.007875	
0.336720	0.003973	0.051321	0.003262	0.015291	0.040397	0.054895	0.026346	0.220123	0.020660	0.022608	0.073694	0.022631	0.102449	0.005629	
0.432047	0.001911	0.051182	0.003010	0.014998	0.070419	0.150130	0.024078	0.129646	0.028489	0.013480	0.016548	0.018650	0.025866	0.019546	
