0.539252	0.002172	0.015381	0.002205	0.042888	0.014944	0.028716	0.101785	0.029776	0.101891	0.008191	0.008092	0.029888	0.025745	0.049073	
0.465466	0.002335	0.084329	0.003846	0.032776	0.032265	0.048823	0.086376	0.033218	0.082633	0.009721	0.013232	0.035452	0.062001	0.007526	
0.493965	0.002072	0.043386	0.002728	0.036786	0.023506	0.047627	0.096948	0.053956	0.093308	0.008173	0.014981	0.039101	0.035724	0.007739	
0.388700	0.003914	0.133448	0.004311	0.027201	0.039751	0.052752	0.056339	0.050043	0.053006	0.018191	0.028400	0.028509	0.098733	0.016704	
0.359058	0.004669	0.094060	0.002148	0.023451	0.019483	0.067009	0.047574	0.139524	0.042212	0.022300	0.055002	0.032313	0.080569	0.010628	
0.441035	0.002170	0.066374	0.002963	0.025470	0.024481	0.073173	0.060399	0.106944	0.057820	0.009044	0.030619	0.022191	0.061406	0.015911	
0.406317	0.000960	0.040962	0.001853	0.026235	0.070497	0.099756	0.022546	0.191736	0.026164	0.003305	0.036985	0.030654	0.034274	0.007756	
0.387441	0.000716	0.133506	0.004946	0.011493	0.067847	0.093534	0.022222	0.098570	0.022562	0.002434	0.021555	0.024151	0.098910	0.010113	
0.377999	0.000959	0.178672	0.006493	0.008651	0.074924	0.085418	0.010365	0.048805	0.012756	0.003639	0.012792	0.011071	0.133168	0.034288	
0.327683	0.005660	0.084688	0.000783	0.026300	0.039731	0.051018	0.019892	0.162441	0.020756	0.027598	0.062892	0.039010	0.077435	0.054112	
0.317346	0.005272	0.120224	0.002105	0.020655	0.045704	0.055753	0.012371	0.136870	0.013139	0.025749	0.056669	0.032525	0.101543	0.054075	
0.300344	0.006625	0.100729	0.000737	0.024065	0.031704	0.048021	0.017736	0.165474	0.016777	0.032674	0.071259	0.039828	0.090642	0.053386	
0.440250	0.001660	0.089147	0.003934	0.023312	0.035939	0.074150	0.056093	0.082079	0.054363	0.006516	0.022064	0.020535	0.073849	0.016109	
0.401627	0.003658	0.108733	0.003705	0.028507	0.032356	0.059731	0.060758	0.074730	0.056865	0.016765	0.032065	0.027253	0.083424	0.009825	
0.407490	0.004447	0.056237	0.001516	0.037822	0.029395	0.050203	0.067800	0.117356	0.064850	0.020673	0.042844	0.040451	0.046316	0.012600	
0.481837	0.002305	0.034271	0.000613	0.022185	0.006463	0.012173	0.121451	0.038876	0.112085	0.010560	0.020090	0.098405	0.028524	0.010161	
0.473315	0.000863	0.051006	0.002048	0.016025	0.019506	0.050408	0.090259	0.071415	0.083932	0.003079	0.018784	0.067060	0.044736	0.007564	
0.459754	0.002451	0.037613	0.000594	0.022069	0.015151	0.023226	0.103034	0.066912	0.095686	0.011330	0.026215	0.089371	0.032355	0.014240	
0.525669	0.000889	0.015548	0.000794	0.016331	0.016361	0.012587	0.064786	0.039220	0.069981	0.002850	0.009918	0.050504	0.047131	0.127431	
0.207996	0.009505	0.182077	0.002082	0.024558	0.029472	0.041235	0.024025	0.138593	0.015604	0.047766	0.085368	0.048690	0.133860	0.009169	
0.307356	0.005754	0.127696	0.002099	0.018897	0.031230	0.055607	0.029103	0.134871	0.024839	0.028345	0.061655	0.041737	0.103486	0.027324	
0.347082	0.002872	0.082641	0.001982	0.008164	0.020563	0.105406	0.012067	0.212290	0.009105	0.013482	0.063831	0.015595	0.085473	0.019445	
0.365591	0.002819	0.042505	0.000774	0.014239	0.016681	0.105767	0.022792	0.240363	0.019598	0.013040	0.067567	0.022543	0.055764	0.009958	
0.340923	0.002766	0.144361	0.004247	0.009485	0.045975	0.090343	0.015391	0.126238	0.013138	0.013012	0.042922	0.019312	0.115311	0.016575	
