0.165019	0.031367	0.379816	0.033754	0.043300	0.019434	0.327310	
0.067007	0.095578	0.617007	0.028912	0.031293	0.090816	0.069388	
0.083873	0.069553	0.449028	0.024207	0.102966	0.102966	0.167405	
0.350462	0.151422	0.038712	0.036314	0.372045	0.021925	0.029120	
0.040527	0.031071	0.045255	0.057075	0.397501	0.248565	0.180007	
0.265257	0.028981	0.043300	0.031367	0.355950	0.207978	0.067167	
0.031144	0.019296	0.026405	0.026405	0.813135	0.057211	0.026405	
0.099629	0.208376	0.040527	0.366768	0.049983	0.054711	0.180007	
0.316770	0.036577	0.017253	0.502761	0.026915	0.055901	0.043823	
0.266202	0.049129	0.034495	0.412544	0.049129	0.095470	0.093031	
0.192824	0.035547	0.021462	0.591885	0.063716	0.044936	0.049631	
0.363095	0.042017	0.022409	0.252801	0.054272	0.220938	0.044468	
0.030353	0.023425	0.030353	0.051138	0.037281	0.037281	0.790168	
0.032738	0.081349	0.037368	0.085979	0.048942	0.194775	0.518849	
0.035463	0.091669	0.115089	0.147876	0.094011	0.072934	0.442958	
0.034161	0.563147	0.171843	0.022084	0.031746	0.026915	0.150104	
0.070055	0.769574	0.021978	0.017170	0.041209	0.048420	0.031593	
0.217007	0.274150	0.286054	0.057483	0.033673	0.026531	0.105102	
0.443718	0.349742	0.038898	0.053356	0.053356	0.036489	0.024441	
0.033835	0.282638	0.163021	0.043404	0.122351	0.301777	0.052973	
0.151786	0.214286	0.038805	0.072459	0.031593	0.416209	0.074863	
0.185262	0.041710	0.092805	0.066041	0.034411	0.431005	0.148766	
0.048772	0.060879	0.056036	0.043929	0.179523	0.441024	0.169837	
0.104357	0.262749	0.047619	0.073624	0.198919	0.279298	0.033435	
