0.031071	0.021614	0.756839	0.021614	0.035799	0.090172	0.042891	
0.023978	0.253293	0.187099	0.049983	0.019250	0.146910	0.319487	
0.098664	0.208976	0.038712	0.043508	0.026721	0.105858	0.477561	
0.222830	0.378332	0.038619	0.024265	0.026658	0.280246	0.029050	
0.441375	0.196092	0.080526	0.106469	0.073450	0.059299	0.042790	
0.242045	0.412661	0.078538	0.026405	0.052471	0.118822	0.069059	
0.821513	0.037983	0.019160	0.023866	0.035630	0.035630	0.026218	
0.033277	0.388571	0.066218	0.205042	0.037983	0.120336	0.148571	
0.052721	0.500340	0.143197	0.183673	0.031293	0.062245	0.026531	
0.043718	0.038898	0.043718	0.605164	0.075043	0.144923	0.048537	
0.082302	0.063566	0.054199	0.360990	0.108063	0.314152	0.016728	
0.061324	0.027178	0.083275	0.541812	0.051568	0.210105	0.024739	
0.037454	0.264833	0.120981	0.169705	0.107060	0.236990	0.062976	
0.074751	0.360797	0.074751	0.184053	0.091030	0.149169	0.065449	
0.049399	0.257343	0.035381	0.294726	0.056409	0.245661	0.061081	
0.019342	0.021717	0.028843	0.016966	0.340007	0.261622	0.311503	
0.019342	0.031218	0.035969	0.033593	0.252121	0.031218	0.596539	
0.136054	0.024150	0.031293	0.019388	0.221769	0.031293	0.536054	
0.021873	0.021873	0.048189	0.045796	0.804170	0.019481	0.038619	
0.246164	0.107740	0.036140	0.255711	0.069553	0.198432	0.086260	
0.146563	0.139488	0.026280	0.196092	0.148922	0.160714	0.181941	
0.631415	0.102288	0.027046	0.048890	0.024619	0.145978	0.019764	
0.333681	0.053876	0.092805	0.129301	0.100104	0.095238	0.194995	
0.259335	0.146626	0.055498	0.077081	0.151422	0.280918	0.029120	
