0.021925	0.722165	0.033916	0.019527	0.036314	0.031518	0.134635	
0.082670	0.181944	0.029402	0.053615	0.162574	0.312695	0.177101	
0.069553	0.453802	0.019434	0.033754	0.060007	0.262871	0.100580	
0.167405	0.024207	0.069553	0.310603	0.062393	0.038527	0.327310	
0.280997	0.021563	0.033356	0.335243	0.104111	0.082884	0.141846	
0.124446	0.021821	0.040914	0.217525	0.064780	0.289124	0.241391	
0.055102	0.017007	0.033673	0.290816	0.214626	0.043197	0.345578	
0.089072	0.149024	0.314491	0.045906	0.079479	0.098664	0.223364	
0.083275	0.127178	0.414983	0.061324	0.029617	0.017422	0.266202	
0.069317	0.061928	0.554539	0.037298	0.027445	0.052076	0.197396	
0.046953	0.035298	0.452547	0.060939	0.070263	0.032967	0.301032	
0.258885	0.044251	0.536934	0.044251	0.036934	0.032056	0.046690	
0.037717	0.175567	0.276035	0.096128	0.042390	0.290053	0.082109	
0.136166	0.030780	0.250920	0.030780	0.091669	0.290733	0.168953	
0.148922	0.073450	0.148922	0.040431	0.047507	0.486186	0.054582	
0.048074	0.024207	0.026594	0.040914	0.797477	0.028981	0.033754	
0.029473	0.097434	0.029473	0.119279	0.553745	0.099861	0.070735	
0.029331	0.089717	0.029331	0.038992	0.616287	0.048654	0.147688	
0.031978	0.190129	0.049009	0.168231	0.214460	0.034411	0.311783	
0.525401	0.024207	0.031367	0.060007	0.270031	0.036140	0.052847	
0.351305	0.041209	0.101305	0.175824	0.156593	0.091690	0.082074	
0.050947	0.026850	0.096730	0.660585	0.062995	0.062995	0.038898	
0.261733	0.045906	0.033916	0.237753	0.115450	0.280918	0.024323	
0.062995	0.079862	0.058176	0.395525	0.043718	0.041308	0.318417	
