0.525738	0.010045	0.018483	0.000968	0.029003	0.023400	0.017999	0.180294	0.023591	0.126169	0.004196	0.007167	0.006902	0.019402	0.006643	
0.472710	0.006628	0.064428	0.000937	0.029184	0.021637	0.018133	0.131490	0.047729	0.101272	0.007452	0.020332	0.037947	0.030526	0.009595	
0.455495	0.006686	0.038089	0.000796	0.028676	0.020463	0.018177	0.131201	0.063337	0.108877	0.006473	0.014475	0.036543	0.048826	0.021886	
0.547820	0.003047	0.021761	0.011802	0.022185	0.067228	0.168923	0.010877	0.036090	0.009600	0.049652	0.016703	0.007670	0.022943	0.003701	
0.392686	0.001753	0.101357	0.004475	0.024507	0.029339	0.088723	0.025366	0.128883	0.021131	0.025393	0.072009	0.050784	0.028697	0.004896	
0.480416	0.002935	0.054485	0.009310	0.025032	0.054514	0.135467	0.014365	0.071605	0.012197	0.042808	0.033191	0.024790	0.029382	0.009502	
0.478274	0.002898	0.062485	0.007881	0.017475	0.059466	0.135808	0.012341	0.069690	0.010240	0.034213	0.026039	0.005584	0.065224	0.012384	
0.387015	0.001702	0.186902	0.000776	0.013850	0.048221	0.051667	0.014485	0.074002	0.014652	0.008452	0.024986	0.027099	0.126782	0.019409	
0.455868	0.001671	0.164313	0.002507	0.009082	0.058846	0.082296	0.014721	0.039023	0.011943	0.011467	0.014879	0.008104	0.117769	0.007508	
0.295149	0.003951	0.133070	0.002191	0.027725	0.036551	0.041982	0.019509	0.148363	0.021711	0.020940	0.035992	0.042081	0.119098	0.051687	
0.220426	0.005960	0.115647	0.000869	0.023242	0.046440	0.034375	0.010452	0.186711	0.018226	0.015706	0.011215	0.008714	0.209453	0.092563	
0.357566	0.001454	0.167827	0.002110	0.031468	0.022005	0.034223	0.031833	0.111695	0.029849	0.020639	0.063645	0.082915	0.033402	0.009367	
0.365700	0.002652	0.169857	0.000603	0.022568	0.033350	0.032966	0.037937	0.096429	0.031306	0.010754	0.040856	0.047424	0.088620	0.018978	
0.346749	0.001904	0.190384	0.000631	0.021924	0.035735	0.034672	0.020328	0.103182	0.018639	0.011980	0.043241	0.050828	0.098664	0.021139	
0.341552	0.001267	0.184693	0.001392	0.033344	0.016187	0.022817	0.034450	0.120156	0.029908	0.019109	0.073972	0.092906	0.022608	0.005638	
0.502854	0.000949	0.052397	0.000656	0.024237	0.015394	0.022559	0.101318	0.026496	0.116500	0.003316	0.011996	0.083180	0.034492	0.003654	
0.525345	0.000927	0.014810	0.000971	0.028491	0.007413	0.014944	0.121378	0.017943	0.141712	0.004250	0.006998	0.099333	0.011838	0.003650	
0.475109	0.002241	0.024553	0.001018	0.028586	0.012843	0.017175	0.108984	0.048020	0.124288	0.006516	0.008235	0.082699	0.040699	0.019032	
0.392548	0.004344	0.039518	0.004150	0.027770	0.037830	0.060397	0.051905	0.102505	0.061816	0.023514	0.007739	0.038708	0.097812	0.049444	
0.260262	0.003689	0.047594	0.000711	0.020425	0.017844	0.062012	0.037054	0.227994	0.041332	0.010121	0.072178	0.029685	0.116481	0.052618	
0.258842	0.006172	0.054883	0.002203	0.030356	0.034829	0.034910	0.038621	0.180192	0.048790	0.020824	0.013169	0.029543	0.159447	0.087219	
0.314061	0.001335	0.026622	0.002291	0.007077	0.015336	0.136232	0.018481	0.257529	0.010158	0.009652	0.132475	0.006444	0.056813	0.005494	
0.305548	0.002703	0.036458	0.001039	0.016656	0.015170	0.079528	0.042472	0.215994	0.043618	0.008277	0.085240	0.028812	0.086563	0.031922	
0.311905	0.002226	0.076670	0.000926	0.010270	0.025762	0.093118	0.022342	0.205275	0.018737	0.006613	0.086895	0.011080	0.104057	0.024124	
