0.036054	0.031293	0.036054	0.040816	0.021769	0.809864	0.024150	
0.033277	0.103866	0.070924	0.045042	0.155630	0.536807	0.054454	
0.051193	0.116569	0.128675	0.022138	0.039087	0.588724	0.053615	
0.026405	0.064320	0.031144	0.038253	0.099865	0.021666	0.718348	
0.144205	0.038073	0.064016	0.049865	0.328167	0.042790	0.332884	
0.037894	0.054326	0.037894	0.037894	0.293763	0.019115	0.519115	
0.440336	0.033277	0.068571	0.040336	0.030924	0.037983	0.348571	
0.136807	0.609748	0.094454	0.035630	0.026218	0.054454	0.042689	
0.144923	0.397935	0.026850	0.089501	0.156971	0.026850	0.156971	
0.294320	0.067814	0.043718	0.366609	0.034079	0.036489	0.156971	
0.368631	0.158841	0.018981	0.361638	0.035298	0.028305	0.028305	
0.029473	0.036755	0.027046	0.582871	0.031900	0.022191	0.269764	
0.025734	0.268228	0.039591	0.522270	0.030353	0.078852	0.034972	
0.023643	0.156510	0.072594	0.524809	0.130869	0.035298	0.056277	
0.096353	0.037805	0.051857	0.562395	0.042489	0.068250	0.140850	
0.019527	0.089072	0.633436	0.036314	0.041110	0.156218	0.024323	
0.026594	0.062393	0.637572	0.062393	0.126833	0.057620	0.026594	
0.105858	0.033916	0.719767	0.045906	0.029120	0.036314	0.029120	
0.040816	0.314626	0.409864	0.024150	0.038435	0.024150	0.147959	
0.064626	0.086054	0.283673	0.047959	0.471769	0.017007	0.028912	
0.055234	0.212751	0.107740	0.036140	0.382203	0.026594	0.179339	
0.204230	0.056172	0.034327	0.065881	0.366852	0.128988	0.143551	
0.175824	0.043613	0.058036	0.062843	0.435440	0.195055	0.029190	
0.501534	0.219911	0.064780	0.026594	0.110126	0.026594	0.050460	
