0.042891	0.026342	0.019250	0.033435	0.023978	0.033435	0.820669	
0.028843	0.126230	0.040719	0.575161	0.180862	0.019342	0.028843	
0.050221	0.031218	0.021717	0.781812	0.038344	0.033593	0.043095	
0.686054	0.181293	0.028912	0.028912	0.033673	0.017007	0.024150	
0.318733	0.160714	0.038073	0.153639	0.233827	0.052224	0.042790	
0.493230	0.106974	0.040623	0.116452	0.180433	0.035884	0.026405	
0.367883	0.026594	0.026594	0.048074	0.415615	0.086260	0.028981	
0.038435	0.283673	0.062245	0.207483	0.021769	0.355102	0.031293	
0.186945	0.450103	0.021873	0.036227	0.045796	0.131921	0.127136	
0.175958	0.046690	0.024739	0.039373	0.036934	0.627178	0.049129	
0.030636	0.107559	0.035298	0.025974	0.037629	0.711289	0.051615	
0.297909	0.056446	0.022300	0.041812	0.056446	0.434495	0.090592	
0.032890	0.160797	0.037542	0.304983	0.121262	0.193355	0.149169	
0.093573	0.345321	0.032967	0.317349	0.021312	0.172827	0.016650	
0.091030	0.037542	0.039867	0.556146	0.042193	0.209635	0.023588	
0.026468	0.028843	0.822192	0.038344	0.035969	0.021717	0.026468	
0.038344	0.021717	0.603665	0.052596	0.233118	0.021717	0.028843	
0.040623	0.045362	0.730196	0.047732	0.026405	0.038253	0.071429	
0.206500	0.045362	0.042993	0.026405	0.128301	0.026405	0.524035	
0.067167	0.188885	0.081487	0.048074	0.494374	0.083873	0.036140	
0.126868	0.126868	0.112270	0.083073	0.321515	0.190129	0.039277	
0.061026	0.184813	0.133842	0.041609	0.539182	0.022191	0.017337	
0.046239	0.041408	0.046239	0.087302	0.686335	0.019669	0.072809	
0.033754	0.250938	0.036140	0.021821	0.475281	0.081487	0.100580	
