0.019250	0.042891	0.026342	0.028707	0.031071	0.823033	0.028707	
0.041012	0.122351	0.131921	0.213260	0.105605	0.356801	0.029050	
0.036314	0.065091	0.038712	0.218568	0.041110	0.400822	0.199383	
0.493197	0.367007	0.024150	0.038435	0.026531	0.021769	0.028912	
0.436955	0.023810	0.035547	0.134138	0.296110	0.028504	0.044936	
0.375337	0.122978	0.049865	0.342318	0.066375	0.021563	0.021563	
0.766295	0.040527	0.066532	0.028707	0.033435	0.035799	0.028707	
0.038344	0.636919	0.062097	0.145232	0.043095	0.043095	0.031218	
0.038619	0.474026	0.347232	0.024265	0.045796	0.052973	0.017088	
0.097671	0.027112	0.567258	0.092805	0.100104	0.022245	0.092805	
0.035547	0.274983	0.587190	0.040241	0.016767	0.026157	0.019115	
0.046576	0.041710	0.041710	0.029545	0.764338	0.041710	0.034411	
0.023643	0.205461	0.051615	0.415251	0.189144	0.088911	0.025974	
0.035053	0.183201	0.069775	0.435516	0.176257	0.030423	0.069775	
0.041997	0.032738	0.051257	0.558201	0.234127	0.041997	0.039683	
0.026594	0.074327	0.017047	0.033754	0.114899	0.033754	0.699625	
0.043613	0.086882	0.026786	0.094093	0.029190	0.149382	0.570055	
0.050824	0.024382	0.060440	0.065247	0.026786	0.029190	0.743132	
0.021666	0.109343	0.400812	0.033514	0.038253	0.033514	0.362898	
0.186218	0.108571	0.021513	0.021513	0.374454	0.028571	0.259160	
0.055102	0.069388	0.197959	0.064626	0.326531	0.028912	0.257483	
0.701549	0.125645	0.041308	0.024441	0.024441	0.034079	0.048537	
0.443988	0.029120	0.081877	0.254539	0.033916	0.029120	0.127441	
0.513467	0.191272	0.133992	0.040914	0.028981	0.019434	0.071940	
