0.033593	0.031218	0.035969	0.016966	0.033593	0.824567	0.024092	
0.047619	0.291118	0.061803	0.158730	0.066532	0.345491	0.028707	
0.057346	0.140482	0.078724	0.057346	0.411266	0.228368	0.026468	
0.380725	0.459672	0.031442	0.033835	0.024265	0.026658	0.043404	
0.508612	0.026342	0.031071	0.239108	0.125633	0.028707	0.040527	
0.214960	0.019205	0.099394	0.389488	0.148922	0.049865	0.078167	
0.713609	0.031144	0.028775	0.028775	0.024035	0.142519	0.031144	
0.050221	0.280624	0.375636	0.102477	0.085850	0.050221	0.054971	
0.041110	0.396026	0.328880	0.055498	0.065091	0.019527	0.093868	
0.036489	0.022031	0.156971	0.029260	0.125645	0.036489	0.593115	
0.035381	0.028371	0.467623	0.030708	0.152203	0.042390	0.243324	
0.051568	0.027178	0.124739	0.363763	0.022300	0.051568	0.358885	
0.028174	0.023533	0.652304	0.039775	0.178986	0.051376	0.025853	
0.026035	0.138184	0.446595	0.175567	0.082109	0.082109	0.049399	
0.047619	0.073624	0.477879	0.163458	0.120905	0.042891	0.073624	
0.024323	0.513532	0.096266	0.031518	0.211374	0.093868	0.029120	
0.019481	0.342447	0.024265	0.062543	0.497949	0.026658	0.026658	
0.040623	0.265741	0.069059	0.028775	0.471903	0.078538	0.045362	
0.021769	0.312245	0.043197	0.026531	0.019388	0.188435	0.388435	
0.060150	0.064935	0.067327	0.557758	0.110390	0.100820	0.038619	
0.029050	0.203691	0.086466	0.442925	0.031442	0.050581	0.155844	
0.380491	0.261847	0.041508	0.162574	0.070564	0.019716	0.063300	
0.124133	0.044036	0.155687	0.272191	0.257628	0.121706	0.024619	
0.417609	0.254539	0.146626	0.024323	0.074683	0.033916	0.048304	
