0.017047	0.021821	0.499148	0.334470	0.036140	0.050460	0.040914	
0.040719	0.026468	0.769936	0.033593	0.059722	0.045470	0.024092	
0.098193	0.017047	0.420389	0.098193	0.064780	0.224685	0.076713	
0.305102	0.021769	0.036054	0.121769	0.047959	0.040816	0.426531	
0.451874	0.158730	0.066532	0.042891	0.227288	0.031071	0.021614	
0.367249	0.038712	0.093868	0.041110	0.141829	0.021925	0.295307	
0.808848	0.047619	0.019250	0.061803	0.021614	0.019250	0.021614	
0.133356	0.066848	0.121479	0.489650	0.088225	0.059722	0.040719	
0.036054	0.043197	0.024150	0.564626	0.031293	0.021769	0.278912	
0.066041	0.044143	0.041710	0.031978	0.596455	0.051442	0.168231	
0.061224	0.035463	0.028438	0.307126	0.449983	0.026096	0.091669	
0.088153	0.102787	0.022300	0.090592	0.619861	0.036934	0.039373	
0.037110	0.018719	0.055501	0.637110	0.200328	0.025616	0.025616	
0.151848	0.067932	0.028305	0.268398	0.338328	0.044622	0.100566	
0.143192	0.051857	0.201740	0.072934	0.438274	0.047173	0.044831	
0.036140	0.045687	0.033754	0.017047	0.048074	0.742584	0.076713	
0.171016	0.038805	0.038805	0.024382	0.031593	0.671016	0.024382	
0.026721	0.127441	0.206578	0.031518	0.057897	0.388832	0.161014	
0.024150	0.028912	0.045578	0.026531	0.088435	0.317007	0.469388	
0.038163	0.113813	0.054711	0.026342	0.362040	0.347855	0.057075	
0.052847	0.043300	0.083873	0.026594	0.172179	0.243778	0.377429	
0.026721	0.611853	0.036314	0.031518	0.045906	0.038712	0.208976	
0.285369	0.331263	0.034161	0.041408	0.125949	0.084886	0.096963	
0.043300	0.401296	0.102966	0.186498	0.067167	0.098193	0.100580	
