0.057758	0.670198	0.017088	0.024265	0.098428	0.093643	0.038619	
0.163805	0.466690	0.134959	0.108516	0.021978	0.024382	0.079670	
0.089501	0.431670	0.118417	0.067814	0.065404	0.140103	0.087091	
0.269388	0.069388	0.067007	0.081293	0.102721	0.024150	0.386054	
0.040431	0.030997	0.111186	0.028639	0.042790	0.245620	0.500337	
0.101062	0.021925	0.345666	0.065091	0.120247	0.024323	0.321686	
0.033277	0.028571	0.026218	0.026218	0.125042	0.550924	0.209748	
0.255102	0.140816	0.121769	0.081293	0.312245	0.059864	0.028912	
0.519481	0.043404	0.036227	0.031442	0.263500	0.084074	0.021873	
0.044359	0.056584	0.095704	0.022354	0.418442	0.340203	0.022354	
0.358648	0.037805	0.030780	0.040147	0.482770	0.021412	0.028438	
0.099118	0.071958	0.067019	0.034921	0.350970	0.267019	0.108995	
0.053696	0.306596	0.072257	0.053696	0.329798	0.144183	0.039775	
0.098235	0.203130	0.137862	0.058608	0.436230	0.037629	0.028305	
0.032738	0.076720	0.157738	0.039683	0.437831	0.215608	0.039683	
0.048074	0.045687	0.031367	0.785544	0.021821	0.026594	0.040914	
0.057897	0.026721	0.060295	0.580678	0.024323	0.024323	0.225762	
0.069887	0.340870	0.031518	0.477561	0.019527	0.033916	0.026721	
0.520726	0.053100	0.024323	0.113052	0.026721	0.089072	0.173004	
0.074863	0.171016	0.279190	0.053228	0.050824	0.110920	0.259959	
0.054841	0.026405	0.495599	0.234936	0.033514	0.123561	0.031144	
0.109570	0.024619	0.048890	0.092580	0.024619	0.531900	0.167822	
0.103959	0.058176	0.325645	0.038898	0.043718	0.200344	0.229260	
0.414802	0.050947	0.062995	0.060585	0.062995	0.241308	0.106368	
