0.174983	0.019481	0.514696	0.045796	0.019481	0.194122	0.031442	
0.038344	0.045470	0.484900	0.309128	0.038344	0.043095	0.040719	
0.080640	0.039277	0.523462	0.180396	0.034411	0.092805	0.049009	
0.343268	0.017129	0.024323	0.177801	0.055498	0.038712	0.343268	
0.033514	0.090386	0.114083	0.047732	0.197021	0.088016	0.429248	
0.218045	0.033835	0.067327	0.048189	0.320916	0.036227	0.275461	
0.037983	0.037983	0.021513	0.035630	0.042689	0.037983	0.786218	
0.149742	0.294320	0.106368	0.200344	0.060585	0.072633	0.116007	
0.099620	0.242477	0.017295	0.114147	0.051193	0.194051	0.281218	
0.263121	0.489399	0.041710	0.053876	0.034411	0.058742	0.058742	
0.159960	0.481556	0.026157	0.023810	0.044936	0.061368	0.202213	
0.384212	0.398882	0.019909	0.037024	0.027244	0.059029	0.073699	
0.025616	0.044007	0.041708	0.025616	0.048604	0.784236	0.030213	
0.032738	0.143849	0.028108	0.123016	0.206349	0.421627	0.044312	
0.037805	0.243894	0.119772	0.122114	0.028438	0.351623	0.096353	
0.050824	0.026786	0.096497	0.613324	0.043613	0.151786	0.017170	
0.041110	0.017129	0.021925	0.690990	0.113052	0.031518	0.084275	
0.201299	0.017088	0.225222	0.313739	0.031442	0.067327	0.143882	
0.508778	0.046127	0.053356	0.303959	0.024441	0.024441	0.038898	
0.033673	0.128912	0.100340	0.300340	0.243197	0.136054	0.057483	
0.185440	0.303228	0.062843	0.209478	0.185440	0.033997	0.019574	
0.113373	0.071604	0.113373	0.049491	0.513865	0.096174	0.042120	
0.053100	0.038712	0.060295	0.050702	0.583076	0.062693	0.151422	
0.106721	0.045255	0.049983	0.255657	0.217832	0.035799	0.288754	
