0.560963	0.001774	0.016324	0.000772	0.032970	0.058728	0.041535	0.092657	0.020573	0.095475	0.003381	0.007681	0.049176	0.013679	0.004312	
0.529795	0.002181	0.041579	0.003935	0.025357	0.023200	0.062650	0.084443	0.023439	0.076865	0.020261	0.007941	0.045676	0.037744	0.014937	
0.522325	0.002504	0.027521	0.001492	0.031261	0.055091	0.046387	0.089775	0.030965	0.092226	0.007789	0.010931	0.054969	0.020159	0.006606	
0.568199	0.002194	0.038229	0.008123	0.009658	0.083165	0.127959	0.037908	0.020320	0.015375	0.041766	0.006492	0.022456	0.013342	0.004814	
0.382624	0.001406	0.081766	0.007298	0.019505	0.010974	0.112953	0.031183	0.147566	0.010915	0.037559	0.060612	0.020988	0.065012	0.009639	
0.488885	0.002720	0.062101	0.007982	0.013638	0.031589	0.112920	0.049139	0.046656	0.028120	0.041151	0.017627	0.030459	0.049983	0.017028	
0.281365	0.001174	0.090932	0.002681	0.032071	0.016571	0.078888	0.027751	0.229207	0.022198	0.013913	0.095058	0.021918	0.080659	0.005612	
0.286372	0.008587	0.159884	0.002461	0.007332	0.014924	0.064933	0.024218	0.073385	0.018755	0.016773	0.022028	0.023346	0.195105	0.081898	
0.249496	0.009034	0.174077	0.001044	0.007049	0.024801	0.056229	0.014182	0.097840	0.012714	0.010688	0.030308	0.020704	0.206545	0.085289	
0.349382	0.001927	0.138505	0.001841	0.013331	0.025194	0.039663	0.026860	0.189095	0.023667	0.020188	0.060004	0.038386	0.056436	0.015522	
0.330435	0.001873	0.167302	0.000740	0.006613	0.040061	0.026817	0.008919	0.221503	0.008031	0.019186	0.065779	0.036747	0.050725	0.015268	
0.336185	0.001033	0.174167	0.001249	0.005587	0.022656	0.019134	0.014481	0.232641	0.012353	0.023760	0.067256	0.043410	0.036029	0.010056	
0.424262	0.002895	0.094068	0.000734	0.023859	0.013096	0.024859	0.070622	0.094163	0.072713	0.009234	0.028719	0.049856	0.065798	0.025121	
0.453220	0.003321	0.083581	0.002105	0.018580	0.046727	0.054004	0.053171	0.074639	0.050006	0.014853	0.022743	0.037638	0.061441	0.023970	
0.478386	0.000954	0.079735	0.002219	0.022229	0.017369	0.033882	0.070997	0.100519	0.068179	0.017876	0.029727	0.051029	0.020740	0.006160	
0.469130	0.003930	0.029741	0.000554	0.038598	0.027230	0.023837	0.117556	0.021107	0.127798	0.002495	0.007705	0.078780	0.037078	0.014463	
0.476670	0.003899	0.030571	0.001658	0.036372	0.021526	0.033331	0.115755	0.013921	0.122209	0.007894	0.005148	0.076524	0.038793	0.015729	
0.493527	0.003311	0.018333	0.000783	0.039655	0.032561	0.025602	0.121093	0.017672	0.130922	0.003462	0.006614	0.080591	0.019033	0.006840	
0.391805	0.006253	0.082838	0.000740	0.022931	0.058813	0.053689	0.057398	0.050593	0.061285	0.004790	0.017684	0.041813	0.106760	0.042607	
0.285329	0.003858	0.095172	0.000634	0.032731	0.016203	0.057214	0.044434	0.164630	0.046243	0.002546	0.069047	0.028654	0.122092	0.031215	
0.370223	0.004452	0.090550	0.004589	0.020348	0.017957	0.084582	0.047482	0.090665	0.037781	0.023790	0.036159	0.032741	0.104079	0.034601	
0.257748	0.001605	0.099482	0.000913	0.031363	0.043186	0.073919	0.012029	0.250672	0.010871	0.005641	0.102656	0.014375	0.088247	0.007294	
0.317951	0.001594	0.083581	0.002778	0.031448	0.015280	0.071544	0.042187	0.191437	0.037760	0.014790	0.078423	0.031657	0.072037	0.007533	
0.391762	0.002645	0.060888	0.000937	0.026738	0.099575	0.082023	0.022184	0.146891	0.021838	0.004651	0.060370	0.017333	0.056031	0.006133	
