0.725265	0.001106	0.019221	0.000792	0.069064	0.006722	0.024484	0.029558	0.022338	0.053417	0.003853	0.014750	0.008668	0.016231	0.004531	
0.504856	0.003944	0.048717	0.000642	0.022020	0.010282	0.013372	0.123476	0.050784	0.108304	0.015197	0.022701	0.030670	0.037769	0.007267	
0.520550	0.002831	0.057183	0.001093	0.014248	0.013968	0.020448	0.122255	0.050330	0.102204	0.013176	0.020507	0.025642	0.031085	0.004478	
0.340801	0.000848	0.055142	0.007308	0.007439	0.070166	0.132397	0.020387	0.189781	0.015417	0.020533	0.062454	0.014933	0.055939	0.006455	
0.263210	0.006875	0.070952	0.005019	0.033932	0.049143	0.090925	0.029175	0.190212	0.024747	0.032055	0.072825	0.042890	0.081136	0.006902	
0.422678	0.000925	0.071049	0.004930	0.007312	0.049308	0.091671	0.051821	0.132168	0.039114	0.015434	0.043630	0.017648	0.046584	0.005728	
0.501357	0.001383	0.029684	0.004620	0.041958	0.044173	0.088419	0.015915	0.125413	0.028981	0.014675	0.045644	0.009744	0.043867	0.004167	
0.324836	0.001513	0.134127	0.000674	0.011310	0.037069	0.050859	0.069223	0.093540	0.061617	0.006601	0.025262	0.015122	0.145256	0.022991	
0.248896	0.001064	0.172627	0.000772	0.020099	0.049017	0.070923	0.019575	0.120718	0.023646	0.003867	0.031141	0.009585	0.198194	0.029874	
0.409081	0.003905	0.131689	0.001256	0.035128	0.025291	0.046175	0.029054	0.094930	0.025302	0.013106	0.035025	0.036656	0.096276	0.017126	
0.245051	0.001492	0.189314	0.001654	0.008831	0.049903	0.076612	0.022201	0.130329	0.012557	0.007371	0.035598	0.020002	0.173364	0.025719	
0.256827	0.014449	0.100885	0.000999	0.085447	0.010735	0.021769	0.017981	0.160788	0.021602	0.042555	0.077944	0.076937	0.105907	0.005173	
0.495461	0.001894	0.173817	0.000862	0.014928	0.018356	0.035137	0.044057	0.057981	0.019379	0.006638	0.019353	0.034888	0.066738	0.010510	
0.451899	0.003281	0.173316	0.000758	0.015686	0.016867	0.031915	0.049931	0.067238	0.024351	0.010495	0.024387	0.044694	0.071549	0.013632	
0.445208	0.006449	0.151433	0.000688	0.030791	0.008526	0.018808	0.056712	0.077077	0.031016	0.019714	0.035161	0.056555	0.055552	0.006308	
0.452180	0.003566	0.033712	0.000563	0.018969	0.005163	0.027109	0.087134	0.043349	0.103504	0.010641	0.019828	0.091724	0.030108	0.072449	
0.539303	0.000832	0.020273	0.000643	0.008695	0.006906	0.025608	0.109485	0.018776	0.119020	0.004181	0.007364	0.065938	0.013483	0.059493	
0.496522	0.001590	0.037599	0.000630	0.008287	0.005637	0.029595	0.091654	0.025984	0.105377	0.005145	0.010643	0.087814	0.017983	0.075540	
0.537813	0.001030	0.054960	0.000691	0.023628	0.011091	0.033389	0.065761	0.032900	0.079098	0.003549	0.012370	0.056299	0.036943	0.050476	
0.256636	0.008164	0.076031	0.003496	0.039405	0.035421	0.069565	0.033886	0.166789	0.036032	0.031319	0.067128	0.065880	0.085340	0.024908	
0.303737	0.009372	0.076041	0.001574	0.049806	0.017308	0.037140	0.048260	0.129291	0.052990	0.029974	0.057553	0.076038	0.081423	0.029492	
0.343585	0.001052	0.034897	0.007263	0.017643	0.071012	0.133422	0.014242	0.193455	0.018750	0.020898	0.064557	0.009849	0.062944	0.006430	
0.450472	0.000946	0.046043	0.003830	0.006496	0.039220	0.072599	0.080359	0.103693	0.071567	0.013388	0.034447	0.023523	0.038686	0.014731	
0.295286	0.000734	0.061198	0.007007	0.004747	0.073372	0.133942	0.023490	0.194762	0.020450	0.019592	0.062170	0.013038	0.079005	0.011207	
