0.035799	0.026342	0.045255	0.031071	0.026342	0.019250	0.815941	
0.031293	0.469388	0.102721	0.117007	0.124150	0.057483	0.097959	
0.055498	0.609455	0.036314	0.122645	0.072285	0.053100	0.050702	
0.326531	0.045578	0.055102	0.193197	0.026531	0.324150	0.028912	
0.434913	0.103138	0.028371	0.037717	0.231642	0.128838	0.035381	
0.297507	0.174865	0.030997	0.193733	0.035714	0.243261	0.023922	
0.828571	0.026218	0.030924	0.026218	0.023866	0.028571	0.035630	
0.026468	0.261622	0.496776	0.038344	0.071598	0.054971	0.050221	
0.033835	0.050581	0.758715	0.033835	0.060150	0.031442	0.031442	
0.167416	0.043929	0.269111	0.247319	0.191629	0.022138	0.058457	
0.091885	0.021462	0.533199	0.185781	0.026157	0.110664	0.030852	
0.053876	0.022245	0.051442	0.041710	0.781369	0.024678	0.024678	
0.035216	0.028239	0.239867	0.567774	0.046844	0.042193	0.039867	
0.039867	0.067774	0.123588	0.377076	0.123588	0.239867	0.028239	
0.035053	0.141534	0.032738	0.470238	0.257275	0.037368	0.025794	
0.033593	0.047845	0.035969	0.035969	0.104852	0.275874	0.465898	
0.026786	0.199863	0.026786	0.031593	0.024382	0.195055	0.495536	
0.031293	0.043197	0.040816	0.090816	0.069388	0.209864	0.514626	
0.024035	0.045362	0.329722	0.128301	0.045362	0.042993	0.384225	
0.122689	0.028571	0.049748	0.030924	0.193277	0.527395	0.047395	
0.115174	0.072112	0.081681	0.045796	0.213260	0.342447	0.129528	
0.602754	0.022031	0.043718	0.031670	0.029260	0.236489	0.034079	
0.198413	0.381988	0.038992	0.092133	0.022084	0.239476	0.026915	
0.377429	0.076713	0.184112	0.060007	0.026594	0.248551	0.026594	
