0.569606	0.000986	0.033747	0.000653	0.036619	0.058241	0.065674	0.021825	0.019445	0.073764	0.003033	0.012564	0.079441	0.014207	0.010195	
0.474059	0.002826	0.070145	0.000977	0.022614	0.042928	0.050483	0.105544	0.018449	0.087856	0.006166	0.025706	0.038397	0.010512	0.043338	
0.431506	0.005598	0.132084	0.000801	0.030933	0.037624	0.044745	0.068840	0.040287	0.091785	0.008278	0.041173	0.041221	0.017883	0.007240	
0.459009	0.000814	0.066756	0.008903	0.011759	0.059136	0.162551	0.033421	0.047612	0.014538	0.040694	0.037328	0.038993	0.013044	0.005441	
0.413584	0.000977	0.072157	0.009800	0.015104	0.008715	0.122612	0.040330	0.117927	0.013798	0.044888	0.069562	0.036679	0.029456	0.004411	
0.406693	0.001467	0.080599	0.012538	0.005718	0.007725	0.150103	0.047929	0.079067	0.012252	0.058715	0.052423	0.044738	0.032266	0.007767	
0.396196	0.001269	0.064647	0.004635	0.018722	0.034318	0.090020	0.053882	0.135551	0.021793	0.022131	0.059878	0.020483	0.053736	0.022740	
0.426128	0.002292	0.081648	0.000919	0.018211	0.133254	0.148684	0.014587	0.059324	0.013793	0.007117	0.010395	0.015629	0.057309	0.010709	
0.316921	0.004450	0.108222	0.001038	0.015707	0.082709	0.096754	0.017528	0.136254	0.013677	0.012746	0.014757	0.021777	0.139087	0.018372	
0.190384	0.007183	0.138831	0.001398	0.011177	0.012287	0.025436	0.038031	0.214424	0.023883	0.020572	0.017516	0.031837	0.231849	0.035192	
0.214870	0.007091	0.142658	0.000701	0.013713	0.034979	0.041646	0.029096	0.193792	0.023891	0.016490	0.016420	0.027751	0.210100	0.026802	
0.302428	0.004411	0.109328	0.005925	0.010147	0.014301	0.080263	0.046337	0.145089	0.022832	0.034819	0.034303	0.036148	0.130129	0.023539	
0.405434	0.006096	0.140169	0.000672	0.027132	0.049717	0.055253	0.065934	0.041412	0.084328	0.009064	0.031914	0.036603	0.036754	0.009517	
0.391488	0.006670	0.144943	0.001164	0.028496	0.025447	0.035196	0.060881	0.057038	0.089610	0.012698	0.032058	0.049690	0.057015	0.007606	
0.410924	0.006842	0.152300	0.001282	0.029346	0.023466	0.033928	0.080297	0.030742	0.103618	0.012120	0.039366	0.044926	0.022808	0.008036	
0.604150	0.000732	0.014736	0.000695	0.042970	0.007126	0.011788	0.036587	0.022702	0.101844	0.002847	0.017382	0.106299	0.012548	0.017593	
0.620101	0.000865	0.016853	0.000806	0.046521	0.007086	0.013365	0.016238	0.019311	0.102355	0.003635	0.014318	0.118053	0.014066	0.006426	
0.519285	0.000873	0.019148	0.000831	0.022653	0.017746	0.021442	0.128107	0.017092	0.098202	0.003516	0.019917	0.053264	0.010906	0.067017	
0.426442	0.001464	0.030316	0.000726	0.007494	0.020837	0.021738	0.189055	0.037373	0.090110	0.004298	0.023501	0.012573	0.031875	0.102197	
0.342616	0.003069	0.089437	0.004217	0.019739	0.011992	0.061285	0.045250	0.166301	0.026965	0.023783	0.056865	0.029861	0.098952	0.019669	
0.216236	0.006698	0.125641	0.000835	0.012172	0.007800	0.013557	0.054876	0.198806	0.035609	0.016921	0.016697	0.033659	0.216408	0.044085	
0.357643	0.001013	0.063706	0.001015	0.036421	0.007799	0.027761	0.022156	0.261345	0.012405	0.004838	0.105366	0.009555	0.082220	0.006757	
0.348722	0.001554	0.070694	0.001082	0.033801	0.010434	0.029957	0.027586	0.247938	0.015844	0.006169	0.096692	0.010786	0.088605	0.010136	
0.413400	0.000924	0.057629	0.000619	0.027928	0.065666	0.079023	0.035593	0.153312	0.020354	0.002894	0.061914	0.010300	0.052829	0.017616	
