0.031518	0.026721	0.794108	0.026721	0.019527	0.045906	0.055498	
0.031442	0.294600	0.206083	0.222830	0.031442	0.172591	0.041012	
0.041308	0.395525	0.260585	0.120826	0.029260	0.125645	0.026850	
0.100820	0.041012	0.041012	0.251538	0.363978	0.038619	0.163021	
0.026594	0.148312	0.036140	0.024207	0.458575	0.141152	0.165019	
0.048420	0.192651	0.096497	0.132555	0.445055	0.050824	0.033997	
0.179160	0.139160	0.068571	0.070924	0.202689	0.033277	0.306218	
0.308599	0.136269	0.039182	0.335298	0.080444	0.065881	0.034327	
0.254007	0.078397	0.041812	0.371080	0.124739	0.105226	0.024739	
0.536934	0.032056	0.117422	0.039373	0.095470	0.073519	0.105226	
0.562395	0.033121	0.094011	0.152559	0.042489	0.049515	0.065908	
0.488211	0.022191	0.031900	0.051318	0.087725	0.279473	0.039182	
0.084249	0.133200	0.065601	0.210123	0.098235	0.389610	0.018981	
0.042489	0.044831	0.068250	0.105721	0.077618	0.581131	0.079960	
0.042489	0.145534	0.091669	0.023754	0.091669	0.569421	0.035463	
0.019574	0.122940	0.031593	0.125343	0.055632	0.029190	0.615728	
0.022031	0.099139	0.026850	0.241308	0.026850	0.031670	0.552151	
0.026980	0.181944	0.208578	0.058457	0.039087	0.041508	0.443445	
0.275287	0.027112	0.224192	0.134168	0.029545	0.039277	0.270421	
0.036314	0.208976	0.024323	0.081877	0.384036	0.093868	0.170606	
0.276375	0.116569	0.048772	0.080249	0.215842	0.094777	0.167416	
0.079862	0.296730	0.026850	0.099139	0.299139	0.038898	0.159380	
0.050702	0.367249	0.031518	0.072285	0.252141	0.120247	0.105858	
0.121118	0.019669	0.087302	0.273292	0.336094	0.034161	0.128364	
