0.036140	0.040914	0.021821	0.050460	0.038527	0.076713	0.735424	
0.078912	0.043197	0.169388	0.245578	0.033673	0.019388	0.409864	
0.043095	0.028843	0.097727	0.159484	0.031218	0.024092	0.615541	
0.659864	0.031293	0.205102	0.026531	0.031293	0.021769	0.024150	
0.354111	0.252695	0.023922	0.163073	0.087601	0.064016	0.054582	
0.409864	0.100340	0.090816	0.255102	0.033673	0.081293	0.028912	
0.503884	0.217832	0.047619	0.026342	0.099629	0.052347	0.052347	
0.038344	0.021717	0.197489	0.157109	0.024092	0.525280	0.035969	
0.069388	0.019388	0.217007	0.026531	0.031293	0.607483	0.028912	
0.089934	0.092356	0.041508	0.063300	0.068143	0.610515	0.034244	
0.054326	0.030852	0.124748	0.075453	0.162307	0.483903	0.068410	
0.240638	0.075589	0.029473	0.192094	0.024619	0.398405	0.039182	
0.025616	0.032512	0.094581	0.464696	0.037110	0.184236	0.161248	
0.049631	0.028504	0.087190	0.566063	0.028504	0.209256	0.030852	
0.084053	0.056146	0.030565	0.698007	0.039867	0.035216	0.056146	
0.024500	0.026915	0.094548	0.026915	0.667012	0.031746	0.128364	
0.031593	0.021978	0.127747	0.086882	0.683036	0.021978	0.026786	
0.067167	0.031367	0.024207	0.024207	0.795090	0.026594	0.031367	
0.042993	0.045362	0.346310	0.033514	0.287068	0.140149	0.104604	
0.031071	0.520432	0.040527	0.045255	0.156366	0.104357	0.101993	
0.116569	0.143203	0.116569	0.172259	0.203736	0.201314	0.046351	
0.034079	0.595525	0.236489	0.043718	0.029260	0.022031	0.038898	
0.071940	0.432322	0.024207	0.262871	0.126833	0.045687	0.036140	
0.131921	0.421394	0.110390	0.033835	0.208476	0.055366	0.038619	
