0.031367	0.028981	0.028981	0.811797	0.028981	0.024207	0.045687	
0.050340	0.057483	0.055102	0.278912	0.050340	0.374150	0.133673	
0.050702	0.033916	0.050702	0.336074	0.065091	0.223364	0.240151	
0.821769	0.026531	0.028912	0.031293	0.036054	0.024150	0.031293	
0.230743	0.083475	0.069223	0.043095	0.292501	0.247370	0.033593	
0.531293	0.102721	0.028912	0.038435	0.055102	0.128912	0.114626	
0.075988	0.019250	0.073624	0.035799	0.702465	0.031071	0.061803	
0.033277	0.769748	0.059160	0.047395	0.030924	0.033277	0.026218	
0.036054	0.045578	0.609864	0.183673	0.050340	0.026531	0.047959	
0.155142	0.091260	0.479466	0.042120	0.034749	0.160056	0.037206	
0.039960	0.226440	0.597070	0.035298	0.044622	0.028305	0.028305	
0.034579	0.526022	0.247293	0.039469	0.051694	0.076144	0.024799	
0.051138	0.037281	0.224348	0.125041	0.085780	0.413725	0.062686	
0.105969	0.047284	0.105969	0.063716	0.030852	0.598927	0.047284	
0.063418	0.126502	0.044726	0.040053	0.049399	0.647530	0.028371	
0.096730	0.031670	0.024441	0.053356	0.022031	0.038898	0.732874	
0.026721	0.029120	0.026721	0.036314	0.041110	0.024323	0.815690	
0.029050	0.033835	0.055366	0.098428	0.148667	0.024265	0.610390	
0.033673	0.026531	0.338435	0.140816	0.057483	0.021769	0.381293	
0.336054	0.036054	0.059864	0.050340	0.255102	0.107483	0.155102	
0.287423	0.146275	0.131921	0.062543	0.129528	0.067327	0.174983	
0.160541	0.041609	0.063454	0.046463	0.595007	0.036755	0.056172	
0.029120	0.230558	0.026721	0.033916	0.477561	0.026721	0.175403	
0.315377	0.043300	0.098193	0.055234	0.413229	0.028981	0.045687	
