0.430013	0.007962	0.027853	0.000638	0.071614	0.027279	0.016608	0.145814	0.026673	0.148784	0.006775	0.014364	0.013584	0.046006	0.016032	
0.459623	0.006234	0.029679	0.000787	0.057141	0.029502	0.037126	0.121012	0.041911	0.123014	0.007002	0.016438	0.012207	0.049329	0.008995	
0.465710	0.006989	0.023014	0.000796	0.065779	0.028338	0.028542	0.140019	0.028856	0.143200	0.007734	0.010860	0.009442	0.035286	0.005437	
0.547218	0.000962	0.087183	0.011598	0.005504	0.043166	0.103854	0.025512	0.024122	0.012220	0.074888	0.006576	0.009397	0.042378	0.005420	
0.405346	0.001726	0.079286	0.006547	0.010499	0.037244	0.103045	0.033679	0.139289	0.023125	0.041863	0.044915	0.023515	0.037694	0.012227	
0.451328	0.001348	0.069161	0.007900	0.008045	0.040943	0.115579	0.026462	0.114421	0.013906	0.050664	0.037409	0.010331	0.043527	0.008978	
0.366696	0.002231	0.050065	0.006068	0.012386	0.041042	0.126042	0.025080	0.171422	0.010716	0.038563	0.062545	0.006188	0.059604	0.021350	
0.509714	0.001089	0.116482	0.000817	0.007665	0.036488	0.066446	0.012566	0.073945	0.011668	0.003939	0.020071	0.026200	0.105711	0.007199	
0.435034	0.002823	0.122279	0.001989	0.016597	0.037559	0.057991	0.014812	0.076414	0.009998	0.011595	0.030638	0.025340	0.127126	0.029803	
0.300052	0.003802	0.182938	0.003774	0.021333	0.033035	0.034825	0.023120	0.132904	0.016019	0.023470	0.045558	0.051353	0.086999	0.040819	
0.338225	0.002734	0.185713	0.001041	0.015748	0.032248	0.036320	0.014761	0.142959	0.011672	0.005452	0.042808	0.051368	0.090842	0.028109	
0.351665	0.000994	0.230559	0.004026	0.005525	0.030168	0.037621	0.014882	0.162872	0.011553	0.025170	0.033325	0.066909	0.018762	0.005970	
0.400999	0.001522	0.178765	0.000676	0.011801	0.030273	0.040431	0.024971	0.138327	0.025434	0.003469	0.031054	0.053142	0.053889	0.005246	
0.332975	0.002735	0.177109	0.001201	0.016209	0.031557	0.039526	0.020100	0.150174	0.016963	0.006603	0.044872	0.052253	0.081283	0.026439	
0.334015	0.001396	0.168840	0.000992	0.009490	0.028615	0.054403	0.027756	0.196398	0.026240	0.005429	0.049980	0.059774	0.030023	0.006650	
0.499462	0.002455	0.026628	0.000953	0.018796	0.015232	0.023246	0.107362	0.028688	0.117516	0.005558	0.012543	0.092084	0.039395	0.010081	
0.511973	0.000951	0.018337	0.000704	0.006004	0.011909	0.031094	0.101790	0.045923	0.113914	0.003284	0.015518	0.109557	0.025437	0.003604	
0.433578	0.003009	0.024412	0.000754	0.016888	0.015027	0.023630	0.095845	0.049107	0.103697	0.003518	0.028945	0.099920	0.070834	0.030834	
0.347330	0.006206	0.061491	0.002710	0.035175	0.031792	0.033656	0.054907	0.039516	0.049248	0.016364	0.043186	0.042713	0.165024	0.070682	
0.198823	0.009501	0.079319	0.001188	0.054656	0.037801	0.027016	0.041520	0.080860	0.029199	0.006504	0.072533	0.019144	0.233114	0.108821	
0.342142	0.005168	0.067243	0.003355	0.028302	0.035331	0.058590	0.038912	0.080233	0.030245	0.020483	0.050931	0.031064	0.147289	0.060712	
0.369333	0.001809	0.043532	0.002881	0.011515	0.039116	0.126530	0.025361	0.198540	0.014802	0.017765	0.067613	0.007158	0.061047	0.012999	
0.311996	0.001897	0.019690	0.000974	0.013004	0.036478	0.138222	0.034794	0.260718	0.024972	0.005442	0.087360	0.009985	0.043897	0.010571	
0.306516	0.003402	0.059331	0.000742	0.019413	0.038268	0.103428	0.020726	0.197578	0.010763	0.003492	0.076783	0.012490	0.110703	0.036362	
