0.028707	0.023978	0.028707	0.023978	0.016886	0.849037	0.028707	
0.031593	0.250343	0.046016	0.481113	0.031593	0.072459	0.086882	
0.084478	0.190247	0.055632	0.582074	0.019574	0.043613	0.024382	
0.031442	0.299385	0.155844	0.186945	0.076897	0.069720	0.179768	
0.255007	0.140521	0.098465	0.252670	0.058745	0.035381	0.159212	
0.124150	0.169388	0.036054	0.362245	0.171769	0.069388	0.067007	
0.694454	0.122689	0.035630	0.033277	0.019160	0.070924	0.023866	
0.191827	0.499156	0.151638	0.040527	0.026342	0.031071	0.059439	
0.036227	0.605605	0.155844	0.026658	0.052973	0.093643	0.029050	
0.041710	0.039277	0.637817	0.034411	0.073340	0.109837	0.063608	
0.047507	0.181941	0.568733	0.038073	0.066375	0.054582	0.042790	
0.117709	0.044359	0.655606	0.024799	0.044359	0.088369	0.024799	
0.216611	0.281728	0.021262	0.270100	0.044518	0.130565	0.035216	
0.053946	0.235764	0.079587	0.478188	0.088911	0.035298	0.028305	
0.044726	0.040053	0.369493	0.446595	0.037717	0.033044	0.028371	
0.033835	0.031442	0.052973	0.031442	0.041012	0.029050	0.780246	
0.094093	0.199863	0.021978	0.084478	0.053228	0.043613	0.502747	
0.048537	0.017212	0.089501	0.038898	0.031670	0.132874	0.641308	
0.024265	0.024265	0.045796	0.021873	0.048189	0.131921	0.703691	
0.031293	0.236054	0.240816	0.033673	0.362245	0.043197	0.052721	
0.036314	0.211374	0.295307	0.041110	0.220966	0.041110	0.153820	
0.417822	0.192094	0.041609	0.024619	0.240638	0.051318	0.031900	
0.316770	0.038992	0.053485	0.048654	0.439959	0.065562	0.036577	
0.219093	0.447459	0.108516	0.048420	0.091690	0.026786	0.058036	
