0.024265	0.215653	0.029050	0.076897	0.196514	0.036227	0.421394	
0.067167	0.112513	0.026594	0.157859	0.040914	0.379816	0.215138	
0.033916	0.060295	0.026721	0.038712	0.021925	0.285714	0.532717	
0.557483	0.162245	0.081293	0.095578	0.024150	0.040816	0.038435	
0.570758	0.037894	0.188129	0.028504	0.021462	0.120054	0.033199	
0.494401	0.062097	0.168985	0.031218	0.033593	0.185612	0.024092	
0.628571	0.033277	0.045042	0.026218	0.221513	0.023866	0.021513	
0.031293	0.221769	0.176531	0.209864	0.140816	0.162245	0.057483	
0.051070	0.452036	0.147688	0.183920	0.113872	0.022084	0.029331	
0.044143	0.022245	0.117136	0.338547	0.409107	0.024678	0.044143	
0.019070	0.030780	0.190030	0.281365	0.428906	0.026096	0.023754	
0.178833	0.095704	0.169053	0.230178	0.261963	0.029689	0.034579	
0.028239	0.174751	0.042193	0.637542	0.039867	0.049169	0.028239	
0.039867	0.035216	0.046844	0.642193	0.018937	0.191030	0.025914	
0.135848	0.054072	0.070427	0.547063	0.035381	0.112483	0.044726	
0.031518	0.036314	0.074683	0.045906	0.041110	0.029120	0.741350	
0.021978	0.029190	0.019574	0.021978	0.036401	0.257555	0.613324	
0.033916	0.060295	0.031518	0.024323	0.182597	0.036314	0.631038	
0.116007	0.183477	0.038898	0.031670	0.441308	0.043718	0.144923	
0.102966	0.088646	0.589840	0.057620	0.024207	0.040914	0.095806	
0.040914	0.031367	0.389362	0.038527	0.203205	0.145926	0.150699	
0.075589	0.184813	0.378988	0.044036	0.260055	0.029473	0.027046	
0.033916	0.033916	0.503940	0.019527	0.026721	0.345666	0.036314	
0.033997	0.356113	0.262363	0.036401	0.252747	0.019574	0.038805	
