0.045796	0.021873	0.021873	0.084074	0.313739	0.084074	0.428571	
0.050947	0.154561	0.084682	0.053356	0.038898	0.328055	0.289501	
0.069887	0.101062	0.024323	0.024323	0.031518	0.108256	0.640630	
0.535115	0.223364	0.048304	0.072285	0.081877	0.019527	0.019527	
0.409321	0.033435	0.208376	0.087808	0.026342	0.123269	0.111449	
0.362898	0.104604	0.149628	0.066689	0.026405	0.251523	0.038253	
0.423866	0.026218	0.320336	0.026218	0.153277	0.023866	0.026218	
0.038527	0.253324	0.043300	0.458575	0.033754	0.129219	0.043300	
0.103959	0.171429	0.079862	0.390706	0.202754	0.026850	0.024441	
0.044143	0.031978	0.056309	0.450469	0.353146	0.029545	0.034411	
0.026035	0.033044	0.079773	0.453605	0.348465	0.026035	0.033044	
0.252183	0.027244	0.142159	0.298638	0.220398	0.037024	0.022354	
0.021262	0.046844	0.028239	0.502658	0.018937	0.346844	0.035216	
0.044518	0.035216	0.044518	0.307309	0.030565	0.446844	0.091030	
0.037805	0.037805	0.140850	0.241552	0.023754	0.480428	0.037805	
0.026721	0.343268	0.041110	0.033916	0.021925	0.055498	0.477561	
0.043613	0.192651	0.021978	0.021978	0.029190	0.120536	0.570055	
0.029050	0.141490	0.072112	0.024265	0.239576	0.031442	0.462064	
0.121769	0.155102	0.052721	0.019388	0.607483	0.019388	0.024150	
0.024207	0.186498	0.580293	0.028981	0.033754	0.024207	0.122059	
0.081487	0.179339	0.360723	0.045687	0.215138	0.095806	0.021821	
0.068143	0.116569	0.508820	0.024559	0.206157	0.056036	0.019716	
0.026850	0.038898	0.501549	0.034079	0.043718	0.294320	0.060585	
0.026915	0.316770	0.270876	0.026915	0.159765	0.022084	0.176674	
