0.663781	0.001195	0.019772	0.000751	0.027874	0.012700	0.041092	0.062631	0.028089	0.091800	0.003753	0.012961	0.008875	0.019283	0.005442	
0.526114	0.008446	0.043395	0.000804	0.023390	0.009716	0.055338	0.132473	0.033939	0.089808	0.019580	0.017904	0.018451	0.014509	0.006133	
0.449321	0.013541	0.029875	0.001075	0.016241	0.010684	0.067043	0.184016	0.029242	0.098865	0.030363	0.012924	0.027097	0.014009	0.015704	
0.517912	0.001008	0.014043	0.012691	0.009101	0.089345	0.134926	0.012083	0.098600	0.010142	0.039350	0.038927	0.006989	0.011037	0.003848	
0.411608	0.003418	0.078755	0.005613	0.021189	0.041270	0.097939	0.044437	0.123604	0.026497	0.025444	0.057814	0.028135	0.028636	0.005642	
0.440621	0.009101	0.030683	0.006219	0.008799	0.047703	0.104516	0.116234	0.075788	0.050606	0.036347	0.027324	0.010247	0.029843	0.005968	
0.479516	0.002124	0.027396	0.008458	0.013967	0.061106	0.113385	0.030783	0.106216	0.029383	0.029573	0.044447	0.021168	0.020787	0.011692	
0.282210	0.004291	0.114743	0.001353	0.008600	0.046978	0.044921	0.059975	0.137568	0.034312	0.012322	0.020610	0.019942	0.186301	0.025874	
0.278129	0.000981	0.118526	0.003264	0.007073	0.062641	0.054927	0.015326	0.162521	0.013320	0.011309	0.027727	0.017783	0.200470	0.026003	
0.227763	0.001099	0.148005	0.001114	0.010013	0.054831	0.031563	0.018356	0.167400	0.017754	0.005708	0.024530	0.026978	0.232155	0.032733	
0.211204	0.000719	0.149745	0.000805	0.005968	0.059142	0.027931	0.013960	0.176180	0.014253	0.003331	0.019443	0.020352	0.263009	0.033956	
0.330859	0.001865	0.188212	0.003960	0.042402	0.033155	0.050977	0.024112	0.120144	0.015590	0.021633	0.065850	0.059270	0.035481	0.006488	
0.406459	0.001510	0.164479	0.000755	0.042809	0.015580	0.026267	0.037729	0.093597	0.044095	0.009947	0.049336	0.050551	0.048483	0.008402	
0.307348	0.002672	0.203493	0.000539	0.044589	0.016187	0.023616	0.041191	0.115703	0.032087	0.013028	0.058547	0.063871	0.064778	0.012353	
0.346626	0.005606	0.180660	0.001113	0.045086	0.009165	0.039008	0.076743	0.092277	0.043046	0.020711	0.060181	0.061027	0.013806	0.004948	
0.523106	0.001227	0.012208	0.000662	0.036088	0.013605	0.015655	0.051700	0.022576	0.122553	0.005742	0.010579	0.099008	0.012817	0.072473	
0.506327	0.004532	0.012882	0.000602	0.031409	0.011496	0.026688	0.088251	0.020053	0.120803	0.011845	0.009600	0.084001	0.010629	0.060882	
0.467662	0.006456	0.029139	0.000789	0.027663	0.012988	0.037675	0.105244	0.034246	0.107857	0.016310	0.014642	0.070292	0.020259	0.048777	
0.493973	0.000925	0.034301	0.002931	0.030515	0.030688	0.038175	0.037983	0.051614	0.088888	0.011827	0.019813	0.075262	0.029787	0.053318	
0.291932	0.001106	0.199833	0.001156	0.044149	0.021503	0.026911	0.019324	0.129670	0.026890	0.011772	0.062806	0.072002	0.070960	0.019986	
0.345028	0.004718	0.105370	0.001482	0.023234	0.031069	0.040657	0.069830	0.098050	0.056992	0.015607	0.028232	0.049660	0.098221	0.031850	
0.394731	0.001003	0.039282	0.004497	0.009851	0.034029	0.129592	0.011356	0.192917	0.012696	0.015358	0.081438	0.012614	0.056157	0.004478	
0.366951	0.001326	0.021250	0.000761	0.005841	0.008488	0.133445	0.017765	0.230563	0.022015	0.003972	0.095924	0.009832	0.074881	0.006987	
0.328177	0.001392	0.063063	0.001101	0.007217	0.027702	0.092830	0.021519	0.196625	0.024589	0.005355	0.063897	0.016437	0.131889	0.018207	
