0.415395	0.001353	0.056365	0.001016	0.032452	0.010706	0.020988	0.152490	0.042737	0.152872	0.009980	0.012589	0.019033	0.051287	0.020738	
0.510683	0.002992	0.026311	0.003015	0.028299	0.029459	0.027093	0.129505	0.032236	0.129433	0.011557	0.010703	0.027439	0.023404	0.007870	
0.490483	0.001892	0.026486	0.002388	0.029414	0.020287	0.010383	0.148670	0.046517	0.149345	0.008564	0.018556	0.018484	0.023190	0.005341	
0.610824	0.001074	0.035596	0.007634	0.014431	0.083298	0.095054	0.014392	0.036788	0.013729	0.026451	0.008139	0.015033	0.026348	0.011209	
0.321616	0.002123	0.136447	0.000675	0.035394	0.042408	0.191205	0.027608	0.082969	0.023472	0.003032	0.046816	0.032517	0.049669	0.004050	
0.413822	0.001175	0.056290	0.002881	0.024680	0.060341	0.183321	0.015177	0.117368	0.014237	0.011428	0.037767	0.013633	0.038627	0.009251	
0.329217	0.001142	0.053664	0.000683	0.029456	0.052146	0.235962	0.014532	0.163043	0.013896	0.002904	0.054021	0.009689	0.035576	0.004066	
0.353002	0.001642	0.122289	0.002687	0.017919	0.028646	0.037292	0.027031	0.140113	0.023388	0.020106	0.051549	0.034055	0.105916	0.034365	
0.417045	0.000863	0.158522	0.004327	0.021071	0.046917	0.060010	0.014556	0.062289	0.009793	0.021253	0.037805	0.033518	0.087743	0.024288	
0.234162	0.001929	0.092876	0.000967	0.009665	0.011453	0.018109	0.020743	0.210248	0.018992	0.035851	0.031005	0.035048	0.187465	0.091487	
0.289247	0.000861	0.069812	0.002401	0.005268	0.023394	0.016595	0.010249	0.217118	0.009623	0.038363	0.031471	0.023289	0.175321	0.086989	
0.292952	0.002895	0.078896	0.001210	0.016228	0.022353	0.062778	0.029301	0.173007	0.027274	0.026054	0.032461	0.037287	0.135007	0.062299	
0.309373	0.001146	0.237255	0.002218	0.026841	0.020647	0.023359	0.027607	0.066423	0.019962	0.015571	0.057952	0.048613	0.117040	0.025992	
0.351108	0.002063	0.236758	0.002646	0.030167	0.027929	0.041619	0.029200	0.034296	0.020875	0.011534	0.055825	0.054589	0.090350	0.011041	
0.323436	0.002268	0.201913	0.001618	0.029450	0.020885	0.049953	0.035626	0.092071	0.028432	0.006288	0.072173	0.049131	0.081652	0.005103	
0.535283	0.009860	0.050189	0.003719	0.025702	0.033081	0.009934	0.083439	0.019687	0.077882	0.014051	0.013922	0.087448	0.029883	0.005922	
0.563973	0.007544	0.032980	0.004378	0.024431	0.038734	0.011474	0.092523	0.018138	0.088956	0.015007	0.010686	0.066215	0.020860	0.004103	
0.484494	0.012580	0.023570	0.001404	0.032664	0.021931	0.049565	0.105863	0.023704	0.100322	0.007481	0.007083	0.102279	0.021147	0.005913	
0.407400	0.006596	0.046282	0.002159	0.021220	0.028522	0.050862	0.062151	0.087817	0.059303	0.023406	0.007097	0.061326	0.090141	0.045719	
0.432084	0.008119	0.061447	0.002042	0.024494	0.021734	0.026333	0.069921	0.100707	0.064921	0.010416	0.041112	0.074140	0.052019	0.010513	
0.370411	0.006565	0.066912	0.001714	0.019520	0.018435	0.021445	0.057615	0.121469	0.053816	0.022003	0.025510	0.065023	0.104011	0.045552	
0.393171	0.002989	0.064756	0.002090	0.021899	0.029224	0.065523	0.050317	0.159961	0.047857	0.008018	0.064041	0.032079	0.052361	0.005713	
0.307509	0.001027	0.017227	0.000815	0.010461	0.007686	0.014791	0.042893	0.340986	0.042793	0.004238	0.119858	0.009094	0.073901	0.006722	
0.448692	0.001323	0.052540	0.003510	0.020479	0.044827	0.082126	0.047031	0.122717	0.046049	0.013528	0.044259	0.017412	0.045726	0.009780	
