0.511289	0.000780	0.024173	0.000854	0.046911	0.013060	0.028101	0.168233	0.028834	0.089185	0.017673	0.006255	0.024377	0.012787	0.027487	
0.522601	0.005939	0.031532	0.000820	0.031657	0.011041	0.027683	0.116833	0.040294	0.108706	0.006287	0.014786	0.050610	0.021805	0.009405	
0.503741	0.005701	0.040855	0.001396	0.029818	0.018474	0.054360	0.102544	0.049035	0.099849	0.006059	0.009897	0.049948	0.019210	0.009112	
0.496813	0.002682	0.028528	0.006072	0.020406	0.079759	0.083333	0.013606	0.052057	0.025918	0.038649	0.021121	0.020783	0.049797	0.060476	
0.311524	0.001187	0.135513	0.000730	0.029197	0.006179	0.178558	0.024173	0.168531	0.018655	0.019877	0.017956	0.033917	0.023340	0.030664	
0.382005	0.001047	0.071438	0.002490	0.026238	0.030208	0.088537	0.023137	0.139777	0.010269	0.028213	0.070872	0.016715	0.065101	0.043953	
0.402487	0.000803	0.040983	0.007538	0.017278	0.099889	0.097576	0.021609	0.096361	0.007746	0.016716	0.066077	0.010230	0.088863	0.025843	
0.370758	0.004537	0.113508	0.003732	0.013109	0.048348	0.059188	0.025750	0.106324	0.050034	0.012840	0.024744	0.052220	0.097176	0.017731	
0.329722	0.000894	0.098995	0.010284	0.006181	0.138015	0.121180	0.009698	0.088986	0.009092	0.006408	0.022008	0.027241	0.123494	0.007802	
0.237260	0.000731	0.191904	0.001201	0.017885	0.013150	0.048165	0.016930	0.177836	0.011111	0.027345	0.036167	0.045729	0.135634	0.038951	
0.273893	0.000772	0.160548	0.003985	0.014273	0.051217	0.068645	0.008789	0.148694	0.007411	0.025032	0.031424	0.038817	0.130591	0.035908	
0.275728	0.000780	0.177048	0.000903	0.019258	0.008930	0.022089	0.012370	0.162965	0.009194	0.039490	0.036131	0.042578	0.134447	0.058089	
0.435273	0.000759	0.051125	0.001194	0.040936	0.017331	0.030073	0.158435	0.068300	0.081198	0.003142	0.033447	0.027585	0.047156	0.004047	
0.314475	0.002236	0.129498	0.000780	0.025489	0.008932	0.059336	0.074477	0.145489	0.051373	0.004035	0.046355	0.044406	0.089020	0.004101	
0.349576	0.002471	0.113315	0.001263	0.025938	0.016303	0.028461	0.091083	0.117578	0.062628	0.004984	0.041336	0.044987	0.094684	0.005395	
0.570817	0.010329	0.019203	0.000962	0.019909	0.011497	0.017699	0.068577	0.033671	0.123079	0.005690	0.019634	0.068601	0.021720	0.008611	
0.604868	0.014615	0.017153	0.002284	0.004962	0.027940	0.031897	0.008303	0.024557	0.132185	0.004030	0.010530	0.088192	0.022495	0.005987	
0.537704	0.005846	0.027141	0.001959	0.028110	0.025547	0.042419	0.081330	0.035698	0.090461	0.019174	0.008472	0.046088	0.020230	0.029819	
0.590493	0.006112	0.020677	0.001044	0.026147	0.010645	0.017441	0.012945	0.036588	0.058120	0.060090	0.008339	0.039522	0.017645	0.094193	
0.403267	0.004594	0.069227	0.001052	0.023206	0.012243	0.024647	0.068550	0.120906	0.065180	0.003162	0.076485	0.042093	0.081589	0.003801	
0.359672	0.006287	0.131870	0.001051	0.011531	0.011081	0.016280	0.015352	0.132331	0.058742	0.015342	0.043500	0.064236	0.111630	0.021096	
0.242310	0.000882	0.153731	0.000829	0.024843	0.007237	0.169099	0.020057	0.208440	0.009722	0.006278	0.054921	0.033385	0.059441	0.008825	
0.364255	0.001315	0.052973	0.001048	0.026829	0.010587	0.025310	0.042663	0.170576	0.014571	0.015873	0.137590	0.011623	0.100196	0.024592	
0.425683	0.004441	0.061463	0.004030	0.017449	0.051708	0.092087	0.019959	0.102191	0.042330	0.014422	0.045724	0.036517	0.059877	0.022119	
