0.026721	0.089072	0.746146	0.033916	0.024323	0.038712	0.041110	
0.026658	0.232399	0.127136	0.340055	0.031442	0.203691	0.038619	
0.026594	0.114899	0.272417	0.437095	0.024207	0.093420	0.031367	
0.364626	0.293197	0.036054	0.033673	0.050340	0.064626	0.157483	
0.446895	0.024092	0.043095	0.159484	0.035969	0.138107	0.152358	
0.404190	0.158997	0.067651	0.183036	0.038805	0.101305	0.046016	
0.305302	0.064168	0.118541	0.101993	0.120905	0.019250	0.269841	
0.082871	0.328017	0.051318	0.097434	0.330444	0.048890	0.061026	
0.223106	0.368385	0.046351	0.017295	0.261847	0.048772	0.034244	
0.047150	0.027445	0.089022	0.022519	0.539761	0.177692	0.096411	
0.024035	0.170955	0.133040	0.033514	0.538253	0.050102	0.050102	
0.143551	0.031900	0.031900	0.022191	0.565881	0.153259	0.051318	
0.091242	0.172827	0.044622	0.072594	0.088911	0.487512	0.042291	
0.047507	0.115903	0.059299	0.089960	0.155997	0.446092	0.085243	
0.052471	0.047732	0.047732	0.225457	0.099865	0.479012	0.047732	
0.033754	0.048074	0.024207	0.110126	0.024207	0.031367	0.728265	
0.036489	0.262995	0.031670	0.113597	0.017212	0.029260	0.508778	
0.043929	0.046351	0.206157	0.230370	0.029402	0.026980	0.416811	
0.106113	0.096497	0.437843	0.024382	0.132555	0.046016	0.156593	
0.369647	0.069887	0.024323	0.173004	0.077081	0.086674	0.199383	
0.121118	0.094548	0.031746	0.118703	0.328847	0.063147	0.241891	
0.431670	0.094320	0.034079	0.060585	0.060585	0.055766	0.262995	
0.276122	0.050702	0.029120	0.324084	0.081877	0.117849	0.120247	
0.342513	0.217212	0.048537	0.034079	0.113597	0.075043	0.169019	
