0.488257	0.001777	0.015803	0.000781	0.027505	0.036233	0.059168	0.059820	0.023752	0.120080	0.006006	0.008997	0.010999	0.015602	0.125221	
0.461414	0.006128	0.098696	0.001218	0.026819	0.028002	0.034116	0.078654	0.022999	0.083317	0.007078	0.030216	0.034201	0.037099	0.050042	
0.466520	0.012554	0.071687	0.001055	0.019216	0.025974	0.028183	0.126499	0.021730	0.103317	0.005717	0.022320	0.023487	0.034033	0.037709	
0.509909	0.001284	0.012324	0.011881	0.004020	0.086946	0.121134	0.013763	0.069620	0.012615	0.070255	0.006205	0.005873	0.068318	0.005854	
0.346059	0.003985	0.098021	0.004043	0.024366	0.036306	0.087370	0.039062	0.127096	0.028050	0.023403	0.065028	0.025266	0.086343	0.005602	
0.464593	0.007117	0.045193	0.006852	0.010187	0.056363	0.080153	0.068060	0.069325	0.046381	0.040273	0.019788	0.016386	0.063232	0.006096	
0.290782	0.001847	0.042534	0.002704	0.030136	0.021535	0.111468	0.043200	0.192847	0.036850	0.015174	0.083241	0.027996	0.093415	0.006271	
0.313731	0.003722	0.130131	0.000808	0.006558	0.036348	0.032891	0.035945	0.198317	0.028093	0.011073	0.007165	0.045309	0.128464	0.021445	
0.324013	0.001090	0.099626	0.001456	0.023470	0.032020	0.071019	0.023705	0.156200	0.041300	0.011140	0.045787	0.029832	0.094522	0.044820	
0.303330	0.001375	0.121014	0.002065	0.011772	0.038669	0.057367	0.017117	0.202955	0.015810	0.017168	0.025533	0.041716	0.127267	0.016841	
0.313504	0.000836	0.141268	0.001016	0.009949	0.037579	0.036320	0.014662	0.197951	0.018431	0.012379	0.010975	0.050295	0.129470	0.025366	
0.294980	0.001160	0.166113	0.001058	0.019891	0.030477	0.045918	0.012892	0.177755	0.011742	0.010147	0.043405	0.049440	0.121407	0.013616	
0.382719	0.001946	0.190693	0.000740	0.031704	0.023696	0.025753	0.030314	0.069573	0.032026	0.005243	0.052843	0.057182	0.075395	0.020174	
0.391121	0.002884	0.225746	0.000976	0.036190	0.022209	0.020047	0.030633	0.035914	0.025580	0.005243	0.066290	0.059213	0.068053	0.009899	
0.393536	0.003776	0.231891	0.000943	0.035861	0.021468	0.016145	0.036191	0.030262	0.025758	0.004855	0.066812	0.059943	0.067392	0.005167	
0.567519	0.000995	0.012440	0.001769	0.028975	0.014154	0.023803	0.103355	0.029825	0.090715	0.009614	0.007736	0.084229	0.017918	0.006953	
0.552747	0.004219	0.016711	0.001153	0.026216	0.013380	0.018948	0.119809	0.028215	0.100578	0.006120	0.006885	0.074210	0.018839	0.011970	
0.544705	0.001710	0.014284	0.000810	0.030298	0.009679	0.023133	0.107622	0.039082	0.097094	0.004077	0.012706	0.080722	0.019595	0.014484	
0.453149	0.001813	0.029702	0.000781	0.030149	0.022627	0.057070	0.070154	0.066865	0.094809	0.004907	0.029548	0.036930	0.035030	0.066466	
0.438218	0.001358	0.064130	0.004396	0.024393	0.037202	0.073038	0.045658	0.087593	0.042935	0.025623	0.039337	0.042230	0.062308	0.011582	
0.411808	0.003932	0.065992	0.002876	0.022810	0.031736	0.064722	0.062199	0.098646	0.056762	0.017256	0.038185	0.035962	0.065435	0.021679	
0.183195	0.001170	0.052240	0.003220	0.031778	0.024311	0.148759	0.014181	0.259175	0.012839	0.018144	0.114588	0.008266	0.123042	0.005091	
0.338598	0.015415	0.038194	0.000835	0.017496	0.016072	0.065961	0.140257	0.129968	0.090247	0.003846	0.056313	0.010494	0.070585	0.005720	
0.341308	0.001661	0.041481	0.004949	0.022069	0.042959	0.114433	0.027244	0.157657	0.033057	0.029332	0.058998	0.013715	0.087859	0.023277	
