0.501319	0.001979	0.068698	0.001554	0.025091	0.026143	0.026997	0.136039	0.025611	0.098476	0.005082	0.027318	0.036518	0.012993	0.006180	
0.381469	0.004572	0.043110	0.000825	0.012057	0.031867	0.017094	0.236170	0.039775	0.130948	0.009338	0.019050	0.018875	0.042586	0.012264	
0.383155	0.004601	0.053596	0.001043	0.017844	0.029181	0.029775	0.202396	0.058507	0.112813	0.011191	0.028983	0.017182	0.042788	0.006945	
0.533874	0.001974	0.044150	0.008221	0.024615	0.053866	0.114644	0.020631	0.043772	0.023203	0.026624	0.016335	0.029636	0.043102	0.015353	
0.398878	0.004433	0.069930	0.004613	0.030317	0.034866	0.103031	0.043545	0.123668	0.026751	0.025507	0.048384	0.017529	0.063289	0.005258	
0.376589	0.007863	0.100454	0.006222	0.045095	0.038535	0.094927	0.035656	0.061754	0.012527	0.042954	0.049792	0.013698	0.109423	0.004510	
0.412590	0.003219	0.042184	0.006099	0.024556	0.041048	0.142422	0.019116	0.165895	0.008948	0.025635	0.048048	0.010657	0.046323	0.003258	
0.357245	0.001849	0.118227	0.001550	0.016716	0.037953	0.043553	0.029978	0.135247	0.041928	0.008443	0.033663	0.041250	0.103551	0.028846	
0.222624	0.000801	0.170939	0.000966	0.008233	0.055545	0.046305	0.007917	0.225139	0.012888	0.003820	0.035838	0.014988	0.170625	0.023374	
0.281851	0.001025	0.145474	0.001521	0.011709	0.050010	0.052564	0.019756	0.193375	0.022710	0.005651	0.035443	0.020155	0.137721	0.021036	
0.222905	0.000896	0.159119	0.001379	0.007036	0.056635	0.056437	0.013787	0.231191	0.012419	0.005023	0.035800	0.011104	0.164565	0.021705	
0.346151	0.004101	0.116141	0.004249	0.028791	0.044237	0.082917	0.019561	0.131319	0.013597	0.024272	0.043505	0.016543	0.113740	0.010877	
0.503218	0.002911	0.136609	0.000723	0.047378	0.011667	0.018905	0.026120	0.033558	0.054985	0.010360	0.054055	0.053494	0.041640	0.004375	
0.383453	0.006106	0.144373	0.000674	0.047213	0.012461	0.025903	0.030809	0.069217	0.043590	0.022058	0.062552	0.045760	0.093559	0.012272	
0.436446	0.003596	0.113029	0.001285	0.036320	0.020090	0.035905	0.053835	0.070050	0.056727	0.013389	0.048486	0.042133	0.058600	0.010110	
0.505270	0.002841	0.044358	0.001207	0.016289	0.015011	0.019158	0.062290	0.023135	0.093888	0.010117	0.019939	0.094789	0.032650	0.059057	
0.500498	0.003208	0.041013	0.000695	0.013874	0.008144	0.013805	0.022669	0.029517	0.089121	0.011598	0.020288	0.120836	0.043497	0.081236	
0.475524	0.002423	0.044582	0.002143	0.014563	0.029338	0.035158	0.120076	0.038996	0.096289	0.008887	0.017789	0.053060	0.030316	0.030857	
0.556874	0.001287	0.026248	0.004646	0.014397	0.032610	0.065368	0.027097	0.028700	0.064292	0.014512	0.010740	0.079892	0.022724	0.050614	
0.303017	0.008085	0.101305	0.000669	0.032860	0.014990	0.032669	0.082471	0.091177	0.062853	0.027615	0.054120	0.046454	0.110671	0.031044	
0.289932	0.007781	0.122097	0.001064	0.034045	0.018748	0.036286	0.038828	0.105348	0.042289	0.029102	0.055220	0.050183	0.133382	0.035696	
0.344891	0.001505	0.065532	0.001381	0.015775	0.026295	0.104967	0.032995	0.237710	0.030771	0.006346	0.059737	0.020184	0.044258	0.007655	
0.266180	0.007793	0.104253	0.001845	0.038186	0.018463	0.086620	0.042165	0.176173	0.021848	0.030895	0.075223	0.016705	0.106610	0.007041	
0.362354	0.001580	0.052805	0.001521	0.009152	0.026644	0.090495	0.024131	0.207362	0.040501	0.007385	0.045955	0.044887	0.053275	0.031952	
