0.045470	0.026468	0.577536	0.028843	0.021717	0.180862	0.119104	
0.019342	0.026468	0.458772	0.111978	0.123855	0.228368	0.031218	
0.128055	0.036489	0.573838	0.043718	0.050947	0.142513	0.024441	
0.028775	0.021666	0.031144	0.031144	0.026405	0.028775	0.832092	
0.085444	0.189463	0.154002	0.040527	0.180007	0.021614	0.328943	
0.096579	0.096579	0.244467	0.028504	0.033199	0.021462	0.479209	
0.272205	0.180007	0.019250	0.111449	0.035799	0.031071	0.350220	
0.170550	0.232016	0.182371	0.040527	0.035799	0.300574	0.038163	
0.138435	0.300340	0.076531	0.107483	0.038435	0.217007	0.121769	
0.034244	0.586302	0.046351	0.026980	0.034244	0.249741	0.022138	
0.028305	0.354645	0.018981	0.035298	0.032967	0.443223	0.086580	
0.063763	0.378397	0.027178	0.029617	0.363763	0.029617	0.107666	
0.023317	0.145156	0.285386	0.131363	0.310673	0.078489	0.025616	
0.030780	0.028438	0.033121	0.044831	0.667782	0.175979	0.019070	
0.037983	0.117983	0.205042	0.047395	0.522689	0.033277	0.035630	
0.026850	0.026850	0.022031	0.713597	0.038898	0.147332	0.024441	
0.033754	0.028981	0.079100	0.766451	0.026594	0.045687	0.019434	
0.062693	0.024323	0.029120	0.475163	0.180199	0.192189	0.036314	
0.033514	0.118822	0.026405	0.471903	0.033514	0.194651	0.121192	
0.028707	0.255657	0.019250	0.196555	0.362040	0.073624	0.064168	
0.040914	0.281964	0.033754	0.303444	0.277191	0.026594	0.036140	
0.414802	0.265404	0.038898	0.024441	0.031670	0.031670	0.193115	
0.756971	0.031670	0.036489	0.048537	0.024441	0.062995	0.038898	
0.126833	0.203205	0.028981	0.091033	0.021821	0.480055	0.048074	
