0.418490	0.014587	0.046580	0.000701	0.044159	0.028672	0.021665	0.090760	0.045336	0.137654	0.003114	0.011061	0.017237	0.043158	0.076827	
0.467045	0.007528	0.090808	0.001464	0.029532	0.019497	0.028808	0.083806	0.019221	0.096748	0.008362	0.024246	0.045670	0.039756	0.037510	
0.430186	0.014204	0.050094	0.001356	0.045384	0.028460	0.026563	0.093453	0.019369	0.135840	0.007649	0.015188	0.023536	0.037576	0.071142	
0.560315	0.000783	0.048293	0.011416	0.004771	0.064110	0.125608	0.019380	0.022335	0.016581	0.077957	0.013819	0.016819	0.013983	0.003831	
0.273363	0.001003	0.112956	0.003208	0.034928	0.036992	0.089957	0.038515	0.125829	0.011469	0.020619	0.076478	0.052341	0.116951	0.005392	
0.458522	0.000827	0.100337	0.006684	0.013402	0.043847	0.090238	0.031783	0.058813	0.019755	0.044880	0.032304	0.034496	0.057612	0.006497	
0.370209	0.000945	0.033594	0.003459	0.022478	0.051392	0.133603	0.016543	0.201915	0.012757	0.022484	0.083876	0.015123	0.026538	0.005085	
0.301186	0.003857	0.118226	0.001191	0.021503	0.032643	0.037686	0.037047	0.177352	0.037573	0.006656	0.021923	0.024926	0.138378	0.039854	
0.376913	0.004008	0.084758	0.003956	0.016081	0.044037	0.059855	0.031138	0.149090	0.038792	0.025976	0.011896	0.014010	0.101707	0.037784	
0.324006	0.001952	0.125309	0.002158	0.015403	0.034443	0.045853	0.029291	0.172954	0.022998	0.013402	0.021358	0.026431	0.134271	0.030172	
0.290783	0.000811	0.126782	0.000807	0.006594	0.035819	0.037802	0.012946	0.256361	0.010108	0.004077	0.011642	0.011663	0.157427	0.036379	
0.281945	0.000969	0.137720	0.003281	0.021409	0.036452	0.054525	0.029812	0.151055	0.010024	0.021216	0.031825	0.039421	0.158788	0.021557	
0.474555	0.003268	0.146945	0.000781	0.013448	0.015178	0.031806	0.056110	0.062064	0.056566	0.003582	0.027922	0.040673	0.045507	0.021595	
0.440461	0.001221	0.194432	0.000759	0.017963	0.005945	0.023978	0.063973	0.016457	0.042344	0.003329	0.041066	0.067625	0.074366	0.006079	
0.460416	0.000822	0.157894	0.000945	0.013863	0.014259	0.048678	0.050872	0.063078	0.036742	0.004695	0.049333	0.051318	0.042755	0.004330	
0.548925	0.002133	0.026710	0.000701	0.016393	0.009143	0.013072	0.111886	0.030523	0.105235	0.003119	0.018218	0.079827	0.021677	0.012438	
0.501994	0.001526	0.043374	0.000823	0.020120	0.011089	0.023412	0.103583	0.041447	0.090008	0.003956	0.031175	0.081172	0.038249	0.008071	
0.551800	0.001782	0.017655	0.001181	0.016779	0.011895	0.022821	0.109830	0.031189	0.101785	0.006473	0.023137	0.079620	0.015102	0.008952	
0.461547	0.008859	0.037924	0.003615	0.030416	0.036587	0.049735	0.074569	0.046517	0.098791	0.023483	0.013990	0.027207	0.039177	0.047584	
0.274722	0.000763	0.127976	0.001172	0.037105	0.020305	0.051470	0.066303	0.094925	0.031318	0.006363	0.069846	0.078037	0.135089	0.004605	
0.356712	0.003555	0.104088	0.003246	0.030429	0.028964	0.045278	0.065603	0.063230	0.052354	0.020879	0.033297	0.056903	0.112605	0.022857	
0.384414	0.000913	0.062534	0.002624	0.018586	0.043126	0.109532	0.021869	0.185955	0.017552	0.016619	0.070697	0.019808	0.037626	0.008145	
0.291158	0.000960	0.085836	0.000695	0.031124	0.031507	0.083717	0.042500	0.178622	0.023617	0.003124	0.081219	0.046715	0.091255	0.007952	
0.338740	0.001137	0.056333	0.002482	0.018141	0.047886	0.106531	0.013772	0.230527	0.012329	0.015707	0.063097	0.010856	0.066002	0.016459	
