0.026468	0.016966	0.047845	0.026468	0.031218	0.035969	0.815066	
0.233673	0.026531	0.033673	0.100340	0.059864	0.238435	0.307483	
0.177101	0.039087	0.063300	0.300588	0.041508	0.092356	0.286060	
0.761107	0.074504	0.043404	0.021873	0.024265	0.043404	0.031442	
0.118261	0.028639	0.134771	0.042790	0.075809	0.486186	0.113544	
0.342318	0.075809	0.045148	0.073450	0.080526	0.325809	0.056941	
0.314759	0.026342	0.165822	0.345491	0.035799	0.061803	0.049983	
0.060150	0.172591	0.019481	0.323308	0.196514	0.191729	0.036227	
0.462995	0.185886	0.026850	0.019621	0.159380	0.031670	0.113597	
0.161718	0.037024	0.051694	0.056584	0.445337	0.159273	0.088369	
0.157243	0.058883	0.030780	0.049515	0.588157	0.035463	0.079960	
0.214460	0.039277	0.027112	0.153632	0.231491	0.289885	0.044143	
0.034972	0.025734	0.032662	0.131970	0.524579	0.064995	0.185087	
0.081918	0.081918	0.046953	0.018981	0.471195	0.259074	0.039960	
0.110664	0.066063	0.026157	0.117706	0.300805	0.284373	0.094232	
0.036577	0.022084	0.775707	0.048654	0.034161	0.034161	0.048654	
0.062843	0.019574	0.661401	0.046016	0.026786	0.139766	0.043613	
0.062693	0.031518	0.463172	0.081877	0.029120	0.033916	0.297705	
0.246164	0.155472	0.210365	0.050460	0.050460	0.076713	0.210365	
0.040336	0.470924	0.030924	0.292101	0.040336	0.070924	0.054454	
0.236054	0.326531	0.107483	0.019388	0.033673	0.233673	0.043197	
0.395978	0.053745	0.148405	0.311026	0.029473	0.031900	0.029473	
0.024323	0.084275	0.156218	0.412813	0.057897	0.173004	0.091470	
0.500342	0.060150	0.172591	0.026658	0.100820	0.045796	0.093643	
