0.016886	0.023978	0.028707	0.021614	0.028707	0.031071	0.849037	
0.102477	0.059722	0.035969	0.266373	0.081099	0.040719	0.413641	
0.092133	0.029331	0.080055	0.157350	0.089717	0.070393	0.481021	
0.769388	0.078912	0.024150	0.038435	0.024150	0.028912	0.036054	
0.404091	0.019115	0.030852	0.235077	0.035547	0.256204	0.019115	
0.530852	0.108317	0.035547	0.209256	0.026157	0.059021	0.030852	
0.807395	0.033277	0.035630	0.028571	0.016807	0.054454	0.023866	
0.033593	0.613166	0.033593	0.247370	0.026468	0.024092	0.021717	
0.076897	0.545796	0.251538	0.029050	0.021873	0.036227	0.038619	
0.068143	0.138360	0.593566	0.041508	0.043929	0.092356	0.022138	
0.058883	0.480428	0.206424	0.023754	0.026096	0.166611	0.037805	
0.044143	0.029545	0.479666	0.372610	0.019812	0.027112	0.027112	
0.039591	0.168921	0.388321	0.166612	0.118113	0.048829	0.069614	
0.039683	0.160053	0.227183	0.403108	0.083664	0.051257	0.035053	
0.041997	0.025794	0.208664	0.623016	0.041997	0.028108	0.030423	
0.036140	0.028981	0.028981	0.033754	0.797477	0.038527	0.036140	
0.024323	0.021925	0.021925	0.072285	0.791709	0.029120	0.038712	
0.038435	0.026531	0.128912	0.026531	0.714626	0.038435	0.026531	
0.041012	0.052973	0.512303	0.033835	0.277854	0.043404	0.038619	
0.059439	0.031071	0.064168	0.151638	0.090172	0.558257	0.045255	
0.043613	0.279190	0.122940	0.158997	0.223901	0.137363	0.033997	
0.159380	0.031670	0.048537	0.029260	0.084682	0.629260	0.017212	
0.055498	0.084275	0.031518	0.175403	0.086674	0.506338	0.060295	
0.088646	0.062393	0.093420	0.024207	0.026594	0.494374	0.210365	
