0.097959	0.695578	0.033673	0.021769	0.024150	0.086054	0.040816	
0.040527	0.468423	0.045255	0.262749	0.040527	0.023978	0.118541	
0.065881	0.463939	0.027046	0.189667	0.063454	0.022191	0.167822	
0.567327	0.024265	0.029050	0.208476	0.029050	0.029050	0.112782	
0.461331	0.087808	0.033435	0.078352	0.104357	0.168186	0.066532	
0.376841	0.096266	0.074683	0.237753	0.072285	0.093868	0.048304	
0.779160	0.059160	0.021513	0.030924	0.047395	0.040336	0.021513	
0.038163	0.028707	0.172915	0.404593	0.208376	0.104357	0.042891	
0.208476	0.017088	0.052973	0.629528	0.024265	0.048189	0.019481	
0.274619	0.051318	0.022191	0.031900	0.255201	0.328017	0.036755	
0.051979	0.023810	0.063716	0.141180	0.089537	0.561368	0.068410	
0.210105	0.029617	0.024739	0.027178	0.407666	0.273519	0.027178	
0.056016	0.037454	0.028174	0.285714	0.452768	0.035134	0.104740	
0.032890	0.121262	0.081728	0.188704	0.479402	0.018937	0.077076	
0.065449	0.130565	0.030565	0.102658	0.532890	0.084053	0.053821	
0.036314	0.168208	0.031518	0.110654	0.029120	0.021925	0.602261	
0.029050	0.019481	0.036227	0.084074	0.033835	0.026658	0.770677	
0.038619	0.029050	0.041012	0.045796	0.024265	0.079289	0.741969	
0.159765	0.138026	0.171843	0.157350	0.024500	0.094548	0.253968	
0.035969	0.097727	0.487275	0.164235	0.043095	0.021717	0.149983	
0.102041	0.024559	0.457973	0.160152	0.070564	0.024559	0.160152	
0.128988	0.056172	0.116852	0.182386	0.061026	0.252774	0.201803	
0.055901	0.227398	0.379572	0.036577	0.031746	0.140442	0.128364	
0.052596	0.090601	0.054971	0.394639	0.024092	0.271123	0.111978	
