0.401745	0.003720	0.058316	0.001197	0.036098	0.065386	0.021822	0.043645	0.048834	0.120256	0.010665	0.018063	0.022905	0.066376	0.080973	
0.540028	0.012742	0.057850	0.000916	0.022949	0.009367	0.014271	0.129973	0.020036	0.074755	0.023470	0.029182	0.044696	0.015445	0.004320	
0.519080	0.017719	0.019039	0.000862	0.015818	0.023766	0.016888	0.153358	0.020526	0.123157	0.031962	0.007027	0.009274	0.019722	0.021802	
0.391052	0.001445	0.046611	0.003599	0.018216	0.021371	0.084023	0.043918	0.150190	0.040512	0.016470	0.055926	0.041918	0.069903	0.014846	
0.416731	0.002071	0.090289	0.004034	0.031459	0.036850	0.099723	0.054022	0.100612	0.038575	0.011402	0.027606	0.048676	0.028080	0.009870	
0.366712	0.004175	0.047892	0.001575	0.009203	0.012065	0.086573	0.047500	0.181275	0.032579	0.024619	0.068183	0.018639	0.093602	0.005408	
0.345865	0.001057	0.125789	0.000584	0.041238	0.054264	0.167939	0.010690	0.152624	0.013361	0.013347	0.038824	0.006167	0.020917	0.007335	
0.390080	0.006139	0.132729	0.000858	0.018709	0.027210	0.040524	0.067818	0.090839	0.039898	0.019067	0.030347	0.031886	0.092501	0.011394	
0.274693	0.003006	0.172336	0.000975	0.008154	0.036264	0.049523	0.033968	0.149659	0.024717	0.019884	0.029966	0.016040	0.163537	0.017278	
0.280229	0.001113	0.150967	0.001270	0.013111	0.037720	0.070813	0.020126	0.163744	0.021774	0.017597	0.039605	0.017954	0.144666	0.019309	
0.233186	0.001075	0.205521	0.001023	0.012051	0.050328	0.061642	0.015580	0.154012	0.019676	0.016576	0.019850	0.011638	0.174291	0.023554	
0.291334	0.001057	0.179594	0.000678	0.022250	0.044879	0.086341	0.017486	0.144773	0.012103	0.014854	0.031962	0.018326	0.120085	0.014279	
0.395850	0.001865	0.153660	0.000638	0.028095	0.027040	0.041280	0.040912	0.087531	0.017854	0.011316	0.043745	0.051184	0.086390	0.012641	
0.387283	0.002301	0.144272	0.000718	0.029030	0.035211	0.044201	0.040620	0.085314	0.032666	0.011698	0.036837	0.043014	0.084673	0.022162	
0.492867	0.001221	0.114944	0.000623	0.043000	0.020652	0.041043	0.047000	0.046701	0.022029	0.005749	0.056602	0.074061	0.020321	0.013186	
0.546721	0.003929	0.028635	0.009013	0.020723	0.008037	0.011516	0.121650	0.020241	0.071167	0.008412	0.014977	0.113522	0.014545	0.006911	
0.553055	0.002787	0.014646	0.011357	0.018584	0.008322	0.009570	0.128580	0.015580	0.077784	0.005984	0.005814	0.128564	0.011676	0.007697	
0.462439	0.001060	0.027893	0.007140	0.023594	0.027851	0.035143	0.074329	0.068639	0.078250	0.008104	0.026000	0.082079	0.044715	0.032765	
0.400435	0.000998	0.022837	0.002108	0.047420	0.090985	0.012547	0.024329	0.023207	0.164820	0.003305	0.006849	0.023795	0.053245	0.123121	
0.426040	0.002138	0.070540	0.003005	0.022065	0.019316	0.047279	0.054953	0.104429	0.043080	0.013622	0.050442	0.056609	0.068707	0.017775	
0.403127	0.003945	0.079250	0.002368	0.017875	0.022090	0.050139	0.059877	0.112697	0.046800	0.017541	0.044557	0.041203	0.081695	0.016836	
0.327196	0.001204	0.040162	0.000648	0.009041	0.012619	0.097529	0.015200	0.221797	0.022805	0.023735	0.089181	0.010993	0.114479	0.013411	
0.385032	0.006235	0.047926	0.000845	0.013816	0.017419	0.094681	0.057245	0.163717	0.041088	0.025935	0.060336	0.009429	0.070840	0.005457	
0.363110	0.002040	0.052839	0.000960	0.025731	0.042049	0.075291	0.025172	0.138490	0.066731	0.016348	0.052543	0.015363	0.078860	0.044474	
