0.406179	0.018415	0.038945	0.000980	0.037858	0.016270	0.025086	0.157890	0.069590	0.119561	0.004390	0.012237	0.012865	0.051302	0.028432	
0.452461	0.011150	0.073369	0.002548	0.034863	0.044845	0.072537	0.103817	0.031459	0.082831	0.014708	0.019986	0.027680	0.023901	0.003845	
0.447157	0.013285	0.028363	0.000923	0.031232	0.028394	0.044912	0.140245	0.058439	0.112661	0.005406	0.021424	0.029079	0.033860	0.004621	
0.503351	0.000783	0.092042	0.008821	0.031417	0.082323	0.156435	0.009800	0.022351	0.007452	0.053552	0.007689	0.005317	0.014487	0.004180	
0.447800	0.001628	0.068906	0.006181	0.026960	0.029496	0.082999	0.031448	0.108053	0.029633	0.039740	0.039543	0.019445	0.061397	0.006772	
0.424791	0.001309	0.076396	0.005813	0.024789	0.039135	0.091537	0.024469	0.113628	0.023041	0.037018	0.037305	0.016869	0.068672	0.015229	
0.504684	0.000816	0.093770	0.009984	0.035839	0.044741	0.116722	0.009397	0.049192	0.008664	0.061169	0.012956	0.006337	0.032869	0.012861	
0.383564	0.004392	0.148659	0.000791	0.026832	0.060240	0.082411	0.041489	0.050693	0.040816	0.004041	0.044107	0.053845	0.048229	0.009893	
0.278105	0.001389	0.098605	0.001177	0.008539	0.090382	0.120626	0.015773	0.151770	0.012117	0.005751	0.024638	0.011964	0.113764	0.065400	
0.255515	0.001137	0.145356	0.001130	0.017609	0.010494	0.019318	0.013368	0.190759	0.018768	0.005759	0.045373	0.040222	0.151936	0.083255	
0.273989	0.000916	0.088704	0.000724	0.009908	0.028330	0.039878	0.034330	0.194604	0.034548	0.003308	0.030776	0.031152	0.145278	0.083554	
0.362420	0.001629	0.115429	0.004610	0.025242	0.023974	0.060817	0.016173	0.136778	0.017499	0.028382	0.039296	0.024741	0.099616	0.043393	
0.383935	0.002158	0.158407	0.000718	0.026378	0.033339	0.045783	0.038091	0.062576	0.044445	0.003160	0.043141	0.070237	0.063143	0.024488	
0.392297	0.000899	0.198504	0.002005	0.032155	0.026290	0.045054	0.012212	0.050446	0.024854	0.011345	0.053214	0.075105	0.058789	0.016832	
0.420982	0.001684	0.170575	0.003520	0.034332	0.019835	0.049284	0.018333	0.057437	0.027072	0.021694	0.053805	0.062200	0.052931	0.006316	
0.525337	0.002807	0.034567	0.000666	0.021962	0.017634	0.026125	0.118261	0.020735	0.115723	0.003126	0.011739	0.081591	0.015936	0.003792	
0.533026	0.001019	0.024709	0.000897	0.019204	0.015863	0.026377	0.113154	0.029079	0.113739	0.004912	0.012206	0.083870	0.018538	0.003407	
0.539357	0.000877	0.018767	0.000681	0.018264	0.016619	0.025021	0.118522	0.024071	0.118973	0.003299	0.007805	0.086389	0.016037	0.005318	
0.373983	0.001039	0.056596	0.001100	0.013255	0.020880	0.032301	0.067102	0.135938	0.066433	0.005625	0.019076	0.047955	0.100206	0.058511	
0.332885	0.002931	0.093758	0.000835	0.019621	0.008065	0.033068	0.037539	0.182837	0.038439	0.008907	0.085309	0.042596	0.108684	0.004527	
0.340836	0.002830	0.074270	0.001964	0.017696	0.019348	0.043405	0.046721	0.167801	0.043576	0.013050	0.046324	0.030248	0.111204	0.040729	
0.268838	0.001482	0.040615	0.000979	0.006834	0.027299	0.067740	0.019714	0.273189	0.017085	0.012268	0.099506	0.009022	0.147711	0.007719	
0.287425	0.002008	0.041664	0.000718	0.009631	0.006568	0.036749	0.036206	0.260609	0.033974	0.009868	0.092400	0.021583	0.145606	0.014992	
0.337619	0.001176	0.058168	0.000655	0.006620	0.097033	0.137796	0.030541	0.140016	0.026176	0.005692	0.047645	0.018188	0.080379	0.012297	
