0.038619	0.060150	0.024265	0.031442	0.038619	0.050581	0.756323	
0.057483	0.340816	0.040816	0.159864	0.040816	0.026531	0.333673	
0.033593	0.192738	0.083475	0.040719	0.045470	0.033593	0.570411	
0.674150	0.186054	0.028912	0.026531	0.028912	0.036054	0.019388	
0.310030	0.042891	0.217832	0.208376	0.113813	0.071260	0.035799	
0.473023	0.154734	0.095351	0.071598	0.057346	0.107228	0.040719	
0.510976	0.035799	0.215468	0.035799	0.106721	0.073624	0.021614	
0.031218	0.575161	0.026468	0.043095	0.026468	0.278249	0.019342	
0.078912	0.290816	0.028912	0.083673	0.017007	0.462245	0.038435	
0.063300	0.022138	0.082670	0.082670	0.065721	0.620201	0.063300	
0.054199	0.086986	0.023754	0.035463	0.206424	0.574105	0.019070	
0.135486	0.022464	0.069147	0.327132	0.029835	0.388557	0.027378	
0.027915	0.154351	0.032512	0.404926	0.044007	0.138259	0.198030	
0.060939	0.091242	0.042291	0.499167	0.081918	0.191475	0.032967	
0.053821	0.039867	0.049169	0.730565	0.046844	0.025914	0.053821	
0.019669	0.082471	0.029331	0.123533	0.558316	0.022084	0.164596	
0.033916	0.151422	0.029120	0.036314	0.688592	0.019527	0.041110	
0.052847	0.026594	0.031367	0.019434	0.790317	0.028981	0.050460	
0.071769	0.207483	0.024150	0.031293	0.290816	0.331293	0.043197	
0.033435	0.026342	0.607903	0.040527	0.158730	0.035799	0.097264	
0.081877	0.084275	0.101062	0.146626	0.177801	0.283316	0.125043	
0.089501	0.178657	0.597935	0.022031	0.041308	0.046127	0.024441	
0.081487	0.157859	0.425162	0.110126	0.124446	0.057620	0.043300	
0.141152	0.186498	0.406069	0.038527	0.117286	0.069553	0.040914	
