0.021614	0.026342	0.026342	0.040527	0.019250	0.823033	0.042891	
0.196555	0.092536	0.033435	0.078352	0.258021	0.215468	0.125633	
0.193115	0.219621	0.026850	0.060585	0.166609	0.262995	0.070224	
0.361586	0.017088	0.021873	0.021873	0.041012	0.069720	0.466849	
0.028707	0.213104	0.040527	0.092536	0.239108	0.071260	0.314759	
0.118822	0.028775	0.024035	0.031144	0.336831	0.052471	0.407921	
0.035630	0.367395	0.059160	0.190924	0.023866	0.021513	0.301513	
0.045578	0.102721	0.457483	0.040816	0.197959	0.033673	0.121769	
0.248537	0.055766	0.284682	0.031670	0.038898	0.072633	0.267814	
0.029402	0.029402	0.484607	0.080249	0.026980	0.089934	0.259426	
0.211603	0.033199	0.573105	0.035547	0.019115	0.080148	0.047284	
0.061474	0.117709	0.286413	0.051694	0.213063	0.024799	0.244848	
0.025734	0.095018	0.095018	0.039591	0.028044	0.603101	0.113494	
0.128538	0.023643	0.121545	0.049284	0.373293	0.266067	0.037629	
0.077618	0.154901	0.094011	0.056541	0.246236	0.323520	0.047173	
0.305830	0.048074	0.017047	0.542107	0.028981	0.036140	0.021821	
0.149024	0.019527	0.026721	0.580678	0.161014	0.036314	0.026721	
0.214286	0.130151	0.031593	0.315247	0.024382	0.175824	0.108516	
0.208476	0.031442	0.131921	0.194122	0.084074	0.091251	0.258715	
0.117983	0.280336	0.030924	0.028571	0.501513	0.016807	0.023866	
0.040816	0.047959	0.062245	0.157483	0.476531	0.028912	0.186054	
0.153259	0.381415	0.058599	0.175104	0.031900	0.034327	0.165395	
0.022031	0.246127	0.106368	0.308778	0.253356	0.031670	0.031670	
0.233516	0.298420	0.118132	0.173420	0.038805	0.074863	0.062843	
