0.024150	0.097959	0.097959	0.033673	0.026531	0.674150	0.045578	
0.028912	0.697959	0.059864	0.024150	0.055102	0.033673	0.100340	
0.033593	0.834069	0.019342	0.026468	0.033593	0.033593	0.019342	
0.028912	0.036054	0.226531	0.021769	0.045578	0.024150	0.617007	
0.170148	0.118261	0.033356	0.158356	0.097035	0.026280	0.396563	
0.073974	0.166610	0.097727	0.085850	0.045470	0.026468	0.503902	
0.070924	0.035630	0.054454	0.040336	0.047395	0.033277	0.717983	
0.054711	0.158730	0.184735	0.049983	0.019250	0.496792	0.035799	
0.026531	0.040816	0.528912	0.274150	0.031293	0.031293	0.067007	
0.036666	0.034244	0.148046	0.622622	0.053615	0.034244	0.070564	
0.110405	0.026096	0.190030	0.424222	0.091669	0.117431	0.040147	
0.100348	0.036934	0.036934	0.427178	0.024739	0.083275	0.290592	
0.023317	0.262397	0.106076	0.398030	0.025616	0.145156	0.039409	
0.032890	0.128239	0.118937	0.372425	0.084053	0.174751	0.088704	
0.049169	0.225914	0.030565	0.521262	0.051495	0.025914	0.095681	
0.029120	0.045906	0.038712	0.036314	0.638232	0.175403	0.036314	
0.031746	0.072809	0.041408	0.022084	0.763630	0.031746	0.036577	
0.038805	0.041209	0.046016	0.021978	0.764766	0.029190	0.058036	
0.052721	0.028912	0.355102	0.043197	0.367007	0.028912	0.124150	
0.581898	0.031071	0.028707	0.059439	0.080716	0.165822	0.052347	
0.106883	0.104462	0.242477	0.135939	0.184365	0.080249	0.145624	
0.590706	0.084682	0.089501	0.043718	0.043718	0.036489	0.111188	
0.400822	0.201781	0.043508	0.060295	0.093868	0.117849	0.081877	
0.351176	0.040914	0.298670	0.028981	0.200818	0.031367	0.048074	
