0.458230	0.002167	0.015276	0.000704	0.049448	0.029705	0.037975	0.163468	0.017341	0.105207	0.030755	0.007957	0.023274	0.013283	0.045209	
0.539284	0.001761	0.020168	0.000968	0.032333	0.017559	0.031187	0.103030	0.024180	0.119539	0.008369	0.012166	0.062392	0.019085	0.007978	
0.455971	0.002449	0.038700	0.001122	0.040690	0.020780	0.053765	0.123168	0.064535	0.104843	0.008083	0.011527	0.038547	0.027731	0.008087	
0.497149	0.001100	0.023430	0.007831	0.008406	0.085885	0.098681	0.015910	0.039184	0.024078	0.025494	0.038026	0.034707	0.059479	0.040642	
0.275826	0.003843	0.113490	0.001088	0.029901	0.015316	0.117034	0.050377	0.236413	0.027373	0.011184	0.018769	0.018357	0.064145	0.016884	
0.432336	0.001767	0.047801	0.003363	0.019452	0.037730	0.084977	0.030841	0.109087	0.011603	0.016068	0.088296	0.016246	0.074752	0.025679	
0.352013	0.002225	0.066850	0.005764	0.021045	0.057094	0.151833	0.026632	0.184524	0.008775	0.004875	0.036838	0.008170	0.065964	0.007397	
0.391243	0.003958	0.111152	0.002855	0.016171	0.032405	0.051683	0.033433	0.112220	0.057461	0.011617	0.020482	0.057714	0.081303	0.016303	
0.381080	0.002924	0.081709	0.012525	0.007441	0.123848	0.143438	0.010178	0.077058	0.008909	0.003154	0.020359	0.018701	0.104112	0.004566	
0.218130	0.006961	0.211383	0.001376	0.013222	0.023965	0.023279	0.014724	0.174638	0.012206	0.028790	0.035863	0.047479	0.141370	0.046615	
0.249323	0.005851	0.178264	0.004123	0.012018	0.047657	0.064141	0.010179	0.167575	0.006557	0.021265	0.031746	0.036965	0.129843	0.034494	
0.256774	0.006049	0.182708	0.000971	0.012227	0.024822	0.022972	0.013692	0.158063	0.009403	0.041283	0.034008	0.047847	0.121893	0.067288	
0.411575	0.003142	0.054331	0.002558	0.044832	0.035948	0.051432	0.139284	0.046771	0.088748	0.006281	0.035716	0.017293	0.056318	0.005772	
0.370334	0.004403	0.114487	0.000689	0.029595	0.011180	0.021036	0.075165	0.096124	0.056853	0.005145	0.073785	0.034554	0.101092	0.005559	
0.335278	0.004995	0.129285	0.000860	0.032819	0.014227	0.025128	0.087346	0.106755	0.063242	0.005013	0.055014	0.033507	0.101520	0.005011	
0.581837	0.001221	0.012656	0.000617	0.023675	0.011250	0.018417	0.071041	0.014706	0.104394	0.009257	0.043264	0.069117	0.028318	0.010230	
0.638255	0.000701	0.011581	0.001599	0.005598	0.017326	0.021839	0.012647	0.016941	0.103823	0.011956	0.020156	0.102040	0.020646	0.014892	
0.525061	0.001440	0.014568	0.001875	0.026962	0.033593	0.038827	0.084830	0.020255	0.085597	0.028786	0.020676	0.051031	0.023387	0.043114	
0.550186	0.001164	0.024903	0.000812	0.005318	0.031117	0.016589	0.012828	0.027826	0.053203	0.062749	0.012076	0.079496	0.021077	0.100655	
0.448626	0.003011	0.075211	0.000760	0.024901	0.010422	0.026128	0.060278	0.076573	0.060791	0.005786	0.078092	0.042971	0.079954	0.006495	
0.376186	0.004490	0.133350	0.001132	0.012467	0.015604	0.022374	0.016436	0.118844	0.040314	0.016546	0.053903	0.059377	0.103738	0.025240	
0.368219	0.003197	0.087578	0.002538	0.023947	0.030836	0.073727	0.047220	0.130770	0.024895	0.014522	0.064882	0.021107	0.084074	0.022487	
0.371922	0.002485	0.074412	0.000890	0.025670	0.008787	0.095370	0.036463	0.184247	0.017716	0.005271	0.081379	0.015518	0.072217	0.007652	
0.421271	0.001960	0.056013	0.002984	0.016859	0.036262	0.105205	0.024315	0.149416	0.040068	0.021475	0.009409	0.043386	0.038052	0.033323	
