0.021614	0.045255	0.035799	0.021614	0.023978	0.028707	0.823033	
0.036054	0.267007	0.040816	0.028912	0.050340	0.259864	0.317007	
0.026850	0.205164	0.026850	0.043718	0.241308	0.190706	0.265404	
0.043508	0.693388	0.024323	0.033916	0.029120	0.021925	0.153820	
0.442418	0.026342	0.047619	0.057075	0.033435	0.229652	0.163458	
0.130670	0.294177	0.040623	0.052471	0.080907	0.287068	0.114083	
0.333671	0.232016	0.038163	0.083080	0.246201	0.033435	0.033435	
0.050221	0.028843	0.047845	0.292501	0.204615	0.344757	0.031218	
0.089501	0.390706	0.038898	0.390706	0.019621	0.034079	0.036489	
0.031823	0.046351	0.022138	0.528191	0.041508	0.022138	0.307852	
0.040147	0.157243	0.033121	0.424222	0.040147	0.016728	0.288391	
0.073340	0.034411	0.034411	0.508863	0.134168	0.175530	0.039277	
0.042193	0.044518	0.023588	0.165449	0.118937	0.177076	0.428239	
0.030636	0.126207	0.035298	0.158841	0.025974	0.522478	0.100566	
0.056146	0.028239	0.098007	0.167774	0.160797	0.298007	0.191030	
0.029120	0.153820	0.652621	0.026721	0.048304	0.048304	0.041110	
0.026721	0.139431	0.568688	0.017129	0.024323	0.184995	0.038712	
0.050581	0.031442	0.521873	0.033835	0.062543	0.026658	0.273069	
0.057620	0.241391	0.138766	0.279577	0.024207	0.024207	0.234231	
0.049983	0.042891	0.066532	0.047619	0.721378	0.042891	0.028707	
0.050340	0.047959	0.112245	0.331293	0.243197	0.188435	0.026531	
0.368385	0.315116	0.041508	0.031823	0.157731	0.058457	0.026980	
0.089717	0.036577	0.241891	0.077640	0.343340	0.167012	0.043823	
0.432712	0.210490	0.089717	0.053485	0.036577	0.024500	0.152519	
