0.026658	0.698906	0.024265	0.074504	0.029050	0.105605	0.041012	
0.035799	0.414049	0.111449	0.019250	0.087808	0.234380	0.097264	
0.048420	0.622940	0.055632	0.038805	0.115728	0.089286	0.029190	
0.782329	0.026405	0.042993	0.026405	0.019296	0.071429	0.031144	
0.184735	0.080716	0.068896	0.045255	0.059439	0.182371	0.378588	
0.295578	0.071769	0.138435	0.038435	0.052721	0.274150	0.128912	
0.217832	0.021614	0.028707	0.061803	0.031071	0.031071	0.607903	
0.043197	0.224150	0.171769	0.464626	0.040816	0.028912	0.026531	
0.250343	0.267170	0.072459	0.298420	0.019574	0.065247	0.026786	
0.185262	0.092805	0.034411	0.555092	0.024678	0.061175	0.046576	
0.063418	0.135848	0.030708	0.640521	0.089119	0.021362	0.019025	
0.183275	0.049129	0.202787	0.463763	0.019861	0.032056	0.049129	
0.039867	0.225914	0.095681	0.046844	0.032890	0.502658	0.056146	
0.028239	0.025914	0.225914	0.025914	0.032890	0.639867	0.021262	
0.035630	0.030924	0.066218	0.075630	0.042689	0.593277	0.155630	
0.033997	0.065247	0.122940	0.060440	0.666209	0.021978	0.029190	
0.040914	0.043300	0.079100	0.028981	0.613706	0.091033	0.102966	
0.033916	0.057897	0.033916	0.026721	0.777321	0.024323	0.045906	
0.219388	0.145578	0.040816	0.071769	0.450340	0.021769	0.050340	
0.028571	0.059160	0.532101	0.235630	0.035630	0.052101	0.056807	
0.151997	0.130670	0.282329	0.204130	0.163846	0.021666	0.045362	
0.252829	0.054809	0.044908	0.067185	0.025106	0.054809	0.500354	
0.053485	0.029331	0.360248	0.048654	0.121118	0.034161	0.353002	
0.076897	0.249146	0.103213	0.036227	0.043404	0.072112	0.419002	
