0.582018	0.002884	0.020867	0.001159	0.025539	0.010230	0.035844	0.118705	0.029186	0.110106	0.006353	0.013963	0.018509	0.018024	0.006612	
0.419427	0.005526	0.091586	0.001270	0.025032	0.025354	0.043300	0.108633	0.028947	0.072330	0.017900	0.023928	0.035018	0.079862	0.021887	
0.528280	0.002703	0.046507	0.000721	0.025131	0.023045	0.037441	0.094168	0.027626	0.098646	0.006195	0.013163	0.028810	0.045640	0.021922	
0.549992	0.000919	0.015542	0.017237	0.004593	0.078697	0.209184	0.011066	0.019765	0.010714	0.045805	0.010648	0.007331	0.013784	0.004723	
0.356607	0.005773	0.100934	0.007185	0.019622	0.036829	0.100553	0.068165	0.086893	0.020340	0.036220	0.042847	0.036798	0.074264	0.006971	
0.475326	0.001678	0.033182	0.010934	0.009411	0.053247	0.151285	0.025829	0.092720	0.021027	0.031795	0.034686	0.014171	0.037737	0.006974	
0.434712	0.001178	0.066573	0.004982	0.024944	0.026943	0.070618	0.014318	0.179301	0.037405	0.015637	0.047332	0.042909	0.026544	0.006605	
0.323247	0.001282	0.123018	0.001150	0.017286	0.063662	0.065907	0.024483	0.120946	0.025647	0.005292	0.031616	0.023318	0.110944	0.062201	
0.300625	0.000942	0.126424	0.002390	0.011654	0.079080	0.090299	0.011291	0.108972	0.011793	0.007798	0.029939	0.016654	0.129527	0.072612	
0.343770	0.001257	0.112839	0.000668	0.029814	0.023685	0.027551	0.019185	0.238345	0.028509	0.004341	0.057117	0.042349	0.047777	0.022793	
0.297935	0.000916	0.129758	0.001039	0.016574	0.066418	0.067616	0.011380	0.143920	0.016666	0.004298	0.036774	0.024183	0.116948	0.065573	
0.261743	0.006231	0.153924	0.001140	0.033986	0.009633	0.020363	0.073920	0.202662	0.019040	0.022146	0.064909	0.053711	0.070483	0.006110	
0.482415	0.002275	0.053592	0.000860	0.023614	0.021636	0.041657	0.079202	0.091503	0.078350	0.005449	0.029114	0.024302	0.046184	0.019846	
0.371261	0.007087	0.115615	0.000921	0.026223	0.023789	0.037774	0.126835	0.026314	0.063979	0.022030	0.027315	0.035466	0.093532	0.021860	
0.407552	0.006159	0.098186	0.001353	0.029599	0.011305	0.030568	0.117028	0.072521	0.066862	0.020002	0.034353	0.038241	0.059380	0.006890	
0.598949	0.001251	0.021722	0.000771	0.036975	0.006367	0.015599	0.018575	0.030824	0.129205	0.006745	0.012687	0.094939	0.021052	0.004339	
0.613977	0.000928	0.019973	0.000916	0.036816	0.010575	0.017307	0.017331	0.014788	0.132779	0.005942	0.006491	0.094110	0.020032	0.008035	
0.352905	0.006449	0.123322	0.000937	0.029947	0.025316	0.033990	0.077320	0.037741	0.063359	0.023263	0.030579	0.068263	0.103230	0.023380	
0.442598	0.001102	0.082450	0.000715	0.026685	0.040516	0.040783	0.016933	0.077195	0.072495	0.004967	0.021033	0.058194	0.074237	0.040097	
0.180723	0.011148	0.196675	0.000844	0.032797	0.014106	0.023759	0.130648	0.092211	0.019073	0.037821	0.056560	0.061175	0.130256	0.012203	
0.234629	0.008837	0.174982	0.000987	0.031762	0.021311	0.027995	0.103333	0.093067	0.028056	0.030738	0.048499	0.060352	0.116455	0.018998	
0.369453	0.000883	0.041464	0.003530	0.013013	0.018962	0.087883	0.009721	0.263924	0.017893	0.010431	0.082235	0.019674	0.055856	0.005078	
0.329421	0.001095	0.026120	0.000791	0.006869	0.010082	0.083421	0.012723	0.294876	0.020045	0.003986	0.101564	0.012710	0.087876	0.008423	
0.304226	0.001054	0.071603	0.001156	0.006109	0.045996	0.091647	0.013656	0.201207	0.014931	0.004753	0.068983	0.009584	0.121094	0.044001	
