0.428110	0.013308	0.009738	0.000909	0.029860	0.041925	0.100981	0.132386	0.019906	0.171636	0.004311	0.008109	0.016426	0.016032	0.006362	
0.566116	0.008241	0.034810	0.000839	0.030136	0.024197	0.012908	0.092317	0.034687	0.113378	0.004158	0.017470	0.029155	0.025668	0.005920	
0.508536	0.013504	0.015393	0.001190	0.033260	0.033189	0.011095	0.132646	0.020594	0.175221	0.006357	0.010090	0.016398	0.013086	0.009442	
0.580410	0.000989	0.013385	0.004941	0.029329	0.053664	0.128977	0.013858	0.033889	0.012958	0.031805	0.013705	0.012827	0.020867	0.048393	
0.296190	0.001355	0.091504	0.001131	0.012924	0.032134	0.161600	0.026724	0.164485	0.016389	0.006265	0.054591	0.022751	0.103113	0.008844	
0.434259	0.001031	0.055469	0.002641	0.020477	0.040141	0.145308	0.022158	0.101902	0.014553	0.016371	0.035293	0.021471	0.064407	0.024521	
0.406925	0.001058	0.033407	0.009302	0.031885	0.072483	0.088421	0.016837	0.092322	0.011853	0.061451	0.025073	0.010421	0.044923	0.093639	
0.337081	0.004531	0.145701	0.001314	0.019653	0.027077	0.045614	0.057402	0.096184	0.064395	0.008152	0.041583	0.049472	0.090806	0.011033	
0.338504	0.003607	0.156377	0.001838	0.018304	0.030534	0.051177	0.037696	0.104421	0.046479	0.011793	0.045189	0.039923	0.097651	0.016509	
0.234352	0.001571	0.194418	0.002957	0.015623	0.036379	0.068116	0.024185	0.127003	0.022610	0.019642	0.052513	0.052225	0.120233	0.028171	
0.267905	0.001311	0.187054	0.002787	0.015995	0.033532	0.057336	0.021224	0.128733	0.019082	0.018440	0.053015	0.049499	0.117672	0.026414	
0.229458	0.000962	0.196243	0.002983	0.014096	0.037037	0.078694	0.013698	0.138958	0.011535	0.019816	0.056160	0.046004	0.125910	0.028444	
0.449682	0.003943	0.125566	0.000965	0.020789	0.024172	0.036962	0.041322	0.080052	0.052302	0.005687	0.037991	0.036129	0.077002	0.007437	
0.375367	0.001667	0.181352	0.000989	0.015758	0.020076	0.023570	0.018295	0.118913	0.021879	0.006262	0.053287	0.043572	0.111174	0.007839	
0.398254	0.001401	0.167948	0.001072	0.016850	0.020029	0.025648	0.019635	0.113565	0.020537	0.006730	0.050663	0.044666	0.104325	0.008677	
0.587059	0.001534	0.014748	0.000601	0.033720	0.007982	0.011735	0.109785	0.023687	0.071529	0.002382	0.010050	0.107249	0.014557	0.003382	
0.581782	0.001315	0.009991	0.000687	0.034990	0.007396	0.011035	0.118938	0.016328	0.074988	0.002926	0.006897	0.118458	0.010022	0.004247	
0.533790	0.001930	0.016014	0.001810	0.034913	0.017243	0.025374	0.114747	0.020633	0.076804	0.010572	0.007367	0.109072	0.013851	0.015881	
0.510920	0.004684	0.016383	0.008759	0.038297	0.068520	0.028711	0.047097	0.035493	0.059936	0.057766	0.009803	0.011114	0.014461	0.088056	
0.276325	0.001023	0.099226	0.000674	0.011883	0.009626	0.039000	0.038240	0.259504	0.017099	0.003139	0.080518	0.024422	0.135111	0.004209	
0.315688	0.002728	0.082021	0.002891	0.019692	0.029124	0.051383	0.050176	0.178974	0.040119	0.018173	0.055819	0.028239	0.097787	0.027183	
0.319354	0.001288	0.065953	0.001933	0.015369	0.020162	0.059186	0.035547	0.236034	0.017743	0.011443	0.070762	0.013694	0.114346	0.017185	
0.194578	0.002498	0.098687	0.001484	0.011462	0.019945	0.069073	0.046810	0.266303	0.031635	0.008566	0.080308	0.017485	0.138647	0.012520	
0.403512	0.002642	0.055586	0.001926	0.019613	0.026270	0.071117	0.041741	0.162577	0.035286	0.011445	0.051352	0.016163	0.083641	0.017129	
