0.109864	0.605102	0.097959	0.055102	0.047959	0.045578	0.038435	
0.035799	0.496792	0.038163	0.035799	0.035799	0.241472	0.116177	
0.050460	0.592226	0.031367	0.019434	0.040914	0.162632	0.102966	
0.536227	0.041012	0.026658	0.036227	0.062543	0.194122	0.103213	
0.396563	0.099394	0.214960	0.038073	0.144205	0.030997	0.075809	
0.362453	0.091470	0.144227	0.103460	0.055498	0.201781	0.041110	
0.680336	0.115630	0.047395	0.030924	0.070924	0.026218	0.028571	
0.031071	0.028707	0.054711	0.189463	0.274569	0.390409	0.031071	
0.220437	0.026658	0.041012	0.055366	0.029050	0.607997	0.019481	
0.184813	0.031900	0.325589	0.041609	0.320735	0.041609	0.053745	
0.040241	0.021462	0.568410	0.026157	0.143528	0.159960	0.040241	
0.188153	0.027178	0.251568	0.066202	0.419861	0.024739	0.022300	
0.049055	0.042095	0.035134	0.032814	0.531654	0.255552	0.053696	
0.030565	0.086379	0.016611	0.086379	0.558472	0.191030	0.030565	
0.058472	0.125914	0.104983	0.042193	0.544518	0.098007	0.025914	
0.021925	0.156218	0.029120	0.072285	0.031518	0.129839	0.559096	
0.067651	0.048420	0.019574	0.103709	0.036401	0.127747	0.596497	
0.084074	0.050581	0.079289	0.029050	0.021873	0.038619	0.696514	
0.218568	0.168208	0.089072	0.026721	0.017129	0.259335	0.220966	
0.028843	0.121479	0.026468	0.520529	0.038344	0.161860	0.102477	
0.148046	0.034244	0.048772	0.436181	0.056036	0.203736	0.072985	
0.116852	0.116852	0.257628	0.128988	0.029473	0.155687	0.194521	
0.046239	0.222567	0.174258	0.362664	0.041408	0.031746	0.121118	
0.062843	0.118132	0.274382	0.050824	0.019574	0.392170	0.082074	
