0.040816	0.212245	0.067007	0.114626	0.028912	0.505102	0.031293	
0.035969	0.539532	0.066848	0.026468	0.176111	0.104852	0.050221	
0.031218	0.831693	0.028843	0.024092	0.035969	0.019342	0.028843	
0.788435	0.033673	0.036054	0.026531	0.033673	0.050340	0.031293	
0.285714	0.089960	0.094677	0.035714	0.224394	0.030997	0.238544	
0.430268	0.149983	0.073974	0.102477	0.045470	0.114354	0.083475	
0.532101	0.028571	0.045042	0.063866	0.054454	0.035630	0.240336	
0.026342	0.120905	0.031071	0.078352	0.026342	0.643364	0.073624	
0.119388	0.047959	0.021769	0.397959	0.138435	0.238435	0.036054	
0.075406	0.041508	0.048772	0.724317	0.053615	0.034244	0.022138	
0.026157	0.040241	0.162307	0.603622	0.098927	0.028504	0.040241	
0.219861	0.017422	0.034495	0.214983	0.312544	0.061324	0.139373	
0.037110	0.214122	0.025616	0.131363	0.398030	0.170443	0.023317	
0.032890	0.098007	0.139867	0.158472	0.367774	0.170100	0.032890	
0.070100	0.151495	0.039867	0.032890	0.628239	0.018937	0.058472	
0.036314	0.038712	0.662213	0.019527	0.041110	0.161014	0.041110	
0.024500	0.121118	0.758799	0.019669	0.022084	0.029331	0.024500	
0.041209	0.082074	0.771978	0.043613	0.017170	0.021978	0.021978	
0.047959	0.043197	0.407483	0.397959	0.021769	0.038435	0.043197	
0.049983	0.033435	0.135089	0.033435	0.035799	0.097264	0.614995	
0.087513	0.162574	0.184365	0.242477	0.072985	0.109305	0.140782	
0.123236	0.038898	0.058176	0.041308	0.031670	0.120826	0.585886	
0.105858	0.187393	0.105858	0.055498	0.036314	0.103460	0.405618	
0.253324	0.038527	0.150699	0.107740	0.031367	0.064780	0.353563	
