0.425235	0.000931	0.025366	0.001360	0.042873	0.019669	0.030789	0.133556	0.081854	0.181905	0.006354	0.012203	0.010365	0.021737	0.005803	
0.485411	0.003641	0.055120	0.000917	0.032714	0.019484	0.034998	0.103346	0.025731	0.122831	0.005678	0.014178	0.024474	0.060816	0.010662	
0.488111	0.003220	0.057056	0.000927	0.034013	0.019449	0.034538	0.108581	0.023712	0.138862	0.004524	0.011131	0.018051	0.052152	0.005674	
0.479463	0.002698	0.090848	0.008673	0.023235	0.051263	0.126234	0.015028	0.032926	0.010816	0.040003	0.047612	0.019512	0.046458	0.005231	
0.378368	0.001427	0.075280	0.006462	0.022507	0.053916	0.111496	0.028395	0.153886	0.032379	0.029756	0.039954	0.020384	0.039318	0.006472	
0.399211	0.003074	0.068336	0.005735	0.021931	0.052376	0.107857	0.027742	0.129150	0.032943	0.027908	0.036721	0.011686	0.063060	0.012271	
0.446306	0.000955	0.058455	0.011686	0.031522	0.057817	0.148496	0.017636	0.053576	0.018635	0.054622	0.059875	0.010403	0.021303	0.008715	
0.391181	0.006507	0.148197	0.000652	0.009830	0.029679	0.052538	0.009845	0.084614	0.011754	0.010305	0.048190	0.031342	0.129650	0.035717	
0.495205	0.006834	0.111582	0.003413	0.010231	0.048964	0.099625	0.007089	0.044355	0.007074	0.016390	0.022787	0.007740	0.111163	0.007547	
0.310644	0.001028	0.118802	0.003651	0.013616	0.049169	0.086904	0.018900	0.222805	0.017454	0.017234	0.042160	0.041949	0.046567	0.009117	
0.224612	0.002807	0.075748	0.001096	0.006662	0.065809	0.094659	0.011065	0.360980	0.010966	0.006327	0.021706	0.019616	0.083798	0.014148	
0.314967	0.001166	0.159329	0.003232	0.010543	0.042435	0.076334	0.008523	0.193610	0.010594	0.015941	0.051519	0.049150	0.051200	0.011458	
0.461322	0.003688	0.211982	0.000744	0.007370	0.020015	0.039515	0.020101	0.025327	0.019515	0.003701	0.042814	0.063364	0.074564	0.005977	
0.442124	0.002798	0.215546	0.000893	0.010087	0.013496	0.028999	0.026289	0.024915	0.019500	0.005964	0.053135	0.077883	0.065743	0.012629	
0.415973	0.001707	0.217468	0.000965	0.011464	0.016217	0.030982	0.030993	0.054473	0.041871	0.004570	0.050292	0.067668	0.049486	0.005871	
0.529266	0.002142	0.030170	0.000823	0.032396	0.012535	0.022931	0.123874	0.024565	0.069797	0.004439	0.009772	0.094477	0.035409	0.007405	
0.519258	0.003029	0.039779	0.000574	0.028456	0.012700	0.023015	0.109201	0.028863	0.042858	0.005242	0.016040	0.101649	0.053803	0.015534	
0.491052	0.001044	0.017480	0.000690	0.031392	0.014883	0.022337	0.126391	0.081439	0.051412	0.003887	0.010203	0.114931	0.024434	0.008426	
0.344897	0.005578	0.059040	0.002134	0.028250	0.026331	0.050124	0.049924	0.102949	0.061524	0.021955	0.056318	0.015326	0.119641	0.056008	
0.273633	0.007838	0.070585	0.000715	0.026605	0.014403	0.025576	0.032027	0.108554	0.031587	0.025178	0.085726	0.025523	0.175460	0.096588	
0.260119	0.008039	0.101904	0.001123	0.022929	0.015138	0.029902	0.011916	0.103520	0.017694	0.027697	0.095968	0.022594	0.182218	0.099239	
0.344235	0.003543	0.049758	0.002012	0.020517	0.042532	0.070055	0.049453	0.193848	0.034213	0.013918	0.030361	0.037067	0.082387	0.026103	
0.271421	0.004534	0.036075	0.001011	0.030281	0.024390	0.035984	0.063526	0.180006	0.065355	0.018806	0.058592	0.029608	0.115003	0.065408	
0.329065	0.004756	0.065513	0.000978	0.012029	0.053988	0.082639	0.028470	0.236116	0.028323	0.007015	0.017835	0.014841	0.100839	0.017593	
