0.576238	0.000749	0.013823	0.000639	0.022504	0.024738	0.035045	0.027248	0.035891	0.088047	0.002014	0.005304	0.030556	0.008137	0.129068	
0.490548	0.003360	0.062473	0.002481	0.019566	0.018982	0.042809	0.118521	0.023207	0.086058	0.008628	0.018841	0.057765	0.036712	0.010049	
0.478329	0.002924	0.049670	0.002171	0.029091	0.030780	0.056003	0.110379	0.032162	0.079752	0.007534	0.015062	0.064410	0.032007	0.009728	
0.340996	0.009399	0.117295	0.006787	0.009094	0.053312	0.123231	0.022959	0.079085	0.021305	0.027901	0.039920	0.016454	0.123629	0.008631	
0.352875	0.004481	0.085570	0.003277	0.017463	0.032350	0.067120	0.068276	0.119633	0.048319	0.020291	0.040847	0.039918	0.095842	0.003739	
0.392077	0.006181	0.090003	0.004490	0.012824	0.034208	0.079341	0.071687	0.071431	0.052122	0.019982	0.033397	0.036254	0.089822	0.006180	
0.370779	0.004618	0.051106	0.003391	0.064393	0.099521	0.157132	0.010533	0.080116	0.011702	0.011445	0.013759	0.065507	0.048366	0.007632	
0.420058	0.005521	0.152252	0.004031	0.021144	0.047060	0.092445	0.019781	0.058181	0.024108	0.014197	0.045317	0.026530	0.060696	0.008679	
0.407453	0.010257	0.104754	0.007405	0.005170	0.056094	0.131735	0.006568	0.031824	0.028408	0.025288	0.027401	0.007108	0.107495	0.043040	
0.351635	0.000871	0.050899	0.000715	0.035504	0.042860	0.060155	0.016749	0.176571	0.039965	0.015129	0.038797	0.040234	0.077614	0.052303	
0.315816	0.003037	0.073061	0.002255	0.020148	0.036929	0.064767	0.008718	0.187010	0.032988	0.022600	0.048196	0.022979	0.111779	0.049718	
0.348662	0.000869	0.081672	0.000712	0.019680	0.023935	0.034939	0.011902	0.191869	0.041801	0.017651	0.052733	0.023474	0.091030	0.059072	
0.470225	0.002978	0.234368	0.002219	0.005853	0.017400	0.038258	0.016852	0.057707	0.026261	0.007569	0.071142	0.011070	0.031995	0.006103	
0.424450	0.002877	0.151002	0.002140	0.013045	0.020472	0.041936	0.054008	0.087555	0.045150	0.011898	0.053851	0.030632	0.055309	0.005676	
0.427823	0.000730	0.140831	0.000612	0.023827	0.022052	0.031662	0.053603	0.105736	0.046168	0.007581	0.053580	0.040819	0.037864	0.007111	
0.525028	0.000681	0.018248	0.000581	0.046158	0.006921	0.011098	0.142448	0.025744	0.104875	0.002997	0.008737	0.087084	0.013598	0.005802	
0.522906	0.001396	0.020651	0.001081	0.031648	0.008542	0.017593	0.159027	0.014489	0.110222	0.003810	0.007275	0.081429	0.016140	0.003790	
0.495852	0.000716	0.022608	0.000607	0.049133	0.017107	0.024876	0.123438	0.046231	0.092049	0.004248	0.012014	0.084243	0.020154	0.006723	
0.536892	0.000698	0.027010	0.000599	0.018431	0.005352	0.009001	0.055712	0.063305	0.093688	0.006289	0.017198	0.034766	0.031020	0.100041	
0.213531	0.003146	0.093546	0.002324	0.020911	0.033726	0.061302	0.024773	0.249531	0.019767	0.029557	0.066074	0.029026	0.148537	0.004248	
0.309109	0.003294	0.086846	0.002435	0.021927	0.031387	0.058950	0.041743	0.174583	0.037096	0.022495	0.050932	0.034982	0.110584	0.013637	
0.284827	0.002781	0.108284	0.002068	0.020463	0.033953	0.059418	0.022273	0.200408	0.024894	0.022996	0.060793	0.027832	0.114573	0.014437	
0.330826	0.000634	0.086513	0.000534	0.019914	0.014941	0.021828	0.071468	0.185005	0.054156	0.017297	0.054651	0.043632	0.089823	0.008777	
0.287032	0.006524	0.110658	0.004736	0.010694	0.041310	0.090745	0.016616	0.159614	0.020649	0.028996	0.053867	0.016274	0.136846	0.015441	
