0.461781	0.007753	0.045750	0.000915	0.048130	0.028107	0.022774	0.137541	0.037038	0.142663	0.004523	0.013958	0.012124	0.030509	0.006433	
0.485552	0.007011	0.038222	0.002989	0.036491	0.033968	0.017196	0.104910	0.041734	0.106861	0.018673	0.020139	0.023461	0.034690	0.028103	
0.491935	0.006666	0.042233	0.001675	0.039397	0.026621	0.021159	0.115845	0.042859	0.118868	0.009599	0.022961	0.016860	0.028987	0.014335	
0.571934	0.009780	0.023363	0.011685	0.007940	0.077229	0.019542	0.013392	0.023963	0.012795	0.077845	0.009200	0.007794	0.014758	0.118781	
0.319759	0.001901	0.087947	0.001753	0.026135	0.034743	0.153580	0.030205	0.179822	0.028239	0.010318	0.048173	0.021232	0.040717	0.015476	
0.359348	0.003492	0.073022	0.003706	0.019819	0.043218	0.121515	0.022687	0.163287	0.023281	0.023603	0.044426	0.012323	0.050562	0.035710	
0.264680	0.002017	0.105408	0.001282	0.031178	0.039894	0.202104	0.025883	0.204943	0.024758	0.007109	0.044214	0.008438	0.027453	0.010639	
0.426303	0.002806	0.134954	0.002757	0.009313	0.030389	0.044714	0.026172	0.093940	0.022536	0.017584	0.039391	0.027457	0.095926	0.025758	
0.382633	0.002887	0.146829	0.003070	0.009392	0.035880	0.052204	0.019861	0.104032	0.015731	0.019956	0.035754	0.032187	0.110460	0.029125	
0.166685	0.001481	0.177222	0.001024	0.009050	0.034839	0.015647	0.023602	0.177659	0.023043	0.007176	0.042601	0.065044	0.246965	0.007962	
0.253093	0.002451	0.138148	0.002506	0.008732	0.037633	0.017113	0.023751	0.156701	0.023535	0.016765	0.042749	0.054290	0.199235	0.023299	
0.248500	0.003191	0.134439	0.002999	0.014900	0.045456	0.070610	0.020532	0.164334	0.020363	0.019846	0.036413	0.037903	0.152017	0.028498	
0.536630	0.001556	0.181005	0.001025	0.007944	0.014451	0.059276	0.028913	0.039603	0.019960	0.005407	0.038154	0.015800	0.042635	0.007641	
0.364797	0.001932	0.160751	0.001456	0.010388	0.026426	0.039426	0.029896	0.107038	0.025612	0.009102	0.039973	0.039366	0.131545	0.012291	
0.399657	0.001516	0.140485	0.001183	0.013327	0.021873	0.053175	0.035451	0.104555	0.030185	0.006918	0.044129	0.038967	0.099160	0.009420	
0.500875	0.001771	0.030354	0.001098	0.039058	0.010338	0.015436	0.109618	0.024657	0.095274	0.005966	0.035835	0.104377	0.016472	0.008869	
0.495710	0.002076	0.029167	0.001997	0.035261	0.016198	0.024743	0.095270	0.037285	0.082098	0.012057	0.036731	0.095863	0.017329	0.018214	
0.459840	0.002029	0.028643	0.001691	0.037153	0.017641	0.038756	0.094862	0.057896	0.083123	0.010001	0.038040	0.092439	0.022859	0.015029	
0.506637	0.006636	0.036981	0.006767	0.020464	0.050715	0.032036	0.049352	0.049726	0.046601	0.044450	0.022314	0.031537	0.028170	0.067615	
0.391845	0.002426	0.070607	0.002350	0.028214	0.028627	0.058381	0.063192	0.095038	0.055167	0.014774	0.037078	0.069344	0.061113	0.021844	
0.359891	0.003778	0.091906	0.004340	0.014887	0.042470	0.028223	0.034632	0.109117	0.031166	0.028704	0.034327	0.054518	0.119583	0.042457	
0.345617	0.001470	0.084463	0.001416	0.024891	0.028983	0.133181	0.035627	0.166808	0.032629	0.008015	0.050968	0.029099	0.044895	0.011938	
0.445510	0.000949	0.025293	0.000720	0.006401	0.007755	0.021675	0.040199	0.186558	0.048287	0.002866	0.084975	0.011182	0.113645	0.003985	
0.343186	0.003301	0.093680	0.003525	0.022827	0.044959	0.138931	0.022435	0.153551	0.019972	0.022503	0.037732	0.018734	0.040692	0.033972	
