0.041110	0.019527	0.021925	0.045906	0.031518	0.810894	0.029120	
0.232791	0.048772	0.034244	0.453130	0.068143	0.126254	0.036666	
0.092976	0.024092	0.035969	0.451646	0.047845	0.309128	0.038344	
0.172591	0.079289	0.139098	0.041012	0.021873	0.033835	0.512303	
0.026035	0.142857	0.091455	0.177904	0.077437	0.030708	0.453605	
0.101274	0.143528	0.044936	0.253856	0.047284	0.073105	0.336016	
0.043197	0.074150	0.062245	0.050340	0.128912	0.095578	0.545578	
0.298890	0.092580	0.247920	0.228502	0.027046	0.046463	0.058599	
0.354561	0.195525	0.291910	0.031670	0.024441	0.050947	0.050947	
0.039761	0.022519	0.542224	0.084096	0.057002	0.143209	0.111189	
0.126207	0.046953	0.373293	0.065601	0.070263	0.184482	0.133200	
0.024860	0.024860	0.725840	0.039566	0.027311	0.054272	0.103291	
0.115271	0.115271	0.149754	0.388834	0.032512	0.142857	0.055501	
0.087601	0.113544	0.151280	0.453167	0.052224	0.075809	0.066375	
0.040623	0.137779	0.118822	0.516926	0.059580	0.050102	0.076168	
0.114899	0.114899	0.021821	0.052847	0.625639	0.026594	0.043300	
0.217525	0.036140	0.019434	0.129219	0.377429	0.057620	0.162632	
0.076531	0.047959	0.021769	0.036054	0.588435	0.190816	0.038435	
0.100104	0.046576	0.041710	0.024678	0.122002	0.472367	0.192562	
0.099629	0.484971	0.042891	0.071260	0.203647	0.049983	0.047619	
0.065091	0.252141	0.254539	0.117849	0.194587	0.067489	0.048304	
0.088803	0.334503	0.133029	0.078975	0.128115	0.034749	0.201825	
0.043508	0.300103	0.029120	0.328880	0.062693	0.036314	0.199383	
0.172179	0.157859	0.055234	0.069553	0.043300	0.107740	0.394136	
