0.477994	0.000703	0.062285	0.000765	0.028697	0.026160	0.044952	0.100205	0.043241	0.079886	0.003939	0.012075	0.038106	0.067603	0.013390	
0.454715	0.000914	0.081259	0.000903	0.033566	0.019211	0.041921	0.102252	0.023292	0.082071	0.012855	0.018632	0.041194	0.075709	0.011506	
0.483269	0.005740	0.036201	0.001053	0.030912	0.012896	0.027739	0.114445	0.049165	0.106005	0.005925	0.015531	0.059535	0.021907	0.029676	
0.600276	0.000694	0.016719	0.015059	0.004082	0.073927	0.180552	0.007405	0.018624	0.006849	0.043833	0.008220	0.005947	0.014583	0.003231	
0.376243	0.000848	0.102666	0.004643	0.026423	0.029555	0.082780	0.033069	0.122972	0.027007	0.031474	0.057247	0.031514	0.069781	0.003778	
0.509588	0.001134	0.036740	0.007322	0.018260	0.038606	0.112158	0.054085	0.059579	0.044552	0.025999	0.026345	0.024361	0.035099	0.006171	
0.441260	0.002341	0.052437	0.006073	0.014734	0.046045	0.095341	0.023950	0.157300	0.024439	0.018287	0.041767	0.030255	0.032182	0.013589	
0.347447	0.000753	0.125701	0.000937	0.018655	0.051774	0.049551	0.022415	0.157939	0.018835	0.005488	0.037647	0.030209	0.111952	0.020698	
0.368015	0.000844	0.136188	0.002831	0.011566	0.065507	0.073937	0.009446	0.097090	0.009009	0.011494	0.024156	0.018858	0.143964	0.027096	
0.332629	0.000727	0.123907	0.001537	0.022307	0.052987	0.039663	0.009800	0.225611	0.008952	0.006578	0.048893	0.039031	0.073268	0.014110	
0.326410	0.000670	0.149366	0.000688	0.013866	0.064185	0.050724	0.006444	0.148281	0.006171	0.003451	0.031531	0.024385	0.146099	0.027730	
0.257477	0.000742	0.185854	0.002351	0.038548	0.033576	0.030602	0.010337	0.180037	0.009317	0.035608	0.071982	0.048723	0.091105	0.003740	
0.430429	0.000695	0.086268	0.000636	0.026226	0.034504	0.042828	0.074567	0.084812	0.059724	0.004166	0.020954	0.036771	0.081812	0.015608	
0.327323	0.000791	0.169558	0.000813	0.036808	0.023588	0.037861	0.061285	0.027612	0.049444	0.030809	0.041277	0.038854	0.140633	0.013344	
0.384208	0.000929	0.112943	0.001120	0.039664	0.015996	0.030898	0.079194	0.086795	0.063940	0.022246	0.042619	0.049141	0.065343	0.004964	
0.448394	0.012531	0.037250	0.000632	0.022969	0.011575	0.016298	0.108668	0.028260	0.121550	0.005000	0.013200	0.072972	0.034901	0.065800	
0.482539	0.013228	0.013801	0.000786	0.024814	0.005288	0.013560	0.125941	0.015922	0.137211	0.003597	0.008399	0.078064	0.010911	0.065940	
0.403211	0.009552	0.073225	0.001025	0.023993	0.017022	0.029018	0.084680	0.046577	0.093737	0.012632	0.026226	0.061370	0.065162	0.052569	
0.444911	0.007966	0.059218	0.002966	0.017641	0.031871	0.053358	0.070789	0.045558	0.078208	0.011881	0.017097	0.049907	0.061298	0.047331	
0.219670	0.003258	0.210711	0.000679	0.041083	0.018226	0.020289	0.029461	0.102991	0.031604	0.041650	0.072379	0.052775	0.136575	0.018647	
0.300345	0.005338	0.146991	0.001186	0.034356	0.019939	0.024023	0.047251	0.109202	0.051819	0.028410	0.056080	0.057250	0.089706	0.028103	
0.363320	0.000660	0.038366	0.003651	0.009794	0.027138	0.114857	0.009393	0.261975	0.006894	0.012159	0.084005	0.016061	0.048531	0.003194	
0.317638	0.001574	0.031018	0.000682	0.006967	0.009571	0.112647	0.020197	0.279069	0.017460	0.004519	0.099857	0.012573	0.076250	0.009979	
0.321569	0.000760	0.082284	0.000986	0.006357	0.035655	0.098844	0.008556	0.213188	0.006716	0.004706	0.070518	0.010340	0.121644	0.017878	
