0.033435	0.059439	0.797028	0.031071	0.028707	0.021614	0.028707	
0.050221	0.563285	0.033593	0.123855	0.062097	0.107228	0.059722	
0.040719	0.741432	0.071598	0.024092	0.038344	0.028843	0.054971	
0.759864	0.026531	0.038435	0.021769	0.107483	0.026531	0.019388	
0.278639	0.238544	0.030997	0.035714	0.120620	0.078167	0.217318	
0.452945	0.263372	0.021666	0.021666	0.045362	0.054841	0.140149	
0.367883	0.048074	0.031367	0.045687	0.048074	0.079100	0.379816	
0.033673	0.202721	0.045578	0.036054	0.207483	0.445578	0.028912	
0.085092	0.019716	0.162574	0.026980	0.082670	0.569353	0.053615	
0.046690	0.019861	0.122300	0.036934	0.034495	0.695470	0.044251	
0.037629	0.028305	0.128538	0.039960	0.023643	0.701965	0.039960	
0.256446	0.049129	0.097909	0.029617	0.029617	0.441812	0.095470	
0.046844	0.074751	0.158472	0.037542	0.560797	0.074751	0.046844	
0.105228	0.072594	0.023643	0.079587	0.627373	0.058608	0.032967	
0.101037	0.304784	0.035463	0.033121	0.351623	0.082302	0.091669	
0.016966	0.021717	0.019342	0.860197	0.028843	0.019342	0.033593	
0.028843	0.206990	0.026468	0.655921	0.026468	0.021717	0.033593	
0.038253	0.031144	0.168585	0.649628	0.024035	0.028775	0.059580	
0.156737	0.028775	0.400812	0.268111	0.024035	0.028775	0.092756	
0.091033	0.050460	0.021821	0.172179	0.143539	0.083873	0.437095	
0.102234	0.097495	0.033514	0.104604	0.024035	0.391334	0.246784	
0.063300	0.077828	0.026980	0.114147	0.232791	0.150467	0.334486	
0.029331	0.285369	0.046239	0.089717	0.029331	0.022084	0.497930	
0.067167	0.024207	0.060007	0.048074	0.212751	0.069553	0.518241	
