0.583945	0.007142	0.017863	0.000678	0.017193	0.005288	0.067824	0.114542	0.020236	0.086338	0.002968	0.032763	0.019428	0.018985	0.004807	
0.544173	0.008860	0.032947	0.002518	0.022066	0.031655	0.026493	0.118448	0.025142	0.105633	0.011453	0.013104	0.027199	0.024199	0.006110	
0.505523	0.010057	0.054799	0.001979	0.023585	0.023932	0.027882	0.123088	0.031272	0.113426	0.009000	0.014604	0.022741	0.032185	0.005927	
0.648745	0.002432	0.023379	0.009393	0.007475	0.130339	0.028306	0.009967	0.040373	0.010103	0.041254	0.019341	0.011486	0.014045	0.003363	
0.285774	0.001404	0.119916	0.000890	0.030583	0.010019	0.138299	0.025483	0.170506	0.029372	0.004087	0.093165	0.032663	0.052796	0.005044	
0.378121	0.003704	0.082913	0.002738	0.025084	0.036025	0.093678	0.043495	0.134566	0.044954	0.013101	0.064331	0.024706	0.044157	0.008428	
0.275651	0.001010	0.061720	0.001188	0.027457	0.015337	0.182727	0.012102	0.241777	0.011225	0.005266	0.127328	0.008919	0.024300	0.003993	
0.376599	0.003408	0.093534	0.002297	0.011926	0.028716	0.041118	0.040371	0.127128	0.031330	0.021537	0.024827	0.022814	0.124269	0.050128	
0.492809	0.001954	0.070895	0.004241	0.009542	0.056545	0.057016	0.023586	0.087432	0.013518	0.024656	0.032989	0.018277	0.078290	0.028250	
0.176166	0.002429	0.152394	0.000941	0.015883	0.009646	0.035943	0.020692	0.208912	0.022846	0.022529	0.027611	0.032842	0.193248	0.077919	
0.238976	0.003100	0.105554	0.002723	0.008039	0.035170	0.017394	0.017502	0.215106	0.015584	0.032467	0.017420	0.017347	0.187668	0.085951	
0.262244	0.002106	0.110884	0.001668	0.014710	0.020247	0.053686	0.022914	0.191171	0.019644	0.022007	0.037993	0.027016	0.150829	0.062882	
0.450007	0.001508	0.158081	0.002113	0.020622	0.025547	0.068689	0.032908	0.030014	0.029985	0.010292	0.034440	0.043980	0.082823	0.008993	
0.331369	0.001200	0.246091	0.002346	0.032755	0.028691	0.040750	0.024930	0.023761	0.044228	0.010635	0.020547	0.074105	0.112149	0.006443	
0.268668	0.001805	0.227816	0.002090	0.035636	0.025745	0.058521	0.025535	0.079105	0.047720	0.009982	0.037974	0.067066	0.104290	0.008047	
0.538327	0.001281	0.018121	0.002677	0.035251	0.034171	0.025091	0.098984	0.017739	0.089707	0.011468	0.013182	0.097510	0.013431	0.003060	
0.519226	0.001253	0.014181	0.002588	0.040410	0.032966	0.013524	0.109496	0.018536	0.103463	0.011005	0.007784	0.112479	0.010373	0.002716	
0.503827	0.001273	0.017589	0.001126	0.037405	0.012106	0.038996	0.108806	0.032202	0.095611	0.005292	0.021345	0.100555	0.018096	0.005771	
0.371122	0.002566	0.067694	0.003240	0.019069	0.042593	0.029534	0.045427	0.137010	0.042547	0.024584	0.022587	0.043382	0.103285	0.045362	
0.365851	0.001544	0.079383	0.002240	0.030960	0.028783	0.077538	0.049807	0.124689	0.051388	0.012110	0.053583	0.057252	0.051665	0.013208	
0.314186	0.002348	0.092391	0.002000	0.025538	0.024879	0.032760	0.053425	0.140895	0.053949	0.018832	0.024940	0.058232	0.111275	0.044350	
0.387787	0.003145	0.047454	0.001450	0.024081	0.017893	0.118647	0.051637	0.153422	0.042829	0.007856	0.079095	0.021497	0.033130	0.010075	
0.419988	0.010551	0.042239	0.000715	0.022520	0.006444	0.049957	0.121731	0.100154	0.109448	0.006842	0.032688	0.009185	0.048160	0.019378	
0.446225	0.004376	0.066825	0.003968	0.018864	0.053134	0.060441	0.047299	0.103996	0.045386	0.020349	0.040877	0.020798	0.051736	0.015725	
