0.387902	0.096036	0.024265	0.031442	0.409433	0.021873	0.029050	
0.465898	0.119104	0.028843	0.040719	0.111978	0.047845	0.185612	
0.541812	0.058885	0.051568	0.039373	0.080836	0.088153	0.139373	
0.017088	0.033835	0.107997	0.021873	0.021873	0.026658	0.770677	
0.052224	0.056941	0.526280	0.033356	0.115903	0.165431	0.049865	
0.161476	0.057211	0.379485	0.057211	0.035884	0.102234	0.206500	
0.028571	0.026218	0.772101	0.026218	0.040336	0.028571	0.077983	
0.101993	0.052347	0.033435	0.350220	0.222560	0.071260	0.168186	
0.019481	0.033835	0.072112	0.196514	0.275461	0.069720	0.332878	
0.029689	0.061474	0.090814	0.545582	0.098149	0.120154	0.054139	
0.040147	0.047173	0.049515	0.602208	0.037805	0.016728	0.206424	
0.019669	0.077640	0.147688	0.439959	0.133195	0.065562	0.116287	
0.037542	0.023588	0.030565	0.060797	0.414286	0.284053	0.149169	
0.019205	0.061658	0.028639	0.042790	0.219677	0.460243	0.167790	
0.056541	0.065908	0.199398	0.054199	0.072934	0.403145	0.147876	
0.026594	0.568360	0.019434	0.019434	0.138766	0.026594	0.200818	
0.026594	0.666212	0.021821	0.017047	0.055234	0.019434	0.193658	
0.040816	0.595578	0.045578	0.038435	0.193197	0.017007	0.069388	
0.048304	0.218568	0.098664	0.316889	0.043508	0.024323	0.249743	
0.036054	0.262245	0.305102	0.090816	0.047959	0.093197	0.164626	
0.050702	0.271326	0.117849	0.309695	0.033916	0.072285	0.144227	
0.142159	0.103039	0.428222	0.068809	0.134824	0.024799	0.098149	
0.570747	0.026594	0.176952	0.133992	0.036140	0.021821	0.033754	
0.178228	0.053228	0.221497	0.108516	0.055632	0.072459	0.310440	
