0.476723	0.000672	0.016671	0.000820	0.039022	0.064226	0.043196	0.189990	0.015875	0.092173	0.002835	0.005066	0.026312	0.015309	0.011111	
0.442459	0.001529	0.103343	0.001321	0.019486	0.039812	0.065782	0.098171	0.034808	0.071171	0.005426	0.025084	0.035879	0.049272	0.006458	
0.439905	0.001976	0.095421	0.001335	0.020590	0.033500	0.057220	0.092351	0.048825	0.077549	0.006686	0.029603	0.044691	0.045335	0.005012	
0.518784	0.001861	0.055592	0.009357	0.010251	0.057513	0.121415	0.014084	0.057553	0.011550	0.038486	0.021782	0.014352	0.052168	0.015253	
0.493395	0.001992	0.091779	0.005701	0.008710	0.039764	0.092751	0.046095	0.052248	0.035558	0.023188	0.032744	0.023395	0.041140	0.011540	
0.480539	0.002535	0.080549	0.006769	0.011058	0.042662	0.097879	0.030629	0.073704	0.024643	0.029327	0.034802	0.021811	0.049998	0.013095	
0.441098	0.004105	0.045224	0.008541	0.021882	0.048582	0.097999	0.018910	0.127138	0.013841	0.041629	0.043098	0.024833	0.058220	0.004898	
0.339013	0.002226	0.152342	0.000820	0.019409	0.044028	0.089712	0.030837	0.073121	0.035481	0.006730	0.023521	0.028619	0.129428	0.024713	
0.336015	0.001236	0.175039	0.000697	0.014027	0.053037	0.109211	0.011814	0.053817	0.012805	0.004008	0.010542	0.010833	0.159838	0.047081	
0.304987	0.005976	0.058088	0.001239	0.035185	0.017804	0.021832	0.039828	0.215143	0.027844	0.018766	0.058765	0.036282	0.101016	0.057246	
0.308643	0.004878	0.081933	0.000749	0.031694	0.025976	0.037890	0.039023	0.179432	0.026135	0.014032	0.046918	0.030272	0.114893	0.057531	
0.285453	0.006507	0.074271	0.000789	0.031703	0.008053	0.017099	0.018939	0.236769	0.018592	0.018083	0.066459	0.035899	0.112858	0.068529	
0.421835	0.002134	0.156348	0.000921	0.008187	0.025395	0.071209	0.070436	0.049075	0.052455	0.003873	0.041959	0.028610	0.058261	0.009303	
0.408700	0.003000	0.135934	0.002657	0.011967	0.028818	0.077225	0.050981	0.080024	0.040313	0.013621	0.046384	0.028919	0.064552	0.006905	
0.395470	0.004140	0.130096	0.000692	0.014789	0.007952	0.038735	0.076593	0.111043	0.061439	0.007967	0.065015	0.042633	0.038597	0.004838	
0.510333	0.001535	0.019774	0.001067	0.025442	0.007707	0.014079	0.058659	0.042563	0.153325	0.006157	0.013822	0.116212	0.022254	0.007071	
0.515780	0.000825	0.061264	0.004216	0.015591	0.036918	0.075404	0.047448	0.016802	0.089345	0.015897	0.010450	0.063724	0.041317	0.005020	
0.497475	0.001260	0.021468	0.001033	0.028535	0.026297	0.025095	0.096710	0.038301	0.124640	0.005248	0.011092	0.080872	0.025229	0.016746	
0.534007	0.000900	0.017995	0.001005	0.009968	0.006856	0.012378	0.023770	0.084677	0.058241	0.004030	0.006625	0.042560	0.066238	0.130751	
0.175581	0.007943	0.117521	0.001033	0.042288	0.022380	0.044674	0.015325	0.256479	0.017952	0.023437	0.078799	0.043934	0.142618	0.010035	
0.318518	0.005354	0.089374	0.002606	0.028925	0.024597	0.052674	0.021448	0.178248	0.029983	0.022026	0.055390	0.040722	0.102522	0.027614	
0.327539	0.004513	0.129244	0.001324	0.022147	0.023773	0.058987	0.038701	0.140746	0.034321	0.013602	0.054719	0.034401	0.096374	0.019609	
0.433419	0.003983	0.072536	0.006135	0.018548	0.035318	0.080187	0.035253	0.117802	0.029622	0.030874	0.048965	0.030966	0.050886	0.005505	
0.306870	0.003050	0.157323	0.001580	0.020589	0.046559	0.097264	0.015455	0.102990	0.013919	0.012066	0.030837	0.018919	0.144703	0.027879	
