0.019342	0.033593	0.050221	0.807940	0.026468	0.031218	0.031218	
0.035799	0.187099	0.028707	0.267477	0.106721	0.307666	0.066532	
0.070055	0.144574	0.021978	0.226305	0.161401	0.308036	0.067651	
0.107997	0.129528	0.069720	0.021873	0.021873	0.057758	0.591251	
0.066689	0.114083	0.052471	0.045362	0.031144	0.336831	0.353419	
0.126230	0.107228	0.059722	0.019342	0.024092	0.240244	0.423142	
0.285042	0.040336	0.021513	0.052101	0.028571	0.033277	0.539160	
0.127997	0.458967	0.113813	0.061803	0.106721	0.097264	0.033435	
0.064935	0.607997	0.218045	0.031442	0.029050	0.024265	0.024265	
0.426138	0.027112	0.265554	0.146333	0.039277	0.034411	0.061175	
0.344677	0.155997	0.266846	0.151280	0.033356	0.019205	0.028639	
0.455117	0.037024	0.318198	0.032134	0.027244	0.098149	0.032134	
0.032814	0.223069	0.042095	0.056016	0.023533	0.580378	0.042095	
0.122689	0.188571	0.030924	0.021513	0.026218	0.454454	0.155630	
0.173231	0.028371	0.021362	0.044726	0.049399	0.654539	0.028371	
0.086466	0.021873	0.031442	0.026658	0.756323	0.029050	0.048189	
0.021925	0.165810	0.021925	0.053100	0.393628	0.089072	0.254539	
0.064626	0.033673	0.076531	0.271769	0.476531	0.031293	0.045578	
0.036227	0.021873	0.607997	0.021873	0.251538	0.019481	0.041012	
0.578912	0.197959	0.045578	0.033673	0.057483	0.036054	0.050340	
0.369647	0.137033	0.127441	0.024323	0.101062	0.089072	0.151422	
0.267337	0.201803	0.090153	0.029473	0.046463	0.296463	0.068308	
0.238324	0.038805	0.024382	0.036401	0.043613	0.235920	0.382555	
0.197489	0.470648	0.128605	0.031218	0.024092	0.064472	0.083475	
