0.570731	0.000833	0.012920	0.000674	0.046394	0.006000	0.071938	0.102727	0.020173	0.095232	0.002822	0.042638	0.011148	0.010815	0.004956	
0.489566	0.005941	0.016565	0.000891	0.033030	0.025395	0.028951	0.108000	0.038040	0.164914	0.007965	0.011206	0.024881	0.017617	0.027040	
0.485906	0.007559	0.016886	0.001098	0.029048	0.016554	0.018290	0.122855	0.024524	0.202045	0.006890	0.007421	0.023254	0.023137	0.014534	
0.385752	0.006851	0.047616	0.008244	0.004856	0.050961	0.092378	0.010861	0.087451	0.010291	0.042331	0.029467	0.006890	0.212225	0.003827	
0.257559	0.001453	0.129700	0.000782	0.011212	0.008139	0.137404	0.034294	0.236433	0.027432	0.003796	0.080042	0.035869	0.029298	0.006588	
0.368805	0.005042	0.090063	0.005571	0.009816	0.036844	0.069292	0.029734	0.104339	0.018503	0.028820	0.037136	0.036034	0.153743	0.006258	
0.378657	0.001544	0.046369	0.000680	0.033010	0.062979	0.101750	0.023580	0.167581	0.031402	0.015202	0.037815	0.010415	0.013900	0.075116	
0.322066	0.002774	0.160364	0.002380	0.019512	0.043146	0.035575	0.023618	0.136620	0.027757	0.017704	0.046407	0.033553	0.090812	0.037710	
0.362559	0.004552	0.130390	0.005120	0.013170	0.037638	0.042529	0.026383	0.092021	0.026568	0.027252	0.041067	0.025178	0.155045	0.010529	
0.239155	0.000790	0.255149	0.000576	0.015892	0.020663	0.025897	0.021882	0.184330	0.018192	0.005819	0.074328	0.047914	0.066122	0.023290	
0.292368	0.002372	0.187446	0.002296	0.017191	0.040068	0.036458	0.016377	0.152844	0.019011	0.016723	0.054619	0.032878	0.094844	0.034506	
0.277727	0.001191	0.210178	0.000992	0.020194	0.034823	0.033693	0.019039	0.168832	0.019476	0.010480	0.062548	0.036691	0.066404	0.037733	
0.439059	0.002368	0.100923	0.001725	0.029115	0.011296	0.048577	0.073525	0.071418	0.076406	0.008188	0.048701	0.026048	0.059216	0.003435	
0.403725	0.002678	0.120409	0.002866	0.023079	0.023488	0.042092	0.052256	0.085757	0.040590	0.015323	0.045551	0.038294	0.093967	0.009924	
0.468986	0.002629	0.057328	0.000718	0.035628	0.023303	0.049355	0.082233	0.068232	0.096291	0.006811	0.034480	0.025779	0.022428	0.025800	
0.536175	0.002681	0.020279	0.000681	0.032183	0.005062	0.017254	0.129255	0.028701	0.064050	0.002727	0.010338	0.134502	0.012553	0.003561	
0.530552	0.003301	0.015552	0.000910	0.031717	0.009007	0.020750	0.125238	0.029405	0.077048	0.004477	0.009402	0.118650	0.017267	0.006724	
0.532753	0.002088	0.015296	0.000646	0.036909	0.023051	0.026434	0.107900	0.039657	0.053129	0.006458	0.010682	0.107875	0.011059	0.026063	
0.485167	0.003482	0.021856	0.001382	0.035102	0.038748	0.048490	0.078355	0.062534	0.085547	0.012743	0.018247	0.037310	0.031100	0.039937	
0.400766	0.004145	0.087408	0.004174	0.018502	0.042295	0.044914	0.040578	0.088232	0.024812	0.024516	0.028636	0.048261	0.119368	0.023393	
0.427161	0.005093	0.042595	0.005799	0.017692	0.056521	0.063680	0.028086	0.075447	0.013853	0.033934	0.019544	0.031453	0.150229	0.028913	
0.339546	0.003175	0.067002	0.001127	0.016086	0.010085	0.121959	0.062263	0.178250	0.068929	0.005551	0.057205	0.037386	0.024974	0.006462	
0.367946	0.003677	0.075521	0.003989	0.016204	0.040002	0.089973	0.028684	0.131767	0.019116	0.023260	0.042146	0.028437	0.107259	0.022020	
0.320956	0.003539	0.065567	0.002986	0.012433	0.026904	0.139117	0.029979	0.186840	0.038387	0.016471	0.059037	0.011586	0.072814	0.013386	
