0.501724	0.019683	0.012542	0.001003	0.056826	0.040055	0.015804	0.153543	0.013541	0.153927	0.003096	0.005387	0.007217	0.009933	0.005720	
0.505407	0.007112	0.041353	0.000806	0.030642	0.017113	0.015654	0.074739	0.077583	0.065548	0.012854	0.040854	0.030026	0.067369	0.012941	
0.437804	0.007038	0.038643	0.001182	0.038761	0.019090	0.026278	0.076955	0.125525	0.073733	0.009394	0.047397	0.031033	0.043615	0.023551	
0.569071	0.000923	0.055068	0.006398	0.004472	0.043940	0.161837	0.013865	0.022453	0.010636	0.017354	0.019943	0.010058	0.059496	0.004487	
0.317027	0.001797	0.095602	0.006350	0.017927	0.040014	0.159341	0.030406	0.116977	0.012864	0.036580	0.050562	0.043067	0.065910	0.005578	
0.272425	0.001217	0.125000	0.003851	0.015313	0.026382	0.093640	0.039273	0.123094	0.010632	0.044880	0.062027	0.066772	0.111792	0.003702	
0.386627	0.003142	0.054914	0.007661	0.026188	0.047619	0.195270	0.018244	0.146689	0.011654	0.021878	0.048550	0.011809	0.014921	0.004833	
0.370235	0.002002	0.121714	0.001154	0.016762	0.024538	0.024998	0.036372	0.133299	0.018427	0.024262	0.054312	0.049977	0.115932	0.006017	
0.596160	0.001245	0.076250	0.001804	0.006225	0.029032	0.043267	0.020206	0.052693	0.016193	0.006903	0.027702	0.017369	0.098912	0.006038	
0.315607	0.001323	0.190501	0.002890	0.007330	0.064900	0.069093	0.019769	0.122443	0.022214	0.010084	0.017941	0.034428	0.113028	0.008449	
0.297389	0.001718	0.185928	0.001229	0.012554	0.054314	0.026198	0.033858	0.137839	0.036159	0.008787	0.024913	0.044371	0.118071	0.016671	
0.278836	0.002066	0.165931	0.001797	0.014376	0.039585	0.040326	0.037570	0.137734	0.021490	0.027011	0.045645	0.056668	0.125599	0.005366	
0.412601	0.003062	0.131077	0.000852	0.018793	0.040150	0.018090	0.024842	0.155410	0.021028	0.005063	0.040570	0.025007	0.098672	0.004783	
0.370045	0.001727	0.144594	0.000665	0.015750	0.036337	0.012901	0.027410	0.151814	0.020604	0.011409	0.043653	0.039664	0.113855	0.009572	
0.320435	0.002625	0.136292	0.001172	0.022226	0.033300	0.025886	0.033368	0.176513	0.021514	0.017436	0.054622	0.043950	0.102540	0.008122	
0.534248	0.000881	0.015500	0.000952	0.020950	0.007779	0.021397	0.084437	0.017118	0.100177	0.003941	0.020871	0.050881	0.055523	0.065346	
0.446846	0.001805	0.031134	0.000806	0.028319	0.008127	0.017564	0.083638	0.075562	0.093425	0.008032	0.036234	0.055188	0.053657	0.059664	
0.325641	0.002400	0.051316	0.001452	0.034879	0.020704	0.033381	0.106996	0.083846	0.130184	0.004897	0.023458	0.066552	0.032915	0.081380	
0.427107	0.001267	0.046389	0.002449	0.022462	0.023643	0.059120	0.087589	0.031348	0.106349	0.007534	0.014770	0.055515	0.047196	0.067261	
0.392462	0.002999	0.071355	0.001100	0.027101	0.011748	0.024495	0.053376	0.139863	0.038085	0.022542	0.062307	0.049895	0.084480	0.018195	
0.350883	0.001384	0.086610	0.001331	0.021246	0.014436	0.029441	0.069509	0.092281	0.061499	0.025371	0.046678	0.068341	0.093886	0.037103	
0.436851	0.004523	0.032602	0.002623	0.039363	0.018036	0.066760	0.025277	0.224645	0.013630	0.010183	0.077640	0.012721	0.029783	0.005361	
0.349457	0.003705	0.067719	0.000958	0.038014	0.014297	0.022432	0.044592	0.219676	0.033903	0.013850	0.075163	0.038842	0.058056	0.019337	
0.462268	0.003143	0.055561	0.003715	0.025783	0.031734	0.093643	0.026027	0.145827	0.021578	0.010545	0.049864	0.015282	0.044951	0.010079	
