0.531588	0.011784	0.017616	0.000743	0.024440	0.010596	0.023030	0.132491	0.032537	0.140200	0.012565	0.013070	0.031849	0.013634	0.003857	
0.478451	0.006797	0.082619	0.002019	0.027471	0.018110	0.038890	0.090059	0.037061	0.092290	0.019912	0.027301	0.041240	0.026533	0.011248	
0.501167	0.008429	0.050375	0.001965	0.023598	0.016363	0.037074	0.102317	0.043176	0.106233	0.017784	0.023250	0.034843	0.027514	0.005913	
0.580705	0.000805	0.022555	0.007494	0.010494	0.071360	0.159236	0.019878	0.043859	0.010851	0.026911	0.016186	0.007657	0.017488	0.004521	
0.402509	0.001029	0.104477	0.003744	0.023742	0.034993	0.074386	0.027939	0.112417	0.024843	0.024482	0.053096	0.032737	0.071851	0.007755	
0.528075	0.000963	0.032815	0.006522	0.011800	0.062324	0.137749	0.021339	0.076046	0.013811	0.024819	0.026735	0.011857	0.040299	0.004846	
0.412969	0.000843	0.040759	0.000851	0.046130	0.065040	0.126203	0.009504	0.170714	0.008869	0.016388	0.069524	0.007470	0.020595	0.004141	
0.354484	0.003526	0.140627	0.003407	0.010138	0.039283	0.057194	0.043456	0.104091	0.043086	0.010427	0.013571	0.032446	0.128563	0.015700	
0.264033	0.001350	0.171174	0.002432	0.014952	0.046822	0.061016	0.014917	0.164643	0.014918	0.006874	0.028942	0.029213	0.162573	0.016138	
0.280182	0.001381	0.140451	0.001950	0.019748	0.044896	0.063959	0.017919	0.175634	0.017309	0.007974	0.040187	0.028824	0.142776	0.016809	
0.253370	0.000939	0.186891	0.003212	0.008477	0.043958	0.054602	0.014665	0.155346	0.012873	0.006947	0.022092	0.035150	0.180256	0.021222	
0.370661	0.000802	0.164961	0.000711	0.052130	0.032296	0.061777	0.025147	0.096924	0.027564	0.028211	0.073619	0.038897	0.022857	0.003443	
0.350891	0.002169	0.201700	0.001766	0.036160	0.022806	0.034394	0.042051	0.065865	0.044204	0.024282	0.046153	0.049465	0.067290	0.010803	
0.375047	0.001013	0.177418	0.003576	0.025223	0.035507	0.062259	0.028571	0.070171	0.026806	0.023528	0.035921	0.041821	0.080282	0.012859	
0.418915	0.001089	0.194228	0.002824	0.041736	0.023573	0.051221	0.037899	0.025664	0.038190	0.034567	0.054016	0.050281	0.019891	0.005908	
0.459460	0.006536	0.018352	0.000658	0.024640	0.006368	0.016186	0.127564	0.023770	0.114219	0.004079	0.012074	0.086621	0.013837	0.085635	
0.490915	0.007088	0.013991	0.001495	0.021728	0.013227	0.031519	0.120452	0.023350	0.110893	0.007523	0.010063	0.069565	0.013898	0.064293	
0.465391	0.006266	0.024364	0.001152	0.023046	0.010415	0.023986	0.120948	0.022237	0.108243	0.005478	0.010376	0.081492	0.016963	0.079643	
0.446164	0.005031	0.022160	0.000957	0.027790	0.022131	0.045722	0.095750	0.065401	0.085544	0.006976	0.025604	0.064836	0.022222	0.063711	
0.304925	0.002458	0.091844	0.001003	0.026039	0.009508	0.018001	0.053212	0.170169	0.049963	0.014839	0.068876	0.053692	0.107240	0.028232	
0.355483	0.002691	0.099801	0.001176	0.031119	0.019782	0.037175	0.054845	0.123427	0.051709	0.016262	0.056025	0.051003	0.070891	0.028610	
0.207731	0.001060	0.025531	0.001092	0.012923	0.022127	0.038832	0.013780	0.336114	0.012561	0.006710	0.097040	0.021069	0.196935	0.006496	
0.392098	0.003150	0.024201	0.003261	0.010869	0.028870	0.061685	0.052008	0.159052	0.046156	0.012342	0.045376	0.034107	0.103331	0.023495	
0.305634	0.001165	0.044801	0.003446	0.006584	0.033257	0.064343	0.019051	0.238115	0.015197	0.011838	0.064036	0.021887	0.161791	0.008855	
