0.547672	0.003826	0.036858	0.002149	0.026647	0.034040	0.052943	0.109592	0.030853	0.082410	0.012214	0.014465	0.018701	0.011805	0.015825	
0.486459	0.004510	0.048170	0.000998	0.030353	0.020798	0.053052	0.119117	0.051410	0.086674	0.006048	0.018924	0.029500	0.035845	0.008141	
0.456845	0.005756	0.033337	0.001201	0.039949	0.029250	0.033607	0.174105	0.029243	0.124173	0.006548	0.011387	0.027466	0.018499	0.008636	
0.429288	0.001269	0.058860	0.005016	0.024877	0.059830	0.047822	0.035480	0.114281	0.051043	0.028185	0.044997	0.043346	0.015785	0.039923	
0.285637	0.002146	0.074679	0.000562	0.037597	0.007379	0.118385	0.031791	0.253617	0.023693	0.002870	0.083754	0.028790	0.043512	0.005588	
0.346644	0.004197	0.093373	0.000926	0.022530	0.011543	0.099124	0.035508	0.149333	0.028379	0.005211	0.043383	0.023253	0.123008	0.013588	
0.361633	0.000911	0.064330	0.005037	0.028026	0.058946	0.079771	0.012793	0.182206	0.030390	0.027634	0.065832	0.026238	0.016056	0.040198	
0.466440	0.003371	0.103355	0.001080	0.011107	0.011828	0.084418	0.020945	0.092946	0.018928	0.008851	0.032541	0.026090	0.104671	0.013430	
0.327191	0.005381	0.137874	0.002567	0.007985	0.029348	0.074094	0.016606	0.088970	0.022434	0.016626	0.023669	0.022281	0.193388	0.031585	
0.381674	0.002296	0.173100	0.002808	0.008415	0.033403	0.031697	0.016774	0.102106	0.023300	0.026785	0.058251	0.048896	0.065415	0.025080	
0.341847	0.002481	0.160014	0.003243	0.011187	0.037561	0.046208	0.008637	0.126113	0.019860	0.026489	0.059129	0.043165	0.084111	0.029953	
0.354443	0.001544	0.141249	0.003364	0.018126	0.040450	0.045267	0.020371	0.146797	0.027988	0.026996	0.070189	0.044975	0.030807	0.027436	
0.447023	0.002536	0.134287	0.001415	0.016356	0.020350	0.033804	0.056780	0.084464	0.045610	0.017164	0.050203	0.049663	0.029138	0.011207	
0.326338	0.004004	0.176172	0.001372	0.013916	0.019469	0.034769	0.048676	0.103914	0.038907	0.018162	0.053379	0.048134	0.097296	0.015494	
0.349726	0.004130	0.132826	0.001267	0.030153	0.025792	0.017046	0.118231	0.092994	0.084812	0.016510	0.053780	0.047655	0.015875	0.009202	
0.625638	0.000966	0.020783	0.000725	0.022993	0.006824	0.009780	0.070683	0.018120	0.078421	0.003723	0.009946	0.112054	0.014573	0.004771	
0.603772	0.001518	0.015806	0.001040	0.025892	0.012428	0.010608	0.084176	0.017625	0.086950	0.004739	0.008067	0.104005	0.015947	0.007426	
0.499378	0.003326	0.038282	0.002269	0.025096	0.029195	0.024541	0.085534	0.029806	0.084481	0.011037	0.006875	0.072433	0.066933	0.020812	
0.458787	0.001337	0.020746	0.012580	0.016156	0.149072	0.013409	0.019997	0.020311	0.070147	0.064758	0.006562	0.013950	0.029709	0.102478	
0.289224	0.003646	0.078199	0.001243	0.033513	0.016907	0.097273	0.050365	0.193020	0.041096	0.006036	0.059146	0.029738	0.086661	0.013933	
0.244814	0.007321	0.134601	0.001958	0.010273	0.021516	0.074990	0.027355	0.084149	0.033602	0.009737	0.007177	0.033095	0.277097	0.032315	
0.373123	0.002225	0.072661	0.000958	0.026406	0.009443	0.113093	0.013923	0.195542	0.015114	0.004594	0.061636	0.028702	0.072022	0.010557	
0.445039	0.002656	0.060162	0.000940	0.025559	0.012285	0.103026	0.040042	0.147000	0.030425	0.004816	0.047708	0.020489	0.051025	0.008828	
0.380586	0.002954	0.078105	0.003476	0.019223	0.039428	0.081975	0.015551	0.129207	0.028491	0.018215	0.038187	0.028381	0.103101	0.033120	
