0.021821	0.038527	0.024207	0.026594	0.038527	0.026594	0.823730	
0.055102	0.178912	0.026531	0.383673	0.100340	0.036054	0.219388	
0.038712	0.122645	0.036314	0.276122	0.192189	0.043508	0.290510	
0.024150	0.850340	0.026531	0.024150	0.024150	0.031293	0.019388	
0.095351	0.221242	0.047845	0.249746	0.024092	0.318629	0.043095	
0.069223	0.565660	0.045470	0.149983	0.066848	0.069223	0.033593	
0.023866	0.042689	0.030924	0.030924	0.068571	0.774454	0.028571	
0.073624	0.170550	0.477879	0.033435	0.042891	0.023978	0.177643	
0.355102	0.045578	0.205102	0.124150	0.031293	0.069388	0.169388	
0.058885	0.095470	0.636934	0.019861	0.093031	0.061324	0.034495	
0.089119	0.030708	0.736315	0.019025	0.026035	0.070427	0.028371	
0.103039	0.049249	0.435557	0.249738	0.032134	0.100594	0.029689	
0.072764	0.051736	0.154539	0.476969	0.070427	0.056409	0.117156	
0.093573	0.081918	0.044622	0.639028	0.072594	0.037629	0.030636	
0.023698	0.030708	0.042390	0.785381	0.042390	0.044726	0.030708	
0.046127	0.055766	0.026850	0.036489	0.781067	0.019621	0.034079	
0.031518	0.110654	0.029120	0.033916	0.717369	0.041110	0.036314	
0.036314	0.036314	0.029120	0.019527	0.693388	0.113052	0.072285	
0.346310	0.047732	0.019296	0.019296	0.405552	0.040623	0.121192	
0.476531	0.057483	0.045578	0.114626	0.171769	0.062245	0.071769	
0.334470	0.236618	0.040914	0.081487	0.196045	0.050460	0.060007	
0.252141	0.043508	0.029120	0.026721	0.036314	0.595067	0.017129	
0.051193	0.148046	0.106883	0.048772	0.152888	0.419232	0.072985	
0.217525	0.112513	0.050460	0.069553	0.043300	0.432322	0.074327	
