0.408890	0.005037	0.040543	0.004779	0.021175	0.038246	0.065936	0.128164	0.042311	0.098517	0.024471	0.020564	0.016730	0.037738	0.046899	
0.523257	0.004791	0.020423	0.003043	0.027998	0.025431	0.049823	0.096412	0.027091	0.082155	0.014634	0.033314	0.042638	0.020117	0.028875	
0.358744	0.007413	0.016186	0.001138	0.015377	0.030776	0.106059	0.221514	0.023992	0.137966	0.004951	0.023057	0.024774	0.019299	0.008754	
0.453003	0.000915	0.042641	0.007304	0.030113	0.052504	0.077966	0.014701	0.104617	0.031693	0.034771	0.033452	0.009856	0.033073	0.073392	
0.291675	0.001854	0.079360	0.000577	0.021480	0.039993	0.128561	0.059526	0.175671	0.030294	0.002935	0.055617	0.035449	0.074011	0.002999	
0.467384	0.001196	0.059138	0.001955	0.029998	0.034928	0.086984	0.032024	0.112933	0.023311	0.010070	0.050080	0.041051	0.031370	0.017577	
0.383245	0.000811	0.063757	0.004869	0.023364	0.058214	0.128368	0.018143	0.154609	0.023100	0.023184	0.033483	0.011350	0.025581	0.047921	
0.317307	0.003701	0.121195	0.001282	0.018542	0.027544	0.050894	0.096492	0.104120	0.063828	0.013136	0.036384	0.035610	0.099532	0.010433	
0.327539	0.003348	0.123061	0.003302	0.017334	0.037727	0.054095	0.085463	0.100464	0.064003	0.023333	0.023856	0.020491	0.084432	0.031552	
0.341467	0.000958	0.186892	0.002187	0.020773	0.031075	0.018352	0.020492	0.132178	0.018381	0.023120	0.033778	0.033234	0.117041	0.020073	
0.274229	0.000928	0.217128	0.002007	0.017038	0.032380	0.016570	0.014682	0.158526	0.014765	0.024237	0.032659	0.031023	0.145661	0.018166	
0.301620	0.000830	0.162689	0.003462	0.023697	0.031978	0.018650	0.019078	0.144104	0.018919	0.026408	0.044353	0.029751	0.141161	0.033299	
0.390194	0.003169	0.163099	0.000798	0.016578	0.027731	0.033462	0.045507	0.106799	0.043730	0.014957	0.023170	0.043099	0.082158	0.005548	
0.419193	0.001104	0.128336	0.000855	0.029897	0.018060	0.016304	0.028726	0.107900	0.018014	0.011696	0.056174	0.053723	0.103865	0.006154	
0.421730	0.001455	0.099177	0.000836	0.030391	0.020320	0.037805	0.044238	0.105457	0.025660	0.008787	0.058457	0.052067	0.087724	0.005895	
0.658762	0.008728	0.017733	0.000734	0.022333	0.007413	0.015559	0.022561	0.021459	0.090752	0.003349	0.019999	0.091043	0.014763	0.004812	
0.649763	0.009919	0.013519	0.000654	0.018847	0.007710	0.019947	0.033414	0.017421	0.105039	0.002675	0.013119	0.091655	0.012377	0.003940	
0.467262	0.010033	0.017225	0.000698	0.011176	0.022069	0.076494	0.144511	0.025418	0.138682	0.002886	0.008381	0.055522	0.015431	0.004212	
0.576974	0.003614	0.019278	0.007219	0.032871	0.032950	0.013674	0.017068	0.033344	0.059740	0.034641	0.027858	0.034411	0.033812	0.072546	
0.157949	0.001534	0.109683	0.001156	0.031192	0.010718	0.020143	0.038993	0.196494	0.018352	0.007692	0.098680	0.058875	0.239608	0.008931	
0.325116	0.002503	0.119856	0.003133	0.023636	0.028376	0.029382	0.043797	0.124188	0.041094	0.021254	0.045187	0.036425	0.126270	0.029786	
0.373575	0.001790	0.088424	0.001793	0.025216	0.033830	0.079866	0.023681	0.147819	0.023976	0.010811	0.051219	0.042689	0.079512	0.015800	
0.403965	0.001660	0.065337	0.000572	0.027352	0.032193	0.099761	0.050853	0.132333	0.027897	0.003181	0.056336	0.045073	0.050422	0.003064	
0.261694	0.002504	0.092977	0.000813	0.016458	0.044376	0.137248	0.026823	0.209116	0.026195	0.004189	0.048687	0.037627	0.085865	0.005430	
