0.486994	0.000980	0.031698	0.000697	0.062331	0.023983	0.017414	0.113839	0.036412	0.144758	0.003851	0.009782	0.020663	0.034411	0.012188	
0.480984	0.004635	0.058114	0.000715	0.049063	0.019225	0.025607	0.099514	0.036925	0.112411	0.010828	0.024203	0.028146	0.044545	0.005085	
0.493151	0.006437	0.026163	0.000774	0.052868	0.019078	0.016093	0.116709	0.044516	0.132549	0.004788	0.019115	0.019731	0.043733	0.004297	
0.356707	0.001231	0.081319	0.007760	0.020272	0.058856	0.136996	0.017314	0.165999	0.016657	0.022803	0.056361	0.012939	0.038618	0.006169	
0.355699	0.004933	0.099929	0.004954	0.021537	0.045947	0.088479	0.031945	0.147810	0.022450	0.025658	0.059455	0.021988	0.055185	0.014031	
0.369563	0.005493	0.084960	0.005360	0.014539	0.042692	0.110638	0.028550	0.146022	0.019930	0.016757	0.048731	0.011845	0.082512	0.012407	
0.347648	0.001374	0.073149	0.006697	0.019941	0.056627	0.110820	0.027007	0.173818	0.025660	0.020412	0.053362	0.022348	0.043725	0.017413	
0.423344	0.003919	0.135980	0.000539	0.004323	0.007493	0.104799	0.021519	0.044879	0.015375	0.003160	0.013299	0.018693	0.179160	0.023519	
0.318331	0.001083	0.117586	0.001012	0.009061	0.029247	0.067152	0.020575	0.140333	0.020308	0.004431	0.020443	0.020437	0.169405	0.060595	
0.200485	0.001980	0.102578	0.000923	0.009753	0.047460	0.018273	0.021183	0.246516	0.018196	0.006206	0.032758	0.016476	0.177349	0.099863	
0.242298	0.001271	0.110429	0.000648	0.014297	0.041582	0.024135	0.025923	0.205187	0.025525	0.008140	0.030513	0.021223	0.162479	0.086350	
0.273609	0.001301	0.159087	0.001029	0.023199	0.040313	0.034463	0.017963	0.156787	0.012459	0.027337	0.051609	0.030189	0.111605	0.059051	
0.422590	0.001253	0.159656	0.000767	0.026551	0.020280	0.055231	0.038746	0.037009	0.031174	0.031111	0.047933	0.059959	0.056869	0.010872	
0.399489	0.004114	0.173688	0.000584	0.028108	0.020896	0.049136	0.035409	0.049110	0.022978	0.035286	0.056526	0.046497	0.066674	0.011504	
0.395774	0.004679	0.182113	0.000857	0.034641	0.025094	0.037333	0.039391	0.050893	0.024435	0.044555	0.069949	0.052133	0.032990	0.005163	
0.534039	0.001566	0.025919	0.000707	0.020371	0.010856	0.025481	0.103855	0.025019	0.101325	0.004551	0.017924	0.100852	0.022251	0.005284	
0.545641	0.002392	0.025080	0.000603	0.005112	0.005284	0.031293	0.098378	0.023020	0.084535	0.002882	0.018491	0.120931	0.031782	0.004576	
0.548190	0.001472	0.018545	0.000956	0.006181	0.008050	0.030160	0.100776	0.026373	0.087992	0.003878	0.019964	0.127346	0.016517	0.003601	
0.401261	0.001719	0.054148	0.000719	0.022410	0.025901	0.023337	0.073997	0.109958	0.077270	0.003316	0.019767	0.053530	0.089662	0.043004	
0.349664	0.002047	0.065964	0.005591	0.022115	0.052349	0.089657	0.038144	0.170337	0.037994	0.017147	0.048190	0.023896	0.052797	0.024109	
0.360871	0.005612	0.088125	0.001198	0.014363	0.028141	0.033213	0.053117	0.133660	0.041447	0.012805	0.038834	0.043465	0.104252	0.040898	
0.352025	0.001463	0.073085	0.008030	0.024808	0.062512	0.129935	0.023169	0.175296	0.024155	0.024200	0.059506	0.011013	0.024973	0.005828	
0.424935	0.023184	0.026887	0.001008	0.005294	0.009904	0.017322	0.095482	0.134032	0.056032	0.004548	0.049257	0.012893	0.129488	0.009735	
0.386991	0.001847	0.075577	0.005473	0.014668	0.044396	0.105783	0.033417	0.136940	0.028356	0.017141	0.045946	0.036646	0.053894	0.012924	
