0.026658	0.684552	0.029050	0.026658	0.031442	0.174983	0.026658	
0.035799	0.458967	0.208376	0.035799	0.191827	0.023978	0.045255	
0.060585	0.508778	0.190706	0.024441	0.087091	0.094320	0.034079	
0.021821	0.038527	0.021821	0.024207	0.033754	0.024207	0.835663	
0.435326	0.038163	0.045255	0.033435	0.033435	0.085444	0.328943	
0.189337	0.029050	0.198906	0.029050	0.031442	0.146275	0.375940	
0.332101	0.026218	0.028571	0.021513	0.101513	0.026218	0.463866	
0.028707	0.083080	0.120905	0.501520	0.057075	0.165822	0.042891	
0.040816	0.074150	0.038435	0.388435	0.028912	0.245578	0.183673	
0.038898	0.022031	0.070224	0.513597	0.029260	0.284682	0.041308	
0.082689	0.040336	0.061513	0.652101	0.021513	0.099160	0.042689	
0.175958	0.019861	0.193031	0.195470	0.019861	0.212544	0.183275	
0.035134	0.139543	0.434206	0.081538	0.067617	0.213789	0.028174	
0.025794	0.028108	0.771164	0.044312	0.060516	0.041997	0.028108	
0.147876	0.065908	0.546002	0.035463	0.058883	0.061224	0.084644	
0.026594	0.024207	0.024207	0.017047	0.587453	0.296284	0.024207	
0.038344	0.038344	0.045470	0.028843	0.767560	0.047845	0.033593	
0.096036	0.024265	0.031442	0.057758	0.694122	0.041012	0.055366	
0.033514	0.033514	0.026405	0.033514	0.142519	0.597495	0.133040	
0.571769	0.045578	0.043197	0.038435	0.169388	0.026531	0.105102	
0.324084	0.029120	0.043508	0.057897	0.161014	0.199383	0.184995	
0.525645	0.024441	0.024441	0.046127	0.031670	0.048537	0.299139	
0.333678	0.104210	0.193582	0.031746	0.179089	0.130780	0.026915	
0.367249	0.026721	0.043508	0.376841	0.057897	0.031518	0.096266	
