0.436175	0.001020	0.025616	0.000842	0.033457	0.048991	0.018484	0.068007	0.023553	0.167257	0.016212	0.008563	0.012133	0.024238	0.115453	
0.476097	0.003533	0.069154	0.001718	0.027987	0.027190	0.043471	0.089151	0.037509	0.070652	0.009734	0.021737	0.042230	0.050255	0.029581	
0.466844	0.003012	0.052692	0.000775	0.032797	0.029196	0.015339	0.095391	0.035508	0.113444	0.014225	0.018507	0.034623	0.024019	0.063627	
0.428206	0.002097	0.076013	0.007131	0.015182	0.061188	0.143502	0.019888	0.098915	0.015489	0.010918	0.029825	0.020772	0.065835	0.005038	
0.440468	0.003037	0.061612	0.006653	0.019896	0.054534	0.121128	0.038378	0.107084	0.023128	0.011443	0.036468	0.028974	0.041517	0.005679	
0.429030	0.003404	0.074669	0.004356	0.021360	0.041604	0.091663	0.052802	0.090801	0.032873	0.009882	0.038823	0.029756	0.068882	0.010096	
0.477211	0.001629	0.048603	0.008803	0.016987	0.073986	0.161920	0.022663	0.073351	0.027128	0.009125	0.017715	0.017716	0.029436	0.013727	
0.348327	0.002541	0.141281	0.000701	0.016603	0.020968	0.053780	0.041542	0.109202	0.035559	0.018890	0.035494	0.034160	0.125938	0.015014	
0.305846	0.001602	0.174338	0.001085	0.008896	0.025870	0.081883	0.013968	0.119040	0.012932	0.019317	0.035978	0.021065	0.172398	0.005782	
0.262620	0.001635	0.180084	0.001614	0.014436	0.021212	0.041653	0.017020	0.218557	0.032674	0.042402	0.042848	0.033496	0.068582	0.021167	
0.322373	0.002189	0.143206	0.002076	0.016679	0.026493	0.056200	0.028709	0.163865	0.035538	0.029525	0.038587	0.035898	0.080017	0.018644	
0.239151	0.001482	0.219526	0.001211	0.011458	0.011492	0.034519	0.014231	0.248628	0.013526	0.050824	0.040605	0.042931	0.064155	0.006262	
0.416232	0.003492	0.123959	0.000975	0.021771	0.016306	0.043561	0.075960	0.079522	0.037018	0.016036	0.030619	0.042031	0.085235	0.007284	
0.413332	0.003503	0.121132	0.001210	0.022657	0.016289	0.039439	0.074667	0.094905	0.039592	0.019273	0.030537	0.047288	0.067288	0.008887	
0.457704	0.004727	0.095254	0.001146	0.028179	0.011302	0.024981	0.101498	0.080051	0.043768	0.015103	0.034396	0.056585	0.041032	0.004273	
0.492271	0.005988	0.024200	0.000829	0.033396	0.010169	0.018301	0.092808	0.068383	0.057364	0.003196	0.034947	0.102665	0.050383	0.005100	
0.516961	0.004208	0.044790	0.001832	0.029171	0.021972	0.045386	0.086408	0.028269	0.061201	0.005104	0.012260	0.082804	0.045958	0.013678	
0.511409	0.004397	0.019919	0.001542	0.033572	0.023623	0.027379	0.090020	0.038621	0.086231	0.006505	0.016714	0.083475	0.024259	0.032335	
0.436544	0.001763	0.048024	0.001926	0.027743	0.044303	0.047716	0.057619	0.043175	0.113410	0.013325	0.014562	0.027422	0.050136	0.072332	
0.270788	0.007075	0.047284	0.001172	0.026836	0.018464	0.031018	0.040249	0.222484	0.025364	0.006185	0.115383	0.043117	0.140930	0.003651	
0.308733	0.004944	0.093939	0.000768	0.024035	0.015670	0.026157	0.046593	0.184973	0.037683	0.018161	0.074389	0.047935	0.103346	0.012674	
0.331739	0.004536	0.070798	0.004029	0.020230	0.039730	0.086550	0.028881	0.169226	0.018533	0.009721	0.077585	0.023078	0.110212	0.005151	
0.391064	0.006047	0.052858	0.001961	0.028741	0.021158	0.039195	0.076355	0.132647	0.036741	0.006266	0.074508	0.043877	0.083471	0.005111	
0.365504	0.002769	0.085805	0.004139	0.016051	0.048336	0.109271	0.022057	0.105649	0.027493	0.007130	0.049888	0.011682	0.128844	0.015384	
