0.471109	0.005362	0.066857	0.001036	0.030299	0.040198	0.023698	0.102167	0.038136	0.117271	0.006439	0.013759	0.016907	0.061370	0.005395	
0.533694	0.004689	0.036503	0.001216	0.027012	0.046080	0.026488	0.085984	0.043802	0.094501	0.011731	0.016261	0.024151	0.033301	0.014586	
0.504413	0.005704	0.040021	0.000665	0.031078	0.045691	0.012381	0.105421	0.040348	0.119534	0.008153	0.015113	0.023740	0.034020	0.013718	
0.629810	0.000788	0.022453	0.006584	0.019684	0.056856	0.162705	0.012814	0.015386	0.009094	0.032748	0.006664	0.007140	0.013309	0.003964	
0.320730	0.002149	0.117463	0.007091	0.029062	0.034852	0.175444	0.025825	0.088374	0.024606	0.028219	0.034236	0.032497	0.064864	0.014587	
0.485393	0.001211	0.044870	0.005861	0.019985	0.038302	0.148545	0.028808	0.068536	0.020807	0.025324	0.021580	0.012871	0.071618	0.006289	
0.273786	0.000881	0.063574	0.007700	0.022949	0.040094	0.190907	0.012815	0.199151	0.010817	0.032568	0.068971	0.011952	0.052481	0.011354	
0.389800	0.001743	0.117861	0.001015	0.011021	0.025079	0.023443	0.027327	0.164857	0.022668	0.011587	0.058444	0.028274	0.103566	0.013316	
0.488800	0.001582	0.146307	0.002080	0.013432	0.033259	0.048737	0.015971	0.072328	0.015997	0.015298	0.030212	0.025748	0.085151	0.005098	
0.192366	0.001994	0.128917	0.000848	0.011796	0.016629	0.018354	0.030335	0.288117	0.026197	0.010469	0.100359	0.034279	0.117238	0.022101	
0.293998	0.001425	0.077702	0.000724	0.007866	0.024985	0.016090	0.029588	0.280734	0.025038	0.011788	0.095305	0.018170	0.100714	0.015875	
0.277467	0.002185	0.088532	0.002604	0.017182	0.027637	0.061817	0.033348	0.225704	0.028595	0.017526	0.078912	0.034569	0.079393	0.024529	
0.355102	0.002642	0.277441	0.000730	0.016983	0.014070	0.014539	0.019753	0.047093	0.024613	0.005607	0.026682	0.047370	0.142950	0.004424	
0.324266	0.003375	0.293468	0.001718	0.023816	0.015346	0.037704	0.024331	0.018206	0.030813	0.008511	0.019131	0.059952	0.128471	0.010893	
0.323321	0.003124	0.212740	0.001697	0.021490	0.020841	0.037419	0.030390	0.089383	0.032567	0.011347	0.039529	0.053081	0.105049	0.018023	
0.477177	0.005708	0.034789	0.000646	0.031369	0.028158	0.012667	0.093521	0.027830	0.078713	0.011870	0.010778	0.084034	0.047746	0.054994	
0.522685	0.005713	0.021690	0.000617	0.031165	0.036747	0.011143	0.096698	0.020523	0.089614	0.011987	0.008372	0.067297	0.030923	0.044825	
0.368611	0.007075	0.012914	0.001843	0.041630	0.020563	0.044209	0.119739	0.031658	0.099032	0.013152	0.009985	0.105341	0.052242	0.072007	
0.383954	0.005603	0.021378	0.003152	0.036968	0.024456	0.078049	0.096639	0.043263	0.078628	0.016946	0.013642	0.083266	0.057665	0.056390	
0.331247	0.005365	0.064110	0.001121	0.030786	0.024307	0.023643	0.084639	0.116243	0.074549	0.012403	0.041984	0.078003	0.059483	0.052115	
0.279810	0.005641	0.071407	0.001300	0.032788	0.020808	0.028251	0.088361	0.129987	0.077521	0.012179	0.046725	0.083782	0.065496	0.055943	
0.319063	0.002941	0.085611	0.002421	0.020871	0.030437	0.057023	0.046857	0.179335	0.045226	0.016137	0.063415	0.035821	0.071203	0.023641	
0.385657	0.001811	0.033581	0.000803	0.009542	0.015774	0.026325	0.060546	0.190000	0.047670	0.005701	0.056570	0.010122	0.147788	0.008110	
0.475083	0.002136	0.055368	0.003225	0.018366	0.040619	0.078646	0.039373	0.107485	0.038389	0.019273	0.037455	0.017326	0.056634	0.010621	
