0.054711	0.019250	0.026342	0.021614	0.026342	0.019250	0.832489	
0.145926	0.043300	0.038527	0.253324	0.021821	0.026594	0.470508	
0.057897	0.036314	0.024323	0.141829	0.482357	0.050702	0.206578	
0.838435	0.021769	0.033673	0.026531	0.019388	0.038435	0.021769	
0.239772	0.284373	0.028504	0.324279	0.049631	0.049631	0.023810	
0.394702	0.066063	0.033199	0.340711	0.033199	0.108317	0.023810	
0.350220	0.470787	0.035799	0.035799	0.038163	0.028707	0.040527	
0.035969	0.035969	0.040719	0.114354	0.021717	0.712928	0.038344	
0.253930	0.036227	0.026658	0.024265	0.021873	0.603213	0.033835	
0.043929	0.194051	0.220685	0.031823	0.099620	0.365963	0.043929	
0.054326	0.164655	0.115359	0.033199	0.021462	0.556673	0.054326	
0.053876	0.056309	0.747306	0.029545	0.029545	0.053876	0.029545	
0.074233	0.039591	0.023425	0.238205	0.041900	0.533817	0.048829	
0.063566	0.056541	0.063566	0.393777	0.089328	0.311810	0.021412	
0.046627	0.028108	0.183201	0.555886	0.044312	0.123016	0.018849	
0.028843	0.035969	0.031218	0.026468	0.829318	0.019342	0.028843	
0.050824	0.033997	0.031593	0.072459	0.726305	0.026786	0.058036	
0.062245	0.036054	0.081293	0.036054	0.726531	0.026531	0.031293	
0.057211	0.033514	0.343940	0.040623	0.391334	0.109343	0.024035	
0.118541	0.279298	0.194191	0.196555	0.123269	0.059439	0.028707	
0.052847	0.133992	0.224685	0.098193	0.315377	0.155472	0.019434	
0.209983	0.653356	0.038898	0.034079	0.024441	0.019621	0.019621	
0.033916	0.551901	0.026721	0.168208	0.079479	0.069887	0.069887	
0.255711	0.422775	0.071940	0.031367	0.031367	0.150699	0.036140	
