0.048189	0.041012	0.105605	0.512303	0.021873	0.244361	0.026658	
0.075988	0.120905	0.066532	0.570078	0.054711	0.033435	0.078352	
0.139766	0.072459	0.041209	0.570055	0.082074	0.065247	0.029190	
0.271769	0.157483	0.083673	0.062245	0.028912	0.069388	0.326531	
0.523922	0.040431	0.030997	0.042790	0.071092	0.056941	0.233827	
0.145232	0.071598	0.038344	0.038344	0.206990	0.088225	0.411266	
0.522796	0.061803	0.040527	0.021614	0.021614	0.154002	0.177643	
0.111449	0.040527	0.224924	0.222560	0.052347	0.236744	0.111449	
0.046690	0.071080	0.444251	0.029617	0.046690	0.246690	0.114983	
0.095238	0.039277	0.109837	0.031978	0.104970	0.521029	0.097671	
0.042489	0.030780	0.225159	0.047173	0.044831	0.398461	0.211107	
0.190476	0.027513	0.123810	0.057143	0.029982	0.511464	0.059612	
0.028174	0.088499	0.127942	0.220749	0.023533	0.462048	0.049055	
0.032967	0.042291	0.175158	0.163503	0.079587	0.475857	0.030636	
0.155630	0.019160	0.026218	0.214454	0.101513	0.437983	0.045042	
0.024092	0.815066	0.028843	0.031218	0.021717	0.040719	0.038344	
0.026594	0.802250	0.026594	0.036140	0.048074	0.028981	0.031367	
0.036227	0.430964	0.273069	0.167806	0.029050	0.019481	0.043404	
0.086054	0.257483	0.421769	0.055102	0.031293	0.067007	0.081293	
0.062097	0.114354	0.057346	0.128605	0.187988	0.031218	0.418392	
0.033514	0.080907	0.038253	0.033514	0.758632	0.033514	0.021666	
0.119279	0.068308	0.022191	0.044036	0.034327	0.041609	0.670250	
0.026594	0.026594	0.021821	0.191272	0.236618	0.021821	0.475281	
0.119104	0.076349	0.349508	0.028843	0.035969	0.038344	0.351883	
