0.527237	0.000860	0.019592	0.000647	0.030022	0.047945	0.042088	0.139200	0.020808	0.125810	0.005759	0.009762	0.006948	0.019154	0.004167	
0.492517	0.001237	0.061618	0.002379	0.031222	0.040467	0.059641	0.096900	0.030997	0.081744	0.009127	0.024637	0.042519	0.019528	0.005467	
0.483022	0.003581	0.036221	0.000767	0.030208	0.028527	0.030621	0.116338	0.040592	0.115671	0.006671	0.013083	0.050087	0.034827	0.009783	
0.480134	0.000953	0.016422	0.013275	0.006070	0.101626	0.257070	0.014259	0.020019	0.013080	0.033436	0.011372	0.010581	0.017176	0.004525	
0.442715	0.001321	0.057825	0.006579	0.015240	0.051963	0.128172	0.030149	0.105102	0.025726	0.017822	0.047801	0.031605	0.032393	0.005588	
0.424922	0.002341	0.056078	0.008438	0.017202	0.065911	0.163478	0.021848	0.066272	0.015403	0.029876	0.034654	0.027386	0.045162	0.021029	
0.341523	0.004743	0.057739	0.004276	0.019619	0.039902	0.088386	0.022675	0.153242	0.020520	0.033876	0.059574	0.006993	0.097778	0.049155	
0.337252	0.001055	0.200940	0.000882	0.015166	0.035483	0.052054	0.028318	0.108170	0.021132	0.004062	0.016195	0.033520	0.129312	0.016458	
0.303203	0.001679	0.188297	0.001603	0.007788	0.042624	0.069703	0.013003	0.142989	0.012330	0.009869	0.018687	0.008682	0.153947	0.025595	
0.310157	0.003172	0.164288	0.000871	0.019913	0.027493	0.041319	0.023972	0.137796	0.017654	0.016168	0.037366	0.028232	0.134034	0.037567	
0.286632	0.001885	0.198130	0.001388	0.007693	0.042000	0.067175	0.008395	0.147711	0.007463	0.011183	0.018628	0.006562	0.165113	0.030040	
0.250217	0.008521	0.077494	0.001132	0.033338	0.010971	0.021185	0.017930	0.184808	0.012896	0.046671	0.079805	0.020947	0.144199	0.089886	
0.389163	0.000875	0.178969	0.001044	0.026884	0.028068	0.040982	0.045928	0.073148	0.029039	0.004648	0.028011	0.059105	0.082142	0.011994	
0.375244	0.001463	0.172862	0.001012	0.026470	0.024168	0.037188	0.039708	0.092480	0.024921	0.006852	0.035853	0.058671	0.086677	0.016428	
0.458393	0.001193	0.146707	0.001231	0.043336	0.013270	0.021699	0.069030	0.027603	0.041816	0.004956	0.044903	0.104134	0.016193	0.005535	
0.498580	0.005869	0.020265	0.000824	0.034442	0.010727	0.016152	0.122944	0.023969	0.133524	0.003559	0.008954	0.099856	0.015819	0.004516	
0.504554	0.006019	0.015406	0.000708	0.035207	0.009258	0.013015	0.127055	0.020645	0.138303	0.002969	0.008215	0.102990	0.012041	0.003614	
0.482671	0.005667	0.029034	0.001401	0.033414	0.015017	0.027563	0.110937	0.030141	0.119105	0.007087	0.012504	0.092685	0.023708	0.009066	
0.357448	0.007488	0.049601	0.001111	0.031892	0.013167	0.023327	0.064598	0.114003	0.068985	0.027624	0.044039	0.052090	0.092418	0.052209	
0.365399	0.007011	0.053373	0.000739	0.031708	0.011239	0.016963	0.067337	0.117049	0.070992	0.024303	0.045393	0.053470	0.087714	0.047309	
0.271161	0.008603	0.065412	0.000638	0.031104	0.010329	0.015408	0.033360	0.176324	0.034411	0.040934	0.068106	0.023457	0.139355	0.081400	
0.367032	0.001129	0.070806	0.000929	0.008217	0.006877	0.019643	0.010647	0.301503	0.012837	0.004699	0.115375	0.008609	0.065170	0.006527	
0.381722	0.001413	0.065380	0.001073	0.010413	0.009796	0.023395	0.021870	0.271481	0.024154	0.004988	0.103692	0.014057	0.060313	0.006253	
0.405699	0.001766	0.068344	0.004860	0.010754	0.042740	0.101287	0.025184	0.154160	0.026691	0.014643	0.054177	0.020099	0.060108	0.009489	
