0.026531	0.028912	0.021769	0.024150	0.021769	0.850340	0.026531	
0.026658	0.060150	0.024265	0.055366	0.029050	0.189337	0.615174	
0.017212	0.046127	0.029260	0.038898	0.038898	0.058176	0.771429	
0.226531	0.643197	0.021769	0.031293	0.024150	0.028912	0.024150	
0.488598	0.030852	0.098927	0.028504	0.253856	0.037894	0.061368	
0.261622	0.337631	0.088225	0.081099	0.135731	0.028843	0.066848	
0.292101	0.056807	0.409748	0.023866	0.019160	0.021513	0.176807	
0.043095	0.173736	0.492026	0.033593	0.147608	0.021717	0.088225	
0.041012	0.371155	0.330485	0.033835	0.050581	0.136705	0.036227	
0.024739	0.029617	0.444251	0.019861	0.358885	0.095470	0.027178	
0.033121	0.157243	0.447641	0.033121	0.220475	0.051857	0.056541	
0.032134	0.063919	0.425777	0.022354	0.323088	0.095704	0.037024	
0.028174	0.120981	0.174345	0.025853	0.132582	0.438847	0.079218	
0.025914	0.204983	0.091030	0.065449	0.286379	0.295681	0.030565	
0.044726	0.058745	0.173231	0.056409	0.084446	0.395194	0.187250	
0.029260	0.038898	0.017212	0.581067	0.140103	0.026850	0.166609	
0.043300	0.074327	0.026594	0.764064	0.024207	0.028981	0.038527	
0.052973	0.021873	0.029050	0.371155	0.148667	0.084074	0.292208	
0.033673	0.143197	0.033673	0.428912	0.074150	0.193197	0.093197	
0.057483	0.205102	0.036054	0.109864	0.502721	0.026531	0.062245	
0.071429	0.178064	0.085647	0.180433	0.388964	0.024035	0.071429	
0.448036	0.066041	0.044143	0.180396	0.036844	0.024678	0.199861	
0.279862	0.209983	0.222031	0.062995	0.125645	0.036489	0.062995	
0.349624	0.182160	0.024265	0.213260	0.079289	0.067327	0.084074	
