0.478886	0.010608	0.059560	0.000641	0.023403	0.043297	0.020117	0.063995	0.035534	0.102454	0.003366	0.018246	0.023397	0.027759	0.088737	
0.450674	0.004557	0.082306	0.001463	0.030026	0.030831	0.049467	0.077327	0.061510	0.068343	0.009001	0.037022	0.041507	0.020783	0.035183	
0.501487	0.009421	0.043565	0.001163	0.022764	0.041697	0.022382	0.075890	0.021824	0.107096	0.006609	0.015977	0.036231	0.015631	0.078263	
0.554539	0.001030	0.016090	0.014318	0.004901	0.099079	0.174594	0.009273	0.018614	0.009477	0.065713	0.008202	0.006910	0.011651	0.005608	
0.346903	0.001824	0.088469	0.002896	0.031456	0.034912	0.095681	0.030303	0.153999	0.018944	0.021577	0.076486	0.039238	0.052059	0.005252	
0.436996	0.001527	0.100353	0.005529	0.023859	0.047745	0.100237	0.045960	0.080880	0.023644	0.025806	0.033976	0.019960	0.043712	0.009816	
0.391841	0.001063	0.026948	0.003826	0.017599	0.049039	0.139044	0.011748	0.222740	0.011373	0.018770	0.063195	0.012345	0.025555	0.004913	
0.308788	0.003803	0.133418	0.001431	0.008607	0.022383	0.032382	0.024134	0.171139	0.038799	0.007067	0.013017	0.013743	0.191525	0.029763	
0.401361	0.005119	0.092547	0.003778	0.014801	0.043073	0.057614	0.033444	0.096924	0.049613	0.018983	0.019501	0.018988	0.104284	0.039970	
0.348235	0.004761	0.115025	0.002465	0.015602	0.032049	0.042644	0.029850	0.125149	0.045216	0.014581	0.025202	0.022931	0.140843	0.035447	
0.293685	0.003796	0.139376	0.001218	0.008539	0.020703	0.030146	0.020741	0.179709	0.036381	0.006491	0.014694	0.013190	0.202051	0.029280	
0.258776	0.002187	0.144507	0.003252	0.020429	0.025124	0.052792	0.011389	0.157934	0.015257	0.025526	0.052920	0.039602	0.183900	0.006404	
0.407019	0.003529	0.152286	0.001112	0.038038	0.024975	0.048660	0.075669	0.059169	0.044215	0.005907	0.043142	0.028097	0.041324	0.026857	
0.363645	0.001147	0.191864	0.000653	0.043687	0.013450	0.048067	0.081008	0.071848	0.026217	0.005053	0.053421	0.034446	0.060356	0.005137	
0.365899	0.001306	0.162005	0.001103	0.045008	0.019044	0.063716	0.072667	0.084198	0.025013	0.009951	0.068371	0.041006	0.036796	0.003917	
0.510761	0.001205	0.025623	0.000629	0.020707	0.006952	0.011202	0.134475	0.029818	0.111250	0.007241	0.009496	0.096599	0.026797	0.007246	
0.506327	0.000719	0.020193	0.000791	0.021578	0.010166	0.028489	0.126488	0.052434	0.100889	0.007404	0.017570	0.090052	0.013633	0.003267	
0.524416	0.001127	0.016094	0.001430	0.020062	0.013417	0.025045	0.129252	0.029723	0.106701	0.010343	0.010502	0.091763	0.013223	0.006904	
0.515630	0.007262	0.020762	0.003139	0.016344	0.046327	0.041957	0.072336	0.027876	0.098686	0.016205	0.010278	0.042790	0.020875	0.059534	
0.169940	0.003904	0.162320	0.001018	0.048268	0.007941	0.016187	0.022525	0.112432	0.027910	0.034335	0.122285	0.103095	0.163528	0.004312	
0.355515	0.004259	0.094990	0.002883	0.022997	0.029489	0.039542	0.043195	0.090576	0.054245	0.023472	0.044373	0.055365	0.113670	0.025429	
0.401181	0.002272	0.041469	0.003084	0.020274	0.045421	0.117700	0.023704	0.190532	0.024317	0.015236	0.057271	0.015309	0.026643	0.015588	
0.323209	0.000905	0.084208	0.000782	0.015528	0.021553	0.080075	0.027821	0.233933	0.023101	0.004662	0.046685	0.021476	0.111739	0.004324	
0.394412	0.004409	0.035580	0.002136	0.020912	0.043219	0.094445	0.025050	0.176051	0.042110	0.013320	0.057952	0.023196	0.035196	0.032013	
