0.028707	0.021614	0.023978	0.023978	0.042891	0.818305	0.040527	
0.059864	0.050340	0.024150	0.178912	0.333673	0.295578	0.057483	
0.035969	0.062097	0.035969	0.211741	0.461147	0.157109	0.035969	
0.476531	0.017007	0.055102	0.028912	0.036054	0.236054	0.150340	
0.365042	0.240336	0.028571	0.183866	0.136807	0.021513	0.023866	
0.796547	0.019296	0.047732	0.040623	0.021666	0.021666	0.052471	
0.279298	0.369132	0.111449	0.028707	0.061803	0.118541	0.031071	
0.049748	0.037983	0.153277	0.200336	0.040336	0.454454	0.063866	
0.269574	0.036401	0.043613	0.281593	0.024382	0.288805	0.055632	
0.051442	0.058742	0.416406	0.345846	0.053876	0.034411	0.039277	
0.028371	0.028371	0.535381	0.198932	0.028371	0.124166	0.056409	
0.158114	0.078017	0.204230	0.490638	0.024619	0.022191	0.022191	
0.028044	0.039591	0.097328	0.476081	0.025734	0.217420	0.115803	
0.023588	0.035216	0.028239	0.565449	0.107309	0.058472	0.181728	
0.030852	0.103622	0.021462	0.598927	0.113011	0.049631	0.082495	
0.026658	0.029050	0.019481	0.024265	0.158237	0.024265	0.718045	
0.028843	0.016966	0.019342	0.016966	0.237869	0.050221	0.629793	
0.045906	0.031518	0.117849	0.019527	0.467968	0.045906	0.271326	
0.168585	0.035884	0.384225	0.021666	0.223087	0.104604	0.061950	
0.057075	0.180007	0.321851	0.175279	0.094900	0.031071	0.139818	
0.026658	0.021873	0.691729	0.048189	0.155844	0.029050	0.026658	
0.264268	0.566932	0.034244	0.034244	0.019716	0.022138	0.058457	
0.052847	0.384589	0.102966	0.052847	0.153086	0.038527	0.215138	
0.043300	0.377429	0.141152	0.031367	0.052847	0.179339	0.174565	
