0.069223	0.019342	0.038344	0.038344	0.016966	0.786563	0.031218	
0.033673	0.069388	0.176531	0.567007	0.043197	0.064626	0.045578	
0.026721	0.026721	0.146626	0.266530	0.043508	0.055498	0.434395	
0.192282	0.114083	0.050102	0.144888	0.045362	0.218348	0.234936	
0.419160	0.030924	0.068571	0.183866	0.226218	0.033277	0.037983	
0.372978	0.068733	0.049865	0.181941	0.174865	0.113544	0.038073	
0.664626	0.069388	0.033673	0.026531	0.045578	0.052721	0.107483	
0.050460	0.484828	0.122059	0.114899	0.040914	0.083873	0.102966	
0.034327	0.493065	0.036755	0.046463	0.024619	0.104716	0.260055	
0.106883	0.450709	0.085092	0.087513	0.063300	0.169837	0.036666	
0.063270	0.464202	0.088911	0.030636	0.123876	0.109890	0.119214	
0.089717	0.442374	0.019669	0.063147	0.065562	0.275707	0.043823	
0.109380	0.364601	0.053696	0.262512	0.032814	0.086178	0.090819	
0.030423	0.384590	0.032738	0.324405	0.053571	0.035053	0.139220	
0.035381	0.369493	0.037717	0.411549	0.061081	0.033044	0.051736	
0.026721	0.029120	0.616650	0.175403	0.050702	0.031518	0.069887	
0.021925	0.024323	0.743748	0.069887	0.021925	0.031518	0.086674	
0.041110	0.069887	0.714971	0.057897	0.026721	0.024323	0.065091	
0.145578	0.052721	0.031293	0.040816	0.028912	0.052721	0.647959	
0.028912	0.047959	0.040816	0.302721	0.497959	0.019388	0.062245	
0.046463	0.061026	0.070735	0.051318	0.403259	0.141123	0.226075	
0.068978	0.113095	0.054272	0.135154	0.470938	0.076331	0.081232	
0.096963	0.063147	0.138026	0.038992	0.546239	0.055901	0.060732	
0.123533	0.123533	0.065562	0.084886	0.244306	0.116287	0.241891	
