0.470319	0.001062	0.020915	0.000901	0.020947	0.097152	0.023406	0.129325	0.019057	0.133184	0.003771	0.010611	0.036334	0.016214	0.016801	
0.499411	0.005797	0.076587	0.001231	0.030824	0.029222	0.028786	0.095538	0.028342	0.081830	0.007361	0.011224	0.063783	0.023520	0.016547	
0.510824	0.006265	0.029803	0.001148	0.021299	0.058439	0.015984	0.135990	0.011986	0.120000	0.006602	0.006510	0.060823	0.008715	0.005612	
0.503497	0.001001	0.064563	0.013551	0.005178	0.068530	0.160908	0.012056	0.024715	0.011385	0.090375	0.009155	0.011839	0.017969	0.005279	
0.388087	0.001143	0.093601	0.006740	0.016205	0.038336	0.099596	0.027159	0.121692	0.021941	0.044148	0.042343	0.027577	0.066254	0.005178	
0.432606	0.000957	0.103928	0.006175	0.022476	0.039645	0.088428	0.034938	0.082154	0.029884	0.040228	0.028963	0.035270	0.046565	0.007782	
0.453665	0.000861	0.046516	0.006109	0.033061	0.047065	0.137535	0.011332	0.055333	0.033726	0.039830	0.019676	0.010266	0.040994	0.064032	
0.358726	0.002806	0.131845	0.001184	0.019595	0.021463	0.037026	0.037126	0.129173	0.034636	0.006816	0.047824	0.042029	0.108147	0.021605	
0.343588	0.000776	0.128468	0.002561	0.016325	0.036100	0.057688	0.020395	0.132854	0.027114	0.015799	0.049623	0.026838	0.114339	0.027532	
0.323493	0.000647	0.142928	0.000847	0.020587	0.027585	0.046760	0.013152	0.144942	0.024077	0.004198	0.054290	0.027892	0.130380	0.038222	
0.306601	0.000630	0.148494	0.000706	0.018193	0.026263	0.042624	0.012055	0.158556	0.021532	0.003259	0.059161	0.027935	0.139592	0.034398	
0.329638	0.000863	0.120373	0.003810	0.013717	0.033742	0.073003	0.015076	0.152145	0.018781	0.024318	0.055301	0.023680	0.114631	0.020920	
0.364651	0.000719	0.186465	0.000793	0.022939	0.019572	0.014343	0.031259	0.119028	0.024899	0.003785	0.044932	0.051627	0.107253	0.007735	
0.430596	0.000967	0.181101	0.000848	0.037044	0.011975	0.016467	0.045550	0.078176	0.033522	0.004103	0.028749	0.065252	0.060423	0.005226	
0.437361	0.000783	0.159571	0.001088	0.041863	0.013083	0.029925	0.048688	0.078143	0.038364	0.005646	0.027571	0.062650	0.045815	0.009450	
0.534076	0.013680	0.020399	0.000734	0.020259	0.007337	0.013028	0.141109	0.024624	0.105304	0.005444	0.008949	0.084639	0.015968	0.004450	
0.549419	0.014248	0.017401	0.000691	0.020817	0.006470	0.010501	0.146443	0.013442	0.108974	0.005240	0.005042	0.087812	0.009458	0.004042	
0.515974	0.008194	0.017638	0.000643	0.037483	0.023048	0.058692	0.092659	0.018839	0.090975	0.003871	0.007121	0.053613	0.018069	0.053181	
0.471416	0.002068	0.024654	0.002099	0.048112	0.039306	0.116895	0.029470	0.036377	0.060381	0.012754	0.013262	0.016621	0.033392	0.093192	
0.204250	0.002254	0.062999	0.001189	0.014235	0.018162	0.076524	0.030047	0.273687	0.030329	0.006716	0.094595	0.017042	0.147504	0.020468	
0.288442	0.003923	0.066987	0.001663	0.016467	0.017969	0.066700	0.045249	0.205871	0.040025	0.010205	0.071557	0.030388	0.116033	0.018523	
0.282563	0.000864	0.064073	0.001942	0.026880	0.025579	0.097001	0.016345	0.201339	0.029866	0.011573	0.069766	0.012926	0.113633	0.045651	
0.286961	0.002258	0.113105	0.000855	0.022397	0.010669	0.044335	0.043967	0.207813	0.032690	0.004403	0.072021	0.042247	0.112484	0.003796	
0.255362	0.001027	0.067692	0.001222	0.018741	0.032354	0.074043	0.032636	0.219806	0.040203	0.006632	0.077062	0.016096	0.126978	0.030147	
