0.055366	0.026658	0.172591	0.634313	0.038619	0.024265	0.048189	
0.040527	0.099629	0.035799	0.558257	0.026342	0.075988	0.163458	
0.070055	0.096497	0.026786	0.644574	0.043613	0.029190	0.089286	
0.632555	0.134959	0.024382	0.024382	0.019574	0.139766	0.024382	
0.358827	0.028639	0.061658	0.040431	0.137129	0.314016	0.059299	
0.332884	0.101752	0.118261	0.122978	0.054582	0.238544	0.030997	
0.697737	0.026342	0.040527	0.033435	0.066532	0.047619	0.087808	
0.052347	0.447146	0.038163	0.023978	0.338399	0.040527	0.059439	
0.093197	0.431293	0.217007	0.028912	0.162245	0.047959	0.019388	
0.048772	0.041508	0.261847	0.053615	0.537876	0.024559	0.031823	
0.072594	0.119214	0.177489	0.028305	0.555112	0.016650	0.030636	
0.207666	0.022300	0.154007	0.019861	0.534495	0.036934	0.024739	
0.033044	0.117156	0.100801	0.357810	0.332109	0.026035	0.033044	
0.028108	0.146164	0.025794	0.361442	0.308201	0.109127	0.021164	
0.204983	0.028239	0.030565	0.425914	0.209635	0.070100	0.030565	
0.026468	0.024092	0.026468	0.021717	0.021717	0.040719	0.838819	
0.026468	0.040719	0.026468	0.033593	0.024092	0.035969	0.812691	
0.278520	0.024323	0.026721	0.026721	0.021925	0.031518	0.590271	
0.052721	0.043197	0.467007	0.150340	0.026531	0.031293	0.228912	
0.057346	0.071598	0.033593	0.088225	0.050221	0.560909	0.138107	
0.129839	0.105858	0.307297	0.026721	0.067489	0.249743	0.113052	
0.077453	0.130465	0.094320	0.022031	0.034079	0.622031	0.019621	
0.045906	0.053100	0.026721	0.041110	0.031518	0.743748	0.057897	
0.437095	0.229458	0.033754	0.021821	0.043300	0.210365	0.024207	
