0.512203	0.009502	0.029685	0.000685	0.045975	0.016950	0.015781	0.168818	0.021208	0.129025	0.002751	0.010401	0.014071	0.019078	0.003870	
0.453842	0.005813	0.093806	0.002701	0.023863	0.032718	0.037106	0.082331	0.039840	0.071071	0.013229	0.019744	0.032979	0.077945	0.013012	
0.483626	0.007706	0.071768	0.002362	0.032365	0.031139	0.032876	0.115176	0.022146	0.092404	0.009409	0.016002	0.024589	0.054260	0.004172	
0.557071	0.010015	0.035472	0.012055	0.011586	0.130238	0.066590	0.015367	0.042451	0.014900	0.048540	0.019210	0.015810	0.013886	0.006808	
0.286703	0.001408	0.098212	0.000874	0.034069	0.019904	0.125709	0.037509	0.174100	0.031004	0.003747	0.078738	0.033263	0.071305	0.003454	
0.368498	0.003024	0.109165	0.003322	0.018199	0.039427	0.087233	0.029146	0.089304	0.027857	0.013776	0.042247	0.028035	0.135402	0.005366	
0.252003	0.001517	0.053174	0.001346	0.038919	0.029259	0.134716	0.027877	0.257368	0.016120	0.010898	0.091386	0.013127	0.048210	0.024081	
0.349904	0.001439	0.140345	0.000901	0.010041	0.010482	0.049953	0.036844	0.062102	0.036592	0.008132	0.020941	0.025815	0.225520	0.020988	
0.444286	0.006059	0.065916	0.005974	0.013221	0.067101	0.041451	0.033768	0.090710	0.028208	0.031714	0.018324	0.009181	0.108898	0.035189	
0.300239	0.001149	0.107317	0.000657	0.016729	0.014647	0.027707	0.022958	0.218407	0.024013	0.023763	0.045379	0.026306	0.084962	0.085766	
0.309554	0.002148	0.075846	0.002273	0.014210	0.032837	0.017228	0.010889	0.254108	0.010179	0.035178	0.041309	0.008834	0.079553	0.105853	
0.317638	0.001628	0.114580	0.000620	0.018949	0.014024	0.029471	0.032455	0.196695	0.033156	0.021164	0.045922	0.034404	0.063064	0.076230	
0.433651	0.004160	0.152085	0.002315	0.021351	0.027065	0.049305	0.062461	0.035978	0.065912	0.010591	0.036394	0.069824	0.020565	0.008343	
0.410980	0.002688	0.177195	0.002814	0.011490	0.029341	0.057692	0.032941	0.023475	0.044995	0.011749	0.033401	0.069916	0.086179	0.005145	
0.387223	0.001826	0.208187	0.001336	0.014397	0.014348	0.057065	0.037095	0.033221	0.052302	0.006656	0.043782	0.087607	0.046473	0.008483	
0.507950	0.001848	0.037700	0.001575	0.023846	0.017402	0.021644	0.093271	0.048506	0.099358	0.012382	0.016264	0.085870	0.018452	0.013932	
0.534383	0.002006	0.026197	0.002086	0.021722	0.021176	0.019983	0.096589	0.020582	0.102865	0.012392	0.007192	0.084999	0.043054	0.004774	
0.525568	0.001273	0.019511	0.001133	0.025411	0.012015	0.020880	0.104374	0.036368	0.110770	0.009410	0.012603	0.092873	0.021491	0.006319	
0.429427	0.002574	0.044416	0.002389	0.020371	0.029873	0.023086	0.058709	0.135134	0.059386	0.023391	0.026014	0.045912	0.048667	0.050653	
0.368830	0.001361	0.063782	0.000729	0.031948	0.015088	0.085587	0.064560	0.132855	0.061050	0.005729	0.054801	0.051673	0.054096	0.007910	
0.438335	0.003446	0.075455	0.002971	0.016367	0.033539	0.038264	0.057187	0.065101	0.055432	0.017596	0.017332	0.036436	0.120637	0.021900	
0.292747	0.002548	0.059939	0.002173	0.039424	0.036623	0.138851	0.036250	0.210791	0.025085	0.009436	0.087578	0.022243	0.030803	0.005509	
0.280662	0.001237	0.087039	0.000816	0.027371	0.017578	0.112742	0.033918	0.160867	0.023480	0.004775	0.060642	0.008974	0.170962	0.008935	
0.353888	0.004204	0.055187	0.004388	0.031971	0.057244	0.117865	0.031011	0.171441	0.022555	0.018918	0.069544	0.019945	0.033212	0.008629	
