0.439979	0.004923	0.013579	0.003371	0.040359	0.019526	0.063574	0.134167	0.023123	0.173993	0.002582	0.019125	0.007848	0.015964	0.037888	
0.490367	0.005107	0.049060	0.001430	0.034605	0.025701	0.020712	0.093258	0.058792	0.110782	0.025890	0.024930	0.024044	0.031931	0.003392	
0.498976	0.005654	0.020051	0.001282	0.038544	0.020828	0.015802	0.137279	0.025850	0.177140	0.018576	0.006506	0.010229	0.020491	0.002791	
0.601077	0.001774	0.035365	0.005292	0.006296	0.049933	0.092695	0.012697	0.040011	0.011317	0.024147	0.023366	0.011854	0.033380	0.050795	
0.313000	0.004297	0.100884	0.003782	0.044834	0.023155	0.084290	0.030663	0.136684	0.016337	0.015258	0.087027	0.041859	0.052486	0.045444	
0.428446	0.002283	0.066740	0.004761	0.019317	0.037092	0.102568	0.021325	0.098612	0.015500	0.012664	0.049297	0.024297	0.063809	0.053289	
0.426266	0.001793	0.058379	0.005774	0.017147	0.038904	0.122995	0.021488	0.086892	0.018338	0.006028	0.047773	0.019822	0.059647	0.068755	
0.319553	0.003623	0.133200	0.001878	0.028016	0.037970	0.041683	0.064899	0.115564	0.070821	0.013601	0.030287	0.033870	0.089038	0.015997	
0.332493	0.002133	0.159627	0.002100	0.011786	0.052789	0.046703	0.032630	0.129004	0.031987	0.016305	0.016809	0.030379	0.119776	0.015479	
0.227117	0.002283	0.188936	0.002548	0.020125	0.049000	0.061683	0.032709	0.151974	0.025440	0.007094	0.035722	0.042245	0.124782	0.028343	
0.235872	0.002448	0.194642	0.001993	0.019652	0.049276	0.049612	0.031731	0.155395	0.022239	0.010968	0.034229	0.045838	0.126596	0.019508	
0.225040	0.003288	0.186405	0.002707	0.032754	0.042220	0.060299	0.026241	0.157117	0.011119	0.012458	0.060341	0.049010	0.100010	0.030991	
0.428143	0.003194	0.118105	0.001885	0.018205	0.045527	0.032870	0.044845	0.097180	0.046347	0.025009	0.020165	0.029904	0.079653	0.008968	
0.351492	0.003498	0.144812	0.001436	0.024719	0.042152	0.031014	0.034463	0.135849	0.029051	0.025596	0.037228	0.035898	0.097430	0.005362	
0.292387	0.004590	0.164387	0.001205	0.039392	0.034087	0.025849	0.034227	0.154264	0.018503	0.026835	0.064099	0.051790	0.082550	0.005834	
0.521429	0.004035	0.041052	0.000972	0.017119	0.015282	0.028302	0.098025	0.043280	0.077316	0.013707	0.026641	0.094110	0.013778	0.004951	
0.545722	0.003551	0.013392	0.000813	0.008849	0.011885	0.032416	0.121957	0.022831	0.108565	0.005410	0.007687	0.095808	0.016605	0.004512	
0.503707	0.003421	0.036072	0.000672	0.008937	0.014018	0.031439	0.117947	0.036660	0.101685	0.003763	0.009549	0.099849	0.028267	0.004015	
0.500064	0.002360	0.053227	0.004299	0.013034	0.040082	0.083344	0.050305	0.050032	0.052048	0.011835	0.022671	0.029342	0.042235	0.045122	
0.277149	0.004893	0.107605	0.000982	0.044651	0.012472	0.046569	0.036387	0.188980	0.018198	0.023453	0.087122	0.051913	0.093053	0.006574	
0.347004	0.003770	0.090363	0.002020	0.031222	0.022795	0.060667	0.036782	0.150283	0.025700	0.019428	0.063129	0.041615	0.087060	0.018162	
0.349153	0.003592	0.078242	0.001841	0.029338	0.019999	0.064510	0.029854	0.166117	0.018787	0.020823	0.065500	0.036772	0.100388	0.015085	
0.290445	0.001483	0.028484	0.001424	0.009128	0.010153	0.102485	0.027360	0.228314	0.028780	0.005852	0.049418	0.014071	0.189492	0.013110	
0.425518	0.002256	0.059154	0.002492	0.012585	0.031988	0.074306	0.022628	0.141325	0.021628	0.020588	0.037039	0.017257	0.112176	0.019058	
