0.031442	0.777854	0.036227	0.031442	0.055366	0.041012	0.026658	
0.182160	0.306562	0.024265	0.052973	0.086466	0.277854	0.069720	
0.031593	0.642170	0.033997	0.070055	0.033997	0.065247	0.122940	
0.047732	0.038253	0.021666	0.775220	0.026405	0.071429	0.019296	
0.415030	0.031144	0.026405	0.064320	0.242045	0.192282	0.028775	
0.097035	0.052224	0.099394	0.377695	0.056941	0.271563	0.045148	
0.607903	0.028707	0.028707	0.220196	0.059439	0.028707	0.026342	
0.033673	0.176531	0.605102	0.047959	0.052721	0.038435	0.045578	
0.038805	0.190247	0.298420	0.255151	0.142170	0.038805	0.036401	
0.031900	0.095007	0.415395	0.172677	0.184813	0.041609	0.058599	
0.030780	0.042489	0.723988	0.051857	0.094011	0.023754	0.033121	
0.058885	0.024739	0.446690	0.193031	0.222300	0.022300	0.032056	
0.028239	0.163123	0.072425	0.065449	0.091030	0.546844	0.032890	
0.035216	0.035216	0.077076	0.037542	0.118937	0.679402	0.016611	
0.096807	0.037983	0.019160	0.030924	0.174454	0.607395	0.033277	
0.017295	0.039087	0.060879	0.048772	0.031823	0.099620	0.702525	
0.088225	0.076349	0.026468	0.054971	0.038344	0.121479	0.594164	
0.045906	0.033916	0.024323	0.033916	0.021925	0.033916	0.806098	
0.024150	0.193197	0.040816	0.217007	0.069388	0.021769	0.433673	
0.045042	0.035630	0.080336	0.052101	0.696807	0.028571	0.061513	
0.026405	0.059580	0.218348	0.140149	0.294177	0.035884	0.225457	
0.482272	0.079862	0.043718	0.190706	0.050947	0.108778	0.043718	
0.381988	0.031746	0.299862	0.031746	0.082471	0.038992	0.133195	
0.340007	0.164235	0.062097	0.104852	0.126230	0.088225	0.114354	
