0.573663	0.001049	0.014556	0.000814	0.091553	0.014046	0.097273	0.057528	0.015849	0.101483	0.002645	0.005999	0.008474	0.011546	0.003522	
0.435552	0.008631	0.052343	0.000802	0.015025	0.047616	0.027779	0.180415	0.045198	0.110203	0.006300	0.016145	0.021625	0.019847	0.012520	
0.454307	0.010713	0.021027	0.000628	0.013337	0.055801	0.020258	0.229355	0.020606	0.136752	0.003049	0.007515	0.009707	0.011956	0.004989	
0.313672	0.001669	0.102750	0.007093	0.014331	0.053325	0.064041	0.026790	0.089736	0.022662	0.025412	0.038001	0.016959	0.217040	0.006519	
0.266350	0.001542	0.111014	0.000728	0.030363	0.009331	0.206379	0.027410	0.201597	0.020011	0.003306	0.063492	0.033735	0.017597	0.007146	
0.333437	0.002133	0.099332	0.003776	0.018658	0.033414	0.089374	0.029733	0.131597	0.028684	0.017762	0.047373	0.033686	0.113929	0.017111	
0.299548	0.002166	0.055697	0.000591	0.020187	0.021355	0.086439	0.039334	0.247417	0.029057	0.022009	0.083187	0.020985	0.012152	0.059877	
0.315342	0.000906	0.117072	0.003336	0.016121	0.034202	0.034693	0.011401	0.174343	0.011505	0.029343	0.063871	0.031126	0.103445	0.053293	
0.363701	0.000875	0.133517	0.006622	0.026607	0.048830	0.048236	0.018487	0.045153	0.025353	0.023514	0.023494	0.025195	0.205027	0.005388	
0.351277	0.001056	0.168811	0.002361	0.021723	0.025939	0.050459	0.012754	0.120535	0.014439	0.020103	0.044125	0.052570	0.077301	0.036547	
0.311372	0.000901	0.096294	0.003370	0.014893	0.035376	0.026376	0.010771	0.195069	0.012170	0.032311	0.071170	0.025614	0.102998	0.061314	
0.322218	0.000944	0.087327	0.000720	0.021704	0.021291	0.037514	0.015145	0.237497	0.017074	0.028955	0.082256	0.029764	0.020094	0.077497	
0.411590	0.002159	0.158083	0.002815	0.033450	0.030797	0.060470	0.045353	0.039006	0.042674	0.011825	0.016653	0.046740	0.089402	0.008982	
0.381552	0.001151	0.244662	0.002572	0.026084	0.023996	0.067332	0.015358	0.029265	0.014566	0.010194	0.013065	0.074070	0.089689	0.006444	
0.400146	0.004083	0.157439	0.000732	0.022670	0.027191	0.054953	0.079471	0.068350	0.052365	0.008645	0.023968	0.054189	0.025933	0.019865	
0.613169	0.005607	0.021026	0.001148	0.021293	0.015368	0.013083	0.041193	0.027506	0.092642	0.005433	0.010556	0.096964	0.028383	0.006630	
0.653252	0.005283	0.016338	0.000792	0.022885	0.007072	0.014506	0.018757	0.022045	0.092195	0.003305	0.008098	0.114388	0.017026	0.004058	
0.521886	0.006796	0.025486	0.000503	0.019329	0.026424	0.029821	0.100702	0.060486	0.098561	0.005854	0.020617	0.060923	0.008356	0.014256	
0.456386	0.003666	0.030306	0.001406	0.028527	0.026032	0.035337	0.055739	0.123110	0.067759	0.016742	0.043551	0.038946	0.035975	0.036517	
0.367676	0.001819	0.083196	0.006400	0.014212	0.048297	0.032432	0.016581	0.091588	0.029192	0.027168	0.038837	0.029914	0.194920	0.017767	
0.374623	0.003322	0.061423	0.004717	0.011332	0.046716	0.021221	0.049875	0.113652	0.044898	0.025653	0.044555	0.026801	0.141655	0.029555	
0.358475	0.003714	0.067352	0.001265	0.022685	0.021195	0.125444	0.058425	0.150137	0.050549	0.007455	0.049056	0.038757	0.032791	0.012700	
0.378954	0.002731	0.047314	0.002077	0.017818	0.025952	0.056671	0.030294	0.175906	0.040956	0.020904	0.061347	0.038929	0.058092	0.042056	
0.329991	0.002221	0.090180	0.003466	0.024494	0.030239	0.121709	0.036378	0.130593	0.034096	0.012927	0.045497	0.028846	0.102437	0.006927	
