0.021769	0.024150	0.028912	0.776531	0.036054	0.026531	0.086054	
0.036054	0.276531	0.131293	0.347959	0.121769	0.026531	0.059864	
0.024207	0.174565	0.055234	0.453802	0.196045	0.024207	0.071940	
0.026658	0.045796	0.598428	0.033835	0.064935	0.031442	0.198906	
0.163073	0.082884	0.512129	0.035714	0.085243	0.089960	0.030997	
0.139488	0.328167	0.033356	0.023922	0.042790	0.035714	0.396563	
0.213104	0.035799	0.019250	0.023978	0.116177	0.023978	0.567714	
0.043095	0.777061	0.021717	0.019342	0.038344	0.054971	0.045470	
0.021769	0.240816	0.043197	0.024150	0.031293	0.383673	0.255102	
0.024739	0.032056	0.041812	0.049129	0.036934	0.610105	0.205226	
0.030780	0.035463	0.040147	0.023754	0.044831	0.604550	0.220475	
0.090592	0.039373	0.314983	0.034495	0.032056	0.397909	0.090592	
0.028044	0.353679	0.028044	0.242824	0.034972	0.258990	0.053448	
0.023643	0.287046	0.163503	0.137862	0.046953	0.317349	0.023643	
0.084053	0.102658	0.179402	0.311960	0.051495	0.230565	0.039867	
0.024441	0.079862	0.029260	0.065404	0.730465	0.029260	0.041308	
0.029120	0.079479	0.033916	0.036314	0.750942	0.031518	0.038712	
0.026658	0.029050	0.057758	0.038619	0.727614	0.036227	0.084074	
0.028775	0.040623	0.019296	0.042993	0.370007	0.083277	0.415030	
0.435326	0.087808	0.038163	0.109085	0.229652	0.078352	0.021614	
0.139098	0.163021	0.196514	0.067327	0.139098	0.179768	0.115174	
0.520826	0.034079	0.041308	0.024441	0.164200	0.024441	0.190706	
0.374133	0.226075	0.085298	0.041609	0.150832	0.090153	0.031900	
0.484900	0.054971	0.033593	0.028843	0.024092	0.040719	0.332881	
