0.017088	0.031442	0.019481	0.019481	0.029050	0.062543	0.820916	
0.029190	0.312843	0.082074	0.084478	0.084478	0.144574	0.262363	
0.053485	0.118703	0.034161	0.082471	0.186335	0.239476	0.285369	
0.303228	0.493132	0.031593	0.096497	0.024382	0.031593	0.019574	
0.508612	0.057075	0.064168	0.130361	0.049983	0.146910	0.042891	
0.218645	0.026157	0.169349	0.056673	0.021462	0.458082	0.049631	
0.466218	0.040336	0.023866	0.037983	0.193277	0.202689	0.035630	
0.029050	0.174983	0.308954	0.139098	0.067327	0.230007	0.050581	
0.099379	0.507591	0.157350	0.152519	0.029331	0.031746	0.022084	
0.137943	0.032292	0.157599	0.430326	0.093717	0.032292	0.115830	
0.084249	0.042291	0.193806	0.541126	0.086580	0.023643	0.028305	
0.102787	0.022300	0.122300	0.583275	0.034495	0.034495	0.100348	
0.025853	0.114021	0.074577	0.399403	0.021213	0.253232	0.111700	
0.023810	0.134138	0.150570	0.479209	0.044936	0.143528	0.023810	
0.047173	0.028438	0.070592	0.475744	0.070592	0.269655	0.037805	
0.021925	0.431997	0.029120	0.019527	0.422405	0.043508	0.031518	
0.019574	0.368132	0.048420	0.026786	0.271978	0.202266	0.062843	
0.057897	0.242549	0.041110	0.110654	0.360055	0.129839	0.057897	
0.091470	0.285714	0.043508	0.072285	0.343268	0.026721	0.137033	
0.045687	0.112513	0.551654	0.019434	0.203205	0.031367	0.036140	
0.050702	0.206578	0.280918	0.187393	0.187393	0.038712	0.048304	
0.326482	0.180199	0.091470	0.019527	0.074683	0.278520	0.029120	
0.113052	0.021925	0.137033	0.122645	0.208976	0.379239	0.017129	
0.312695	0.242477	0.092356	0.075406	0.070564	0.174680	0.031823	
