0.476482	0.001179	0.026188	0.001495	0.041757	0.016979	0.021197	0.167494	0.028638	0.142564	0.007605	0.011654	0.018443	0.024672	0.013655	
0.483929	0.001955	0.037679	0.002952	0.034282	0.035226	0.030388	0.121507	0.051994	0.100671	0.017929	0.018486	0.016859	0.036092	0.010050	
0.514951	0.001929	0.028595	0.003093	0.035745	0.036490	0.014534	0.139969	0.029120	0.114649	0.019035	0.009378	0.011647	0.033570	0.007294	
0.451136	0.001167	0.069874	0.004710	0.021733	0.060603	0.079153	0.030741	0.107585	0.026793	0.025758	0.043981	0.025006	0.042708	0.009051	
0.275429	0.002706	0.090257	0.002240	0.030745	0.025271	0.119846	0.036246	0.223849	0.022192	0.015603	0.078787	0.030146	0.039130	0.007553	
0.298727	0.005483	0.095178	0.001574	0.023880	0.019859	0.097085	0.050727	0.165667	0.033784	0.013267	0.058471	0.028513	0.095696	0.012089	
0.504380	0.001045	0.051720	0.006520	0.023431	0.079080	0.064348	0.016918	0.121187	0.010951	0.039836	0.042442	0.017221	0.017395	0.003527	
0.359055	0.003504	0.145900	0.002692	0.006829	0.040477	0.076482	0.017443	0.109871	0.014095	0.012738	0.046178	0.037953	0.118791	0.007993	
0.399180	0.002135	0.102974	0.003443	0.008650	0.055610	0.120630	0.021096	0.066497	0.018421	0.011625	0.045371	0.023691	0.113508	0.007169	
0.301179	0.004440	0.194858	0.001308	0.008305	0.015284	0.021733	0.020599	0.168404	0.019304	0.010765	0.048817	0.061084	0.110206	0.013713	
0.328167	0.003125	0.191953	0.001869	0.009691	0.021159	0.012475	0.017760	0.167407	0.020250	0.013200	0.047566	0.063789	0.087513	0.014077	
0.390637	0.002181	0.146433	0.003540	0.013081	0.043488	0.035180	0.021783	0.142776	0.018055	0.021378	0.045348	0.042677	0.068273	0.005172	
0.372862	0.002356	0.134488	0.001966	0.017894	0.025757	0.038436	0.063048	0.112841	0.053909	0.010326	0.038911	0.040896	0.077719	0.008591	
0.334835	0.003407	0.163556	0.001399	0.013905	0.017535	0.028569	0.046855	0.137560	0.041725	0.009063	0.042816	0.052111	0.094034	0.012632	
0.393534	0.002453	0.119068	0.001980	0.022845	0.023415	0.021906	0.086531	0.106022	0.070837	0.012226	0.032731	0.035314	0.065018	0.006119	
0.496385	0.001080	0.020972	0.000980	0.036399	0.011085	0.019453	0.068233	0.022871	0.109759	0.004697	0.009788	0.089602	0.022519	0.086177	
0.489919	0.002672	0.020094	0.000830	0.035415	0.008537	0.014637	0.070721	0.023137	0.107848	0.006468	0.007154	0.086202	0.040738	0.085627	
0.494344	0.001660	0.026457	0.002014	0.029560	0.028205	0.048951	0.058925	0.018199	0.087132	0.008987	0.014967	0.066325	0.049197	0.065078	
0.529811	0.001438	0.024940	0.003353	0.029343	0.042022	0.032524	0.053643	0.029114	0.076067	0.019011	0.013595	0.057424	0.033376	0.054341	
0.275085	0.004021	0.089797	0.001285	0.025290	0.019558	0.131641	0.048639	0.168083	0.034457	0.007134	0.067977	0.027838	0.087036	0.012159	
0.335521	0.020468	0.085023	0.000806	0.005927	0.006769	0.014940	0.046389	0.091650	0.014042	0.032258	0.008294	0.019537	0.285604	0.032773	
0.313812	0.001116	0.083048	0.002878	0.027026	0.038272	0.137023	0.027197	0.184543	0.019902	0.013894	0.075057	0.028372	0.039641	0.008220	
0.289921	0.010763	0.101760	0.000869	0.019332	0.007566	0.058673	0.051121	0.160884	0.029204	0.018787	0.043999	0.031372	0.154791	0.020960	
0.379316	0.001720	0.074154	0.003350	0.019219	0.049891	0.132293	0.025815	0.108030	0.023222	0.013753	0.055947	0.024982	0.075655	0.012652	
