0.023978	0.040527	0.021614	0.016886	0.021614	0.846673	0.028707	
0.052596	0.230743	0.159484	0.016966	0.152358	0.313879	0.073974	
0.036844	0.146333	0.443170	0.034411	0.080640	0.185262	0.073340	
0.381293	0.436054	0.031293	0.064626	0.021769	0.033673	0.031293	
0.556941	0.021563	0.111186	0.035714	0.210243	0.033356	0.030997	
0.603622	0.054326	0.063716	0.108317	0.120054	0.019115	0.030852	
0.629179	0.040527	0.035799	0.035799	0.031071	0.026342	0.201283	
0.049748	0.172101	0.113277	0.127395	0.412101	0.030924	0.094454	
0.072809	0.575224	0.019669	0.215321	0.046239	0.048654	0.022084	
0.061324	0.022300	0.027178	0.758885	0.054007	0.029617	0.046690	
0.054326	0.030852	0.028504	0.350101	0.368880	0.033199	0.134138	
0.054139	0.034579	0.034579	0.376877	0.425777	0.044359	0.029689	
0.073892	0.138259	0.170443	0.340558	0.165846	0.083087	0.027915	
0.044312	0.160053	0.141534	0.303571	0.268849	0.046627	0.035053	
0.058883	0.058883	0.232185	0.279023	0.300100	0.044831	0.026096	
0.029120	0.362453	0.038712	0.031518	0.017129	0.021925	0.499144	
0.036401	0.336882	0.259959	0.026786	0.046016	0.024382	0.269574	
0.042993	0.220718	0.197021	0.123561	0.031144	0.052471	0.332092	
0.101794	0.222567	0.034161	0.167012	0.029331	0.046239	0.398896	
0.180199	0.177801	0.230558	0.031518	0.220966	0.050702	0.108256	
0.111997	0.167822	0.027046	0.027046	0.391123	0.017337	0.257628	
0.357657	0.153820	0.280918	0.029120	0.084275	0.029120	0.065091	
0.128988	0.041609	0.454230	0.179958	0.056172	0.022191	0.116852	
0.366852	0.204230	0.150832	0.116852	0.048890	0.034327	0.078017	
