0.019388	0.024150	0.028912	0.040816	0.028912	0.833673	0.024150	
0.029120	0.045906	0.043508	0.156218	0.091470	0.050702	0.583076	
0.026721	0.048304	0.033916	0.057897	0.033916	0.067489	0.731757	
0.244414	0.057211	0.590386	0.026405	0.021666	0.024035	0.035884	
0.737425	0.103622	0.037894	0.030852	0.028504	0.023810	0.037894	
0.312990	0.105353	0.291510	0.133992	0.083873	0.031367	0.040914	
0.310924	0.054454	0.023866	0.021513	0.360336	0.023866	0.205042	
0.062245	0.033673	0.136054	0.057483	0.562245	0.021769	0.126531	
0.029050	0.036227	0.328093	0.067327	0.363978	0.131921	0.043404	
0.019812	0.080640	0.102537	0.131734	0.574557	0.039277	0.051442	
0.021412	0.040147	0.234527	0.063566	0.590498	0.026096	0.023754	
0.032056	0.061324	0.032056	0.068641	0.700348	0.063763	0.041812	
0.023533	0.016573	0.195227	0.431886	0.162744	0.123301	0.046735	
0.039867	0.051495	0.225914	0.556146	0.030565	0.025914	0.070100	
0.026035	0.063418	0.056409	0.514352	0.240988	0.023698	0.075100	
0.029190	0.459478	0.187843	0.019574	0.038805	0.041209	0.223901	
0.062995	0.708778	0.091910	0.026850	0.026850	0.024441	0.058176	
0.045796	0.340055	0.026658	0.115174	0.036227	0.041012	0.395079	
0.036054	0.447959	0.105102	0.062245	0.078912	0.136054	0.133673	
0.066848	0.192738	0.518154	0.035969	0.092976	0.024092	0.069223	
0.090386	0.227827	0.329722	0.028775	0.166215	0.028775	0.128301	
0.479666	0.092805	0.078206	0.031978	0.053876	0.024678	0.238790	
0.286060	0.043929	0.184365	0.099620	0.126254	0.024559	0.235213	
0.374741	0.082471	0.273292	0.063147	0.051070	0.048654	0.106625	
