0.021769	0.024150	0.833673	0.019388	0.024150	0.055102	0.021769	
0.024150	0.047959	0.100340	0.264626	0.062245	0.276531	0.224150	
0.029120	0.038712	0.304899	0.268928	0.033916	0.050702	0.273724	
0.121769	0.626531	0.021769	0.028912	0.131293	0.045578	0.024150	
0.037894	0.399396	0.023810	0.131791	0.040241	0.037894	0.328974	
0.054582	0.568733	0.030997	0.148922	0.026280	0.066375	0.104111	
0.092536	0.224924	0.021614	0.097264	0.123269	0.191827	0.248565	
0.388435	0.059864	0.093197	0.112245	0.064626	0.076531	0.205102	
0.331293	0.257483	0.086054	0.228912	0.038435	0.024150	0.033673	
0.575958	0.049129	0.051568	0.027178	0.105226	0.144251	0.046690	
0.519115	0.129443	0.047284	0.040241	0.096579	0.103622	0.063716	
0.482012	0.051694	0.076144	0.049249	0.034579	0.176388	0.129934	
0.132582	0.107060	0.202188	0.032814	0.037454	0.445807	0.042095	
0.091030	0.107309	0.042193	0.046844	0.060797	0.630565	0.021262	
0.112483	0.028371	0.042390	0.047063	0.056409	0.533044	0.180240	
0.046127	0.043718	0.038898	0.108778	0.448537	0.197935	0.116007	
0.024323	0.036314	0.048304	0.024323	0.655019	0.024323	0.187393	
0.029120	0.029120	0.024323	0.038712	0.398424	0.057897	0.422405	
0.064626	0.095578	0.152721	0.047959	0.474150	0.128912	0.036054	
0.130670	0.213609	0.021666	0.173324	0.073798	0.151997	0.234936	
0.201781	0.134635	0.021925	0.115450	0.144227	0.036314	0.345666	
0.031823	0.046351	0.024559	0.671048	0.131097	0.048772	0.046351	
0.183920	0.104210	0.041408	0.106625	0.092133	0.101794	0.369910	
0.048537	0.075043	0.019621	0.523236	0.226850	0.075043	0.031670	
