0.411132	0.008010	0.042954	0.001192	0.022021	0.033641	0.032242	0.092342	0.099405	0.106862	0.019131	0.013030	0.023308	0.046177	0.048552	
0.461208	0.007902	0.063965	0.001831	0.027617	0.043240	0.069665	0.102002	0.026106	0.099964	0.014610	0.023998	0.028984	0.024651	0.004257	
0.473139	0.013274	0.017899	0.000902	0.032992	0.017667	0.026805	0.166998	0.016355	0.166598	0.016319	0.009168	0.027143	0.010519	0.004223	
0.447530	0.000782	0.101826	0.008182	0.040989	0.041875	0.142989	0.015003	0.072086	0.011130	0.032752	0.028022	0.021558	0.031664	0.003612	
0.419390	0.002060	0.099873	0.009272	0.048081	0.008710	0.117850	0.028453	0.103058	0.026376	0.038625	0.025775	0.021237	0.046386	0.004856	
0.414086	0.003404	0.080801	0.007587	0.042898	0.017365	0.106616	0.044184	0.100909	0.042585	0.033105	0.030783	0.021465	0.050004	0.004208	
0.437762	0.001301	0.078215	0.007745	0.038056	0.049625	0.138375	0.015696	0.090980	0.018339	0.033739	0.024442	0.015849	0.032053	0.017823	
0.386215	0.003144	0.098152	0.000911	0.015238	0.050568	0.062936	0.043391	0.099074	0.045005	0.009089	0.047184	0.036266	0.079610	0.023216	
0.361852	0.001719	0.081653	0.001006	0.008515	0.078199	0.080058	0.008965	0.137932	0.026318	0.012632	0.044238	0.021101	0.083054	0.052758	
0.350489	0.002158	0.138586	0.000985	0.012185	0.031452	0.029339	0.016117	0.145160	0.036438	0.015466	0.027999	0.032418	0.093483	0.067724	
0.319559	0.002102	0.123899	0.000717	0.009363	0.034999	0.025510	0.009702	0.176804	0.034549	0.015317	0.035381	0.028112	0.109812	0.074174	
0.337775	0.001931	0.120015	0.003018	0.019225	0.028108	0.050317	0.010735	0.163408	0.029538	0.021520	0.035250	0.025281	0.097705	0.056174	
0.402930	0.001194	0.268813	0.001008	0.019011	0.009788	0.043717	0.018474	0.027211	0.016413	0.005048	0.041812	0.054386	0.083826	0.006370	
0.399623	0.004386	0.212959	0.000801	0.021808	0.006629	0.032083	0.053517	0.037594	0.054097	0.007296	0.038915	0.046567	0.078002	0.005724	
0.395796	0.002537	0.203075	0.002540	0.025103	0.012589	0.057762	0.032600	0.055293	0.031308	0.012033	0.042966	0.043254	0.079529	0.003615	
0.552366	0.000975	0.015063	0.000727	0.024837	0.011934	0.026818	0.124380	0.030737	0.063989	0.003190	0.013946	0.105742	0.021710	0.003587	
0.536261	0.004565	0.015670	0.000691	0.027346	0.011538	0.023403	0.139945	0.022798	0.095733	0.006883	0.009595	0.085226	0.015299	0.005048	
0.540945	0.001206	0.017353	0.000764	0.023394	0.016078	0.026040	0.115666	0.042731	0.064749	0.005724	0.008842	0.097625	0.021605	0.017276	
0.385525	0.002664	0.029549	0.001646	0.011750	0.068631	0.061447	0.027848	0.160008	0.048656	0.020767	0.017142	0.020775	0.061593	0.081999	
0.231313	0.001093	0.068571	0.001462	0.013781	0.018642	0.035123	0.021724	0.245272	0.017047	0.006625	0.103987	0.042378	0.185550	0.007432	
0.342571	0.003125	0.048301	0.001610	0.018077	0.025624	0.034835	0.053773	0.171637	0.052132	0.013406	0.051909	0.041631	0.108185	0.033183	
0.285128	0.001683	0.054253	0.001211	0.010144	0.053097	0.057903	0.015564	0.209094	0.024910	0.010635	0.075456	0.027491	0.137951	0.035482	
0.288973	0.006064	0.045404	0.000931	0.020079	0.008673	0.016748	0.078598	0.187183	0.077044	0.009432	0.076797	0.036840	0.140583	0.006652	
0.381178	0.001061	0.040137	0.002118	0.012852	0.094562	0.119534	0.015378	0.123293	0.016657	0.011042	0.062486	0.023086	0.077565	0.019051	
