0.033673	0.028912	0.033673	0.047959	0.024150	0.795578	0.036054	
0.037983	0.197983	0.089748	0.035630	0.049748	0.492101	0.096807	
0.039087	0.138360	0.029402	0.031823	0.099620	0.530612	0.131097	
0.742045	0.104604	0.035884	0.016926	0.028775	0.026405	0.045362	
0.297507	0.111186	0.174865	0.023922	0.295148	0.021563	0.075809	
0.377695	0.196092	0.052224	0.028639	0.276280	0.040431	0.028639	
0.348571	0.023866	0.035630	0.037983	0.477983	0.035630	0.040336	
0.021513	0.774454	0.033277	0.066218	0.035630	0.033277	0.035630	
0.096730	0.412392	0.101549	0.209983	0.079862	0.034079	0.065404	
0.142513	0.034079	0.077453	0.607573	0.082272	0.026850	0.029260	
0.025974	0.112221	0.044622	0.699634	0.065601	0.025974	0.025974	
0.226075	0.051318	0.281900	0.347434	0.039182	0.031900	0.022191	
0.027915	0.285386	0.471593	0.078489	0.037110	0.069294	0.030213	
0.035216	0.186379	0.598007	0.049169	0.053821	0.025914	0.051495	
0.063566	0.026096	0.693543	0.028438	0.136166	0.023754	0.028438	
0.043508	0.053100	0.069887	0.019527	0.033916	0.125043	0.655019	
0.024500	0.077640	0.145273	0.041408	0.036577	0.060732	0.613872	
0.028912	0.031293	0.040816	0.155102	0.109864	0.047959	0.586054	
0.181293	0.043197	0.026531	0.176531	0.031293	0.043197	0.497959	
0.036054	0.100340	0.102721	0.031293	0.409864	0.021769	0.297959	
0.265257	0.179339	0.133992	0.133992	0.086260	0.024207	0.176952	
0.150832	0.075589	0.126560	0.046463	0.468793	0.104716	0.027046	
0.041710	0.112270	0.175530	0.080640	0.426138	0.134168	0.029545	
0.031367	0.169792	0.028981	0.126833	0.506308	0.079100	0.057620	
