0.046127	0.658176	0.038898	0.031670	0.024441	0.149742	0.050947	
0.201781	0.405618	0.033916	0.043508	0.069887	0.053100	0.192189	
0.156065	0.581856	0.087939	0.027112	0.036844	0.053876	0.056309	
0.627136	0.029050	0.021873	0.021873	0.251538	0.021873	0.026658	
0.035714	0.042790	0.026280	0.038073	0.556941	0.191375	0.108827	
0.185173	0.031144	0.206500	0.035884	0.441097	0.028775	0.071429	
0.028707	0.031071	0.125633	0.033435	0.726106	0.026342	0.028707	
0.201283	0.033435	0.201283	0.154002	0.073624	0.293482	0.042891	
0.285369	0.031746	0.116287	0.140442	0.142857	0.253968	0.029331	
0.066364	0.034579	0.061474	0.645826	0.051694	0.056584	0.083479	
0.169705	0.039775	0.153464	0.510772	0.035134	0.039775	0.051376	
0.123201	0.034749	0.083889	0.361530	0.135486	0.164970	0.096174	
0.113011	0.073105	0.037894	0.098927	0.023810	0.596579	0.056673	
0.130054	0.049865	0.021563	0.071092	0.085243	0.575809	0.066375	
0.084644	0.058883	0.098695	0.047173	0.147876	0.424222	0.138508	
0.258176	0.022031	0.053356	0.022031	0.024441	0.067814	0.552151	
0.269574	0.067651	0.026786	0.021978	0.029190	0.031593	0.553228	
0.045906	0.081877	0.086674	0.026721	0.110654	0.026721	0.621446	
0.170606	0.045906	0.024323	0.314491	0.129839	0.031518	0.283316	
0.130361	0.026342	0.170550	0.116177	0.111449	0.052347	0.392773	
0.122645	0.021925	0.057897	0.280918	0.139431	0.041110	0.336074	
0.100594	0.063919	0.327978	0.051694	0.222843	0.115264	0.117709	
0.029120	0.122645	0.679000	0.033916	0.043508	0.026721	0.065091	
0.243718	0.149742	0.214802	0.050947	0.214802	0.077453	0.048537	
