0.031071	0.040527	0.033435	0.031071	0.023978	0.031071	0.808848	
0.035884	0.322613	0.016926	0.149628	0.057211	0.123561	0.294177	
0.026721	0.295307	0.033916	0.048304	0.038712	0.098664	0.458376	
0.328912	0.052721	0.021769	0.033673	0.024150	0.517007	0.021769	
0.455734	0.054326	0.035547	0.368880	0.033199	0.026157	0.026157	
0.349394	0.224394	0.056941	0.181941	0.021563	0.141846	0.023922	
0.518068	0.269841	0.038163	0.033435	0.026342	0.094900	0.019250	
0.028843	0.192738	0.620292	0.026468	0.045470	0.033593	0.052596	
0.057758	0.031442	0.526658	0.031442	0.019481	0.261107	0.072112	
0.029260	0.053356	0.752151	0.029260	0.034079	0.055766	0.046127	
0.063566	0.117431	0.520241	0.026096	0.056541	0.197056	0.019070	
0.034411	0.031978	0.396941	0.401807	0.024678	0.061175	0.049009	
0.028371	0.026035	0.133511	0.488652	0.042390	0.161549	0.119493	
0.028305	0.133200	0.058608	0.587746	0.035298	0.137862	0.018981	
0.025794	0.097553	0.153108	0.579034	0.044312	0.044312	0.055886	
0.021717	0.247370	0.019342	0.038344	0.530031	0.102477	0.040719	
0.024323	0.436793	0.026721	0.026721	0.288112	0.103460	0.093868	
0.085647	0.026405	0.024035	0.052471	0.727827	0.040623	0.042993	
0.028775	0.024035	0.104604	0.019296	0.569059	0.156737	0.097495	
0.303866	0.030924	0.054454	0.259160	0.242689	0.085042	0.023866	
0.180632	0.053228	0.192651	0.267170	0.235920	0.031593	0.038805	
0.619621	0.125645	0.043718	0.029260	0.026850	0.125645	0.029260	
0.338472	0.467968	0.038712	0.045906	0.065091	0.021925	0.021925	
0.322537	0.088646	0.258098	0.024207	0.045687	0.200818	0.060007	
