0.465457	0.006327	0.033189	0.000809	0.023039	0.019882	0.021607	0.173939	0.036790	0.151020	0.003672	0.007451	0.010369	0.031305	0.015145	
0.467496	0.004886	0.051153	0.001004	0.026032	0.018179	0.022631	0.149812	0.039183	0.132645	0.005072	0.020923	0.028965	0.026204	0.005816	
0.445165	0.004994	0.056215	0.000912	0.029724	0.026763	0.043799	0.143580	0.047020	0.126977	0.004400	0.029442	0.023671	0.014057	0.003280	
0.420500	0.004430	0.060584	0.008992	0.006382	0.061945	0.088507	0.014645	0.135743	0.014459	0.061177	0.027331	0.029611	0.060205	0.005489	
0.384244	0.003888	0.061977	0.005973	0.016894	0.058814	0.102153	0.019856	0.144760	0.019351	0.040012	0.040680	0.028306	0.062596	0.010497	
0.407501	0.003549	0.090286	0.006425	0.012904	0.046581	0.069731	0.024327	0.122824	0.024287	0.043178	0.040566	0.035102	0.065433	0.007307	
0.366977	0.004134	0.029267	0.005586	0.029938	0.082568	0.162745	0.019965	0.149142	0.020074	0.037275	0.045634	0.030730	0.013090	0.002876	
0.308209	0.004388	0.145496	0.000719	0.015230	0.022111	0.049839	0.016440	0.137669	0.015925	0.003348	0.027908	0.013948	0.155962	0.082809	
0.333418	0.004884	0.141758	0.002832	0.006843	0.023762	0.038823	0.012794	0.133096	0.012254	0.018174	0.015636	0.013714	0.159576	0.082434	
0.359278	0.003911	0.140740	0.003366	0.017349	0.033224	0.059679	0.020012	0.109507	0.021306	0.021837	0.033935	0.031616	0.095169	0.049072	
0.342100	0.005018	0.123951	0.003998	0.008649	0.036244	0.060960	0.010911	0.134703	0.010701	0.026317	0.016982	0.015407	0.133667	0.070391	
0.364999	0.003962	0.128809	0.003767	0.016544	0.035939	0.063411	0.019913	0.113488	0.020975	0.024643	0.032089	0.031731	0.093573	0.046156	
0.382668	0.002309	0.187023	0.000982	0.025619	0.008932	0.019374	0.040338	0.064274	0.042754	0.005114	0.049727	0.053931	0.078498	0.038457	
0.377494	0.002028	0.187303	0.000662	0.024761	0.005570	0.013351	0.039384	0.073598	0.041512	0.002860	0.055286	0.051541	0.089276	0.035375	
0.392766	0.001381	0.182375	0.000740	0.037520	0.018373	0.044542	0.049465	0.050910	0.052711	0.003326	0.071925	0.065664	0.021395	0.006907	
0.541660	0.000838	0.017442	0.000750	0.037372	0.009453	0.026568	0.098610	0.022654	0.098060	0.003593	0.011745	0.115375	0.013008	0.002872	
0.522300	0.000849	0.021668	0.000553	0.034437	0.007630	0.022531	0.093163	0.041981	0.091928	0.002190	0.017979	0.104950	0.034009	0.003832	
0.531427	0.001180	0.018331	0.000787	0.036609	0.011810	0.030931	0.097851	0.027641	0.096654	0.003846	0.011024	0.108998	0.016504	0.006408	
0.431634	0.003575	0.087308	0.003290	0.017179	0.023750	0.037897	0.049035	0.082536	0.048127	0.021367	0.011256	0.054260	0.085533	0.043252	
0.356468	0.001531	0.083519	0.001185	0.015526	0.015989	0.031826	0.030826	0.179527	0.027941	0.006428	0.072395	0.023589	0.147488	0.005763	
0.367297	0.003317	0.083372	0.003717	0.013634	0.036048	0.063080	0.021449	0.153615	0.020294	0.024243	0.042859	0.025121	0.115224	0.026730	
0.329465	0.002314	0.064001	0.002832	0.016592	0.041263	0.081616	0.010460	0.205275	0.008873	0.017951	0.073545	0.012773	0.129122	0.003916	
0.294054	0.002921	0.034404	0.000732	0.037170	0.066320	0.155270	0.024329	0.199143	0.021683	0.003197	0.079351	0.011577	0.065943	0.003907	
0.301787	0.002217	0.069531	0.000788	0.021758	0.037358	0.086013	0.013839	0.210901	0.011672	0.003631	0.078308	0.008772	0.139358	0.014066	
