0.565254	0.000911	0.015921	0.000753	0.044609	0.026533	0.048574	0.082934	0.015916	0.162290	0.006467	0.006560	0.007637	0.011719	0.003923	
0.518077	0.002081	0.101764	0.000881	0.020296	0.016193	0.036673	0.079134	0.051497	0.047551	0.007577	0.022474	0.046231	0.043573	0.005999	
0.480729	0.003615	0.085606	0.000944	0.026808	0.022329	0.039941	0.080063	0.061116	0.076700	0.006956	0.023972	0.045043	0.039467	0.006710	
0.367804	0.000854	0.033837	0.006137	0.013023	0.031739	0.093443	0.014739	0.132698	0.011022	0.038332	0.046396	0.009495	0.139211	0.061269	
0.330994	0.000976	0.111071	0.000649	0.027954	0.036583	0.110237	0.028659	0.189748	0.013063	0.003599	0.079281	0.036421	0.026657	0.004107	
0.398760	0.000625	0.081505	0.002256	0.012090	0.040132	0.096814	0.035842	0.141932	0.007857	0.014972	0.046013	0.024848	0.075657	0.020697	
0.290493	0.000790	0.043673	0.001055	0.021872	0.057009	0.174818	0.012386	0.245935	0.012601	0.005741	0.086093	0.007759	0.031210	0.008565	
0.583647	0.000670	0.092027	0.001744	0.005625	0.010007	0.037018	0.080607	0.028048	0.011446	0.014535	0.009452	0.039917	0.070278	0.014979	
0.364238	0.000646	0.087682	0.006540	0.009408	0.042990	0.037526	0.017753	0.087560	0.023812	0.040905	0.018920	0.022109	0.174813	0.065098	
0.259209	0.001617	0.164503	0.001888	0.008874	0.082630	0.059538	0.020820	0.164559	0.023519	0.010802	0.030261	0.042341	0.112708	0.016731	
0.242395	0.000761	0.174523	0.002226	0.004733	0.089144	0.061525	0.011287	0.173270	0.010429	0.012939	0.029399	0.039709	0.127433	0.020228	
0.361213	0.000819	0.163917	0.002846	0.036502	0.008707	0.025642	0.031851	0.110321	0.020221	0.017266	0.068051	0.058500	0.067449	0.026696	
0.354102	0.000812	0.166633	0.001872	0.035414	0.022780	0.031414	0.034755	0.116843	0.033616	0.011183	0.061009	0.055830	0.057305	0.016434	
0.334631	0.001446	0.164802	0.002224	0.021332	0.040023	0.037297	0.033412	0.125640	0.018319	0.013504	0.046495	0.053826	0.086824	0.020226	
0.345513	0.001395	0.185511	0.000706	0.032878	0.024684	0.036797	0.040516	0.132509	0.020231	0.003942	0.066074	0.065239	0.039585	0.004422	
0.447798	0.011151	0.054776	0.001616	0.035945	0.004925	0.011128	0.115196	0.039418	0.122433	0.009191	0.022313	0.072863	0.036964	0.014283	
0.527990	0.009426	0.044209	0.000938	0.025307	0.006287	0.019344	0.124011	0.017988	0.107489	0.006724	0.006758	0.063463	0.033045	0.007022	
0.452829	0.013134	0.032709	0.000603	0.032912	0.016354	0.021373	0.131470	0.040935	0.144440	0.002794	0.010845	0.072396	0.023409	0.003796	
0.434999	0.007281	0.038028	0.005017	0.020965	0.017068	0.019355	0.076617	0.039956	0.085063	0.031042	0.010749	0.044737	0.119574	0.049549	
0.367743	0.005274	0.079287	0.002163	0.029656	0.024162	0.064897	0.058529	0.123148	0.058099	0.012641	0.052296	0.048064	0.054103	0.019939	
0.402937	0.003785	0.083621	0.004074	0.024234	0.015168	0.039862	0.051493	0.086157	0.042281	0.025296	0.040306	0.044585	0.096511	0.039689	
0.317899	0.001970	0.040298	0.002128	0.021784	0.047617	0.143957	0.022986	0.204847	0.025104	0.012522	0.072135	0.014081	0.052977	0.019695	
0.409719	0.004225	0.072101	0.000932	0.018783	0.037406	0.082822	0.065353	0.123717	0.048842	0.006166	0.038552	0.039393	0.044986	0.007002	
0.336141	0.002014	0.060087	0.002599	0.018639	0.049137	0.111811	0.028537	0.169879	0.031475	0.015762	0.054235	0.020065	0.075204	0.024416	
