0.457240	0.001823	0.016634	0.000742	0.050757	0.029078	0.044917	0.226363	0.026075	0.077350	0.005899	0.009076	0.026944	0.016400	0.010701	
0.446379	0.002194	0.128076	0.001057	0.018141	0.032616	0.056071	0.076184	0.039833	0.051661	0.006279	0.031786	0.044477	0.051961	0.013285	
0.463654	0.007608	0.065024	0.000917	0.020771	0.021531	0.036804	0.079609	0.027563	0.108016	0.005975	0.019810	0.062434	0.032425	0.047859	
0.560868	0.000878	0.051472	0.014058	0.004417	0.083650	0.115501	0.056611	0.018994	0.010070	0.037613	0.007098	0.021232	0.013128	0.004410	
0.358950	0.001277	0.076337	0.005975	0.030116	0.040215	0.094057	0.029261	0.140444	0.015765	0.030816	0.061381	0.016194	0.091638	0.007575	
0.492557	0.002190	0.058017	0.008693	0.006503	0.057495	0.099725	0.038339	0.081645	0.027393	0.025114	0.024992	0.027641	0.036632	0.013064	
0.313409	0.003093	0.084163	0.002971	0.034837	0.024631	0.073383	0.018108	0.157885	0.036277	0.026120	0.069165	0.026744	0.109021	0.020193	
0.423847	0.001360	0.150098	0.000739	0.005465	0.034157	0.056341	0.027793	0.097553	0.031394	0.005001	0.034684	0.046429	0.074102	0.011037	
0.348992	0.000744	0.163060	0.001462	0.027295	0.032362	0.056958	0.031163	0.092253	0.021811	0.018097	0.056880	0.036607	0.105821	0.006495	
0.350063	0.000944	0.091245	0.002380	0.010424	0.042245	0.029576	0.023800	0.225241	0.012457	0.016206	0.014843	0.044172	0.116561	0.019843	
0.340982	0.001280	0.092435	0.001260	0.004135	0.039314	0.018866	0.009238	0.257677	0.013525	0.012103	0.009706	0.050388	0.124492	0.024598	
0.264762	0.000933	0.133294	0.001168	0.034971	0.028375	0.039940	0.015021	0.189366	0.013230	0.024772	0.058878	0.034484	0.146809	0.013997	
0.428446	0.001741	0.146724	0.001228	0.006959	0.036107	0.052239	0.032238	0.086350	0.035353	0.006883	0.030711	0.048650	0.072418	0.013955	
0.422210	0.001120	0.172822	0.000959	0.011217	0.034404	0.060877	0.031554	0.056491	0.031235	0.007656	0.043648	0.044843	0.073925	0.007040	
0.431341	0.000658	0.189133	0.000754	0.011120	0.035716	0.060200	0.037029	0.034818	0.029332	0.006476	0.043221	0.045682	0.071013	0.003504	
0.484052	0.007199	0.017210	0.001970	0.030266	0.025689	0.038063	0.135347	0.019794	0.112806	0.007817	0.007081	0.053987	0.013472	0.045246	
0.490137	0.014569	0.016391	0.001161	0.004592	0.010307	0.021080	0.014512	0.044099	0.165432	0.004278	0.009802	0.091289	0.019154	0.093198	
0.443517	0.004545	0.024506	0.000742	0.040309	0.023595	0.040916	0.162056	0.047353	0.091367	0.007134	0.015891	0.040415	0.028926	0.028729	
0.393746	0.010630	0.050792	0.000650	0.031195	0.009449	0.027303	0.042870	0.055932	0.128513	0.014202	0.037880	0.068443	0.060799	0.067597	
0.327055	0.003196	0.110545	0.004864	0.044024	0.033387	0.069176	0.032530	0.077952	0.039271	0.034866	0.068006	0.029757	0.105758	0.019613	
0.302573	0.003985	0.092885	0.002834	0.049306	0.022654	0.059531	0.045770	0.101763	0.052456	0.030318	0.070128	0.031154	0.109575	0.025068	
0.299623	0.000976	0.071961	0.002464	0.030798	0.022961	0.094112	0.014192	0.218514	0.013054	0.022507	0.078524	0.011521	0.112904	0.005888	
0.362763	0.001110	0.025387	0.000724	0.009277	0.018028	0.104323	0.021057	0.275009	0.020014	0.004871	0.061076	0.011583	0.078201	0.006575	
0.411373	0.002060	0.051111	0.002598	0.010794	0.030494	0.085286	0.039548	0.178739	0.033537	0.009978	0.041299	0.026156	0.063368	0.013658	
