0.019250	0.023978	0.042891	0.028707	0.019250	0.052347	0.813576	
0.024150	0.217007	0.021769	0.288435	0.121769	0.081293	0.245578	
0.024441	0.125645	0.029260	0.224441	0.103959	0.140103	0.352151	
0.086054	0.140816	0.097959	0.062245	0.028912	0.536054	0.047959	
0.161476	0.066689	0.057211	0.239675	0.024035	0.405552	0.045362	
0.133356	0.104852	0.073974	0.304377	0.033593	0.323380	0.026468	
0.139160	0.026218	0.061513	0.023866	0.028571	0.645042	0.075630	
0.033435	0.499156	0.196555	0.075988	0.094900	0.049983	0.049983	
0.055366	0.734792	0.091251	0.019481	0.029050	0.041012	0.029050	
0.034411	0.029545	0.671880	0.029545	0.068474	0.068474	0.097671	
0.049865	0.170148	0.620620	0.030997	0.028639	0.054582	0.045148	
0.066364	0.051694	0.716731	0.061474	0.024799	0.044359	0.034579	
0.065297	0.255552	0.039775	0.494531	0.023533	0.042095	0.079218	
0.033277	0.233277	0.073277	0.477983	0.030924	0.073277	0.077983	
0.042390	0.028371	0.154539	0.649866	0.047063	0.054072	0.023698	
0.052973	0.029050	0.038619	0.031442	0.780246	0.033835	0.033835	
0.031367	0.081487	0.019434	0.210365	0.451415	0.131606	0.074327	
0.026531	0.024150	0.095578	0.033673	0.576531	0.112245	0.131293	
0.115174	0.029050	0.423787	0.026658	0.335270	0.031442	0.038619	
0.317007	0.181293	0.283673	0.043197	0.047959	0.062245	0.064626	
0.084275	0.141829	0.386434	0.129839	0.129839	0.091470	0.036314	
0.565881	0.179958	0.034327	0.056172	0.019764	0.080444	0.063454	
0.394065	0.053485	0.077640	0.324017	0.024500	0.075224	0.051070	
0.299627	0.397014	0.107228	0.045470	0.026468	0.092976	0.031218	
