0.598895	0.000968	0.014349	0.000956	0.058909	0.055512	0.047630	0.076686	0.018757	0.091449	0.004508	0.009690	0.006742	0.011273	0.003676	
0.514131	0.004924	0.084683	0.001383	0.038693	0.026650	0.040223	0.075799	0.022705	0.078851	0.008185	0.023292	0.038701	0.027742	0.014036	
0.519020	0.011217	0.055864	0.001419	0.028786	0.025418	0.036844	0.106569	0.031211	0.110285	0.009161	0.016637	0.019471	0.021858	0.006241	
0.578142	0.001154	0.021399	0.014933	0.005281	0.112597	0.092663	0.012749	0.017994	0.012728	0.099651	0.008057	0.006700	0.011759	0.004192	
0.344967	0.002566	0.090660	0.004552	0.019755	0.035565	0.092080	0.026663	0.130289	0.028031	0.029538	0.069765	0.021884	0.097553	0.006133	
0.479676	0.008384	0.039484	0.007454	0.008961	0.057762	0.070996	0.065284	0.065445	0.064562	0.049846	0.026088	0.010626	0.040229	0.005204	
0.288978	0.002741	0.053603	0.003473	0.015132	0.027086	0.097841	0.039569	0.176281	0.034658	0.022303	0.081170	0.024860	0.117792	0.014514	
0.303075	0.003133	0.148571	0.001052	0.008239	0.045686	0.040422	0.031861	0.196399	0.031428	0.005839	0.006546	0.033561	0.109655	0.034531	
0.314990	0.000843	0.087546	0.001360	0.027529	0.035262	0.082375	0.029780	0.175200	0.034880	0.007583	0.060520	0.016208	0.114190	0.011734	
0.300495	0.001254	0.142878	0.002495	0.007962	0.053716	0.052763	0.017146	0.198337	0.017007	0.015407	0.013823	0.031047	0.113502	0.032168	
0.279780	0.001016	0.154537	0.001742	0.007208	0.051713	0.048778	0.015175	0.213558	0.014872	0.010275	0.011349	0.033375	0.121185	0.035438	
0.300838	0.001048	0.169801	0.001937	0.017971	0.035944	0.062510	0.010333	0.165193	0.013617	0.011619	0.039925	0.035240	0.113211	0.020811	
0.396773	0.001593	0.180423	0.001240	0.032975	0.024190	0.049414	0.024469	0.078805	0.030440	0.006912	0.037297	0.046050	0.074280	0.015139	
0.428693	0.002272	0.196589	0.001298	0.038794	0.015421	0.048966	0.026001	0.036967	0.033813	0.007398	0.044638	0.050297	0.060403	0.008450	
0.435925	0.005146	0.192641	0.001014	0.036726	0.009334	0.045947	0.040440	0.028389	0.048563	0.005817	0.044928	0.046036	0.054809	0.004286	
0.513569	0.001281	0.018120	0.001844	0.026296	0.017446	0.020880	0.101625	0.024283	0.076052	0.011155	0.009988	0.099141	0.015869	0.062450	
0.516668	0.004169	0.016527	0.000788	0.025441	0.008899	0.013427	0.119188	0.020514	0.093966	0.004334	0.007642	0.096375	0.011699	0.060364	
0.500672	0.001402	0.019858	0.000982	0.026521	0.009674	0.016941	0.107012	0.028420	0.079092	0.005355	0.012034	0.106345	0.018880	0.066811	
0.436012	0.001947	0.026718	0.000702	0.028330	0.014225	0.042412	0.089000	0.080270	0.072326	0.003420	0.034701	0.072192	0.052029	0.045715	
0.349399	0.001227	0.057820	0.004000	0.019491	0.032958	0.085746	0.039267	0.135435	0.033214	0.025678	0.065133	0.036342	0.094012	0.020276	
0.374716	0.004378	0.064463	0.003432	0.016139	0.032108	0.069521	0.056323	0.122996	0.050870	0.022179	0.047305	0.034172	0.080610	0.020788	
0.194890	0.001162	0.080913	0.001733	0.018733	0.017726	0.114518	0.018880	0.233295	0.019154	0.010305	0.107148	0.015372	0.158802	0.007368	
0.351304	0.013195	0.052326	0.000807	0.009229	0.011729	0.057786	0.102519	0.141119	0.099320	0.005414	0.046475	0.015140	0.082779	0.010857	
0.336598	0.002650	0.058758	0.002509	0.025763	0.031387	0.090884	0.042127	0.152845	0.044831	0.015618	0.071389	0.014300	0.103655	0.006687	
