0.038527	0.017047	0.520627	0.224685	0.031367	0.038527	0.129219	
0.035969	0.040719	0.123855	0.266373	0.083475	0.026468	0.423142	
0.139766	0.125343	0.120536	0.050824	0.339286	0.019574	0.204670	
0.271769	0.028912	0.433673	0.114626	0.102721	0.019388	0.028912	
0.357312	0.045255	0.075988	0.165822	0.113813	0.224924	0.016886	
0.380387	0.097727	0.173736	0.031218	0.185612	0.102477	0.028843	
0.756839	0.040527	0.021614	0.052347	0.026342	0.064168	0.038163	
0.074150	0.355102	0.021769	0.236054	0.124150	0.028912	0.159864	
0.028912	0.362245	0.481293	0.050340	0.021769	0.033673	0.021769	
0.046576	0.285019	0.148766	0.297185	0.039277	0.148766	0.034411	
0.040147	0.243894	0.077618	0.353965	0.023754	0.192372	0.068250	
0.078589	0.496682	0.039469	0.293748	0.019909	0.049249	0.022354	
0.039591	0.034972	0.046519	0.750907	0.046519	0.044210	0.037281	
0.081728	0.170100	0.021262	0.486379	0.079402	0.028239	0.132890	
0.204082	0.061224	0.028438	0.592840	0.033121	0.042489	0.037805	
0.038344	0.019342	0.019342	0.178487	0.408890	0.033593	0.302002	
0.031218	0.021717	0.026468	0.031218	0.610791	0.033593	0.244995	
0.024150	0.040816	0.188435	0.028912	0.469388	0.224150	0.024150	
0.040816	0.081293	0.167007	0.019388	0.181293	0.088435	0.421769	
0.114626	0.188435	0.024150	0.226531	0.121769	0.128912	0.195578	
0.069553	0.384589	0.105353	0.021821	0.172179	0.079100	0.167405	
0.038712	0.055498	0.266530	0.038712	0.024323	0.547105	0.029120	
0.062693	0.184995	0.033916	0.045906	0.261733	0.369647	0.041110	
0.078912	0.024150	0.102721	0.105102	0.031293	0.447959	0.209864	
