0.114354	0.016966	0.031218	0.024092	0.121479	0.651171	0.040719	
0.026342	0.033435	0.189463	0.191827	0.023978	0.480243	0.054711	
0.031518	0.031518	0.182597	0.180199	0.024323	0.424803	0.125043	
0.562543	0.024265	0.208476	0.045796	0.029050	0.062543	0.067327	
0.376224	0.203647	0.047619	0.028707	0.035799	0.035799	0.272205	
0.346497	0.137363	0.192651	0.036401	0.106113	0.103709	0.077266	
0.722689	0.030924	0.030924	0.021513	0.035630	0.092101	0.066218	
0.021614	0.180007	0.409321	0.021614	0.243837	0.023978	0.099629	
0.231293	0.064626	0.583673	0.026531	0.040816	0.028912	0.024150	
0.274619	0.024619	0.024619	0.024619	0.429958	0.061026	0.160541	
0.059021	0.035547	0.108317	0.040241	0.573105	0.138833	0.044936	
0.186168	0.032134	0.032134	0.027244	0.367097	0.032134	0.323088	
0.032890	0.044518	0.242193	0.102658	0.032890	0.032890	0.511960	
0.032890	0.079402	0.230565	0.042193	0.028239	0.123588	0.463123	
0.032738	0.030423	0.035053	0.048942	0.037368	0.037368	0.778108	
0.026721	0.031518	0.089072	0.609455	0.017129	0.151422	0.074683	
0.119959	0.026658	0.072112	0.641490	0.021873	0.076897	0.041012	
0.033835	0.029050	0.033835	0.490772	0.057758	0.308954	0.045796	
0.166609	0.024441	0.070224	0.422031	0.128055	0.149742	0.038898	
0.019388	0.405102	0.128912	0.190816	0.031293	0.119388	0.105102	
0.155102	0.371769	0.059864	0.271769	0.057483	0.031293	0.052721	
0.143203	0.407126	0.111726	0.094777	0.056036	0.118990	0.068143	
0.026850	0.535284	0.024441	0.046127	0.053356	0.287091	0.026850	
0.026468	0.323380	0.306753	0.047845	0.104852	0.164235	0.026468	
