0.425580	0.010965	0.035375	0.001798	0.072403	0.016927	0.030398	0.122531	0.078633	0.103818	0.020481	0.021202	0.016211	0.034268	0.009407	
0.449695	0.008525	0.057839	0.000809	0.057194	0.025841	0.046121	0.112428	0.023187	0.098808	0.012696	0.010057	0.027294	0.055286	0.014220	
0.457549	0.009608	0.041449	0.000644	0.063391	0.019428	0.034475	0.126717	0.020896	0.111719	0.013324	0.010751	0.027183	0.047056	0.015809	
0.447453	0.000976	0.065596	0.007292	0.005993	0.051314	0.147017	0.027035	0.053059	0.027473	0.034975	0.039571	0.020649	0.056795	0.014803	
0.417093	0.001768	0.080898	0.006185	0.015119	0.036282	0.098124	0.033068	0.117813	0.031120	0.030656	0.043066	0.034093	0.036152	0.018561	
0.406112	0.002092	0.088797	0.006131	0.013283	0.045977	0.122979	0.021946	0.087146	0.019889	0.031465	0.050918	0.020214	0.073578	0.009474	
0.462033	0.002326	0.052707	0.010579	0.014812	0.043994	0.165373	0.024873	0.058373	0.021484	0.052358	0.055725	0.009956	0.020818	0.004591	
0.339995	0.001689	0.141017	0.000776	0.009934	0.047912	0.075494	0.013887	0.106731	0.013871	0.006540	0.050272	0.032997	0.145789	0.013094	
0.390550	0.000814	0.111644	0.003890	0.004130	0.075274	0.155915	0.009151	0.050907	0.008897	0.018452	0.025478	0.008825	0.129842	0.006230	
0.331564	0.001573	0.116212	0.003197	0.017568	0.039070	0.052475	0.020676	0.226475	0.017671	0.015931	0.037919	0.040056	0.057771	0.021841	
0.247375	0.000779	0.061759	0.000997	0.006680	0.056870	0.037681	0.018293	0.351517	0.019664	0.004426	0.031020	0.024103	0.100979	0.037856	
0.340251	0.000786	0.143035	0.003461	0.013940	0.036322	0.055575	0.009958	0.204017	0.007863	0.016524	0.043431	0.047737	0.058124	0.018974	
0.419278	0.002390	0.209524	0.001515	0.028997	0.029226	0.057089	0.030377	0.032538	0.023213	0.008933	0.025462	0.063543	0.062897	0.005017	
0.416247	0.002326	0.215951	0.000776	0.028578	0.022357	0.039616	0.032466	0.033992	0.026107	0.005792	0.030311	0.071594	0.065952	0.007934	
0.422451	0.001976	0.243562	0.001010	0.030285	0.015075	0.028601	0.027660	0.034186	0.020501	0.006330	0.031590	0.083134	0.047281	0.006357	
0.481888	0.003134	0.029947	0.000691	0.020511	0.014244	0.025999	0.104250	0.031519	0.105681	0.006585	0.018602	0.064201	0.045920	0.046829	
0.486936	0.001511	0.029905	0.001323	0.009689	0.013266	0.030566	0.093646	0.034913	0.098870	0.007938	0.024773	0.071038	0.043837	0.051791	
0.495993	0.001123	0.020292	0.001475	0.009401	0.013159	0.026020	0.099768	0.049859	0.105233	0.007460	0.014308	0.075397	0.023363	0.057150	
0.449095	0.002865	0.034904	0.002997	0.019122	0.029365	0.063194	0.077985	0.078381	0.077578	0.016742	0.023385	0.043661	0.045160	0.035566	
0.317734	0.004297	0.075794	0.000876	0.013173	0.019886	0.039586	0.031358	0.122708	0.033430	0.013852	0.106320	0.025808	0.177271	0.017907	
0.375102	0.003934	0.073510	0.002248	0.018739	0.021325	0.050629	0.047026	0.099363	0.046594	0.017630	0.074588	0.034419	0.114185	0.020709	
0.349336	0.003500	0.051399	0.002216	0.020055	0.038948	0.056887	0.049773	0.178234	0.047849	0.014732	0.043508	0.024512	0.092464	0.026586	
0.332341	0.005176	0.048797	0.001046	0.021336	0.013563	0.022026	0.052966	0.147284	0.052966	0.014783	0.093671	0.029267	0.140227	0.024549	
0.325521	0.003083	0.070877	0.001191	0.017797	0.058613	0.078471	0.037477	0.177626	0.034949	0.008647	0.028590	0.013112	0.123182	0.020865	
