0.633997	0.001054	0.010754	0.000648	0.042700	0.031385	0.063473	0.060039	0.016949	0.084324	0.002808	0.007286	0.028685	0.011956	0.003943	
0.451802	0.014424	0.039845	0.000901	0.023546	0.028877	0.025174	0.151460	0.052396	0.112560	0.025017	0.026722	0.018274	0.022078	0.006925	
0.453293	0.018640	0.024605	0.000909	0.023361	0.030604	0.015177	0.189542	0.029611	0.135934	0.029469	0.010927	0.012013	0.019625	0.006291	
0.280142	0.001435	0.090474	0.005178	0.018728	0.055442	0.070435	0.025666	0.105756	0.020906	0.020028	0.015554	0.021510	0.204139	0.064607	
0.217698	0.001513	0.126465	0.007925	0.045148	0.035864	0.195588	0.035817	0.261400	0.020669	0.004823	0.010014	0.019608	0.013233	0.004235	
0.276225	0.001451	0.117135	0.005152	0.025636	0.041474	0.102071	0.029704	0.159011	0.023364	0.015326	0.023975	0.030020	0.113705	0.035751	
0.367710	0.002578	0.052978	0.003444	0.031647	0.029559	0.112951	0.035869	0.206757	0.025950	0.005513	0.092097	0.013074	0.014988	0.004885	
0.333155	0.003545	0.136814	0.001327	0.015379	0.025038	0.049251	0.037613	0.153082	0.028779	0.020454	0.084993	0.035742	0.057518	0.017311	
0.311738	0.001317	0.132519	0.002838	0.012752	0.045208	0.036586	0.022239	0.085926	0.023498	0.024530	0.032671	0.034233	0.178218	0.055728	
0.287946	0.000929	0.206478	0.001437	0.011686	0.023135	0.044239	0.016434	0.144575	0.018091	0.024580	0.061293	0.055944	0.079566	0.023668	
0.290607	0.000738	0.174207	0.001880	0.011394	0.029645	0.045001	0.012099	0.143381	0.012845	0.023073	0.068764	0.045782	0.107673	0.032909	
0.297119	0.000998	0.206287	0.000881	0.013823	0.015027	0.055655	0.014183	0.182505	0.014149	0.021216	0.089714	0.054247	0.027172	0.007023	
0.414134	0.001405	0.139417	0.001185	0.023252	0.027604	0.048631	0.037324	0.085719	0.046681	0.018103	0.030991	0.045810	0.061287	0.018457	
0.367276	0.001240	0.126587	0.002296	0.019253	0.038139	0.046433	0.030253	0.083419	0.035975	0.020304	0.027374	0.038464	0.124327	0.038661	
0.485267	0.001534	0.095260	0.000730	0.028961	0.022338	0.057180	0.045355	0.090170	0.056850	0.011156	0.043407	0.043828	0.014095	0.003867	
0.550176	0.004437	0.023468	0.000897	0.021281	0.013535	0.022260	0.090849	0.045835	0.093942	0.008737	0.024529	0.079633	0.015463	0.004960	
0.591980	0.001539	0.019312	0.000902	0.020868	0.007554	0.018236	0.078440	0.030743	0.095435	0.003858	0.011523	0.104961	0.011051	0.003595	
0.564317	0.002920	0.024266	0.000853	0.022076	0.013941	0.023055	0.079853	0.040039	0.089893	0.007099	0.022003	0.082553	0.020571	0.006562	
0.458877	0.003479	0.039082	0.002478	0.021702	0.039336	0.034669	0.064872	0.038496	0.066600	0.015327	0.011051	0.041526	0.123345	0.039161	
0.400361	0.002793	0.054765	0.002586	0.016949	0.037805	0.039591	0.046442	0.087416	0.044196	0.015877	0.046708	0.037920	0.126543	0.040046	
0.367539	0.003412	0.046164	0.003523	0.017634	0.048050	0.045968	0.047430	0.082590	0.040495	0.017987	0.036086	0.023508	0.166672	0.052943	
0.350227	0.005613	0.065955	0.004318	0.033606	0.032095	0.112620	0.071496	0.171615	0.052185	0.010540	0.040146	0.019339	0.022873	0.007373	
0.389961	0.003205	0.036860	0.002583	0.024465	0.035696	0.076150	0.038153	0.159845	0.029017	0.010200	0.094476	0.010309	0.067535	0.021546	
0.333968	0.000938	0.081273	0.005472	0.032442	0.040158	0.115379	0.036599	0.148891	0.035117	0.009040	0.010618	0.032341	0.089354	0.028409	
