0.036227	0.026658	0.041012	0.021873	0.041012	0.615174	0.218045	
0.038712	0.343268	0.060295	0.053100	0.050702	0.391230	0.062693	
0.139034	0.204727	0.068474	0.049009	0.031978	0.435871	0.070907	
0.331278	0.189791	0.113052	0.029120	0.065091	0.026721	0.244947	
0.425870	0.023978	0.054711	0.132725	0.042891	0.118541	0.201283	
0.538619	0.038619	0.131921	0.033835	0.033835	0.038619	0.184552	
0.052101	0.023866	0.755630	0.042689	0.021513	0.030924	0.073277	
0.041308	0.284682	0.152151	0.282272	0.053356	0.101549	0.084682	
0.053615	0.085092	0.467658	0.315116	0.024559	0.029402	0.024559	
0.041812	0.034495	0.049129	0.580836	0.080836	0.024739	0.188153	
0.047284	0.026157	0.225687	0.469819	0.042589	0.023810	0.164655	
0.041914	0.029689	0.034579	0.516242	0.032134	0.054139	0.291303	
0.060376	0.028044	0.155064	0.127351	0.039591	0.566150	0.023425	
0.245701	0.136905	0.023479	0.231812	0.044312	0.285053	0.032738	
0.058883	0.084644	0.049515	0.321178	0.084644	0.351623	0.049515	
0.019669	0.174258	0.034161	0.029331	0.459282	0.234645	0.048654	
0.036401	0.197459	0.065247	0.019574	0.622940	0.021978	0.036401	
0.033835	0.033835	0.100820	0.024265	0.335270	0.318524	0.153452	
0.034079	0.159380	0.024441	0.036489	0.132874	0.024441	0.588296	
0.249146	0.127136	0.029050	0.203691	0.213260	0.148667	0.029050	
0.168613	0.209478	0.036401	0.329670	0.144574	0.033997	0.077266	
0.596455	0.041710	0.022245	0.109837	0.066041	0.112270	0.051442	
0.551901	0.031518	0.081877	0.125043	0.055498	0.060295	0.093868	
0.286390	0.227288	0.243837	0.068896	0.038163	0.042891	0.092536	
