0.038712	0.024323	0.019527	0.041110	0.021925	0.803700	0.050702	
0.068143	0.046351	0.029402	0.445866	0.068143	0.164995	0.177101	
0.038344	0.033593	0.035969	0.337631	0.102477	0.385137	0.066848	
0.487214	0.079100	0.057620	0.019434	0.043300	0.038527	0.274804	
0.497978	0.125337	0.085243	0.127695	0.097035	0.038073	0.028639	
0.274804	0.133992	0.048074	0.339243	0.021821	0.057620	0.124446	
0.590271	0.024323	0.050702	0.079479	0.043508	0.108256	0.103460	
0.034327	0.119279	0.230929	0.160541	0.027046	0.087725	0.340153	
0.056446	0.132056	0.310105	0.041812	0.029617	0.027178	0.402787	
0.091485	0.098874	0.510204	0.044687	0.042224	0.153061	0.059465	
0.053946	0.123876	0.326673	0.039960	0.065601	0.268398	0.121545	
0.363987	0.047034	0.452439	0.034749	0.047034	0.032292	0.022464	
0.035547	0.080148	0.155265	0.394702	0.026157	0.124748	0.183434	
0.069775	0.083664	0.201720	0.419312	0.067460	0.039683	0.118386	
0.088016	0.130670	0.116452	0.507448	0.066689	0.040623	0.050102	
0.038992	0.096963	0.029331	0.036577	0.625949	0.019669	0.152519	
0.067978	0.029331	0.022084	0.096963	0.522084	0.080055	0.181504	
0.063147	0.055901	0.022084	0.072809	0.553485	0.183920	0.048654	
0.197428	0.027112	0.039277	0.041710	0.168231	0.404241	0.122002	
0.036401	0.457074	0.060440	0.050824	0.250343	0.029190	0.115728	
0.127441	0.259335	0.139431	0.089072	0.213772	0.086674	0.084275	
0.368641	0.249129	0.078397	0.129617	0.032056	0.019861	0.122300	
0.152519	0.302277	0.043823	0.309524	0.109041	0.029331	0.053485	
0.301318	0.172677	0.044036	0.073162	0.039182	0.070735	0.298890	
