0.549108	0.002140	0.064824	0.000947	0.031917	0.016137	0.024759	0.076505	0.047854	0.093818	0.006755	0.015784	0.024961	0.035951	0.008539	
0.544884	0.003534	0.040555	0.001490	0.029466	0.017495	0.036311	0.088142	0.045388	0.094695	0.008172	0.017341	0.039896	0.026833	0.005798	
0.548843	0.005493	0.034573	0.001291	0.024463	0.015358	0.033750	0.101510	0.030377	0.101026	0.007673	0.010464	0.049501	0.027085	0.008593	
0.429065	0.001180	0.044665	0.006916	0.037461	0.068386	0.156327	0.027454	0.073954	0.026392	0.032526	0.034393	0.020841	0.032964	0.007475	
0.348845	0.002646	0.075843	0.005062	0.027079	0.053829	0.117420	0.032260	0.141914	0.026329	0.023879	0.060096	0.024584	0.052791	0.007423	
0.383347	0.005634	0.057335	0.003383	0.019961	0.035450	0.080075	0.063947	0.109162	0.051230	0.018739	0.042937	0.044003	0.064717	0.020081	
0.389975	0.002117	0.059507	0.007751	0.035593	0.078360	0.176367	0.011198	0.061335	0.010526	0.040628	0.024747	0.008645	0.065467	0.027782	
0.400570	0.002819	0.112307	0.002801	0.022511	0.040059	0.070143	0.044085	0.091352	0.043717	0.016710	0.031033	0.032564	0.068825	0.020504	
0.388596	0.002140	0.101984	0.003644	0.026221	0.045562	0.086223	0.032943	0.090011	0.033859	0.022117	0.030366	0.027945	0.079992	0.028396	
0.277437	0.002568	0.220121	0.000686	0.006318	0.036670	0.031057	0.026427	0.148680	0.018008	0.007969	0.045679	0.046249	0.105268	0.026863	
0.330295	0.001517	0.200773	0.000668	0.011741	0.034048	0.028828	0.033327	0.135269	0.029834	0.005908	0.043172	0.045572	0.082717	0.016332	
0.360239	0.001343	0.141076	0.004240	0.023069	0.058883	0.105208	0.021970	0.107534	0.019014	0.020958	0.039613	0.028621	0.057878	0.010353	
0.388762	0.001624	0.155683	0.000517	0.017377	0.025325	0.021942	0.050273	0.129766	0.051515	0.003358	0.045554	0.042368	0.059801	0.006135	
0.378357	0.001858	0.169081	0.001337	0.015047	0.036398	0.042859	0.044956	0.111481	0.039966	0.007051	0.037351	0.049201	0.057901	0.007158	
0.432031	0.007244	0.093199	0.001428	0.008793	0.026243	0.044499	0.093669	0.071670	0.071726	0.006942	0.025125	0.072395	0.038340	0.006696	
0.574493	0.001271	0.015036	0.000688	0.031086	0.005285	0.010677	0.104066	0.026189	0.095846	0.003645	0.009553	0.094736	0.020016	0.007413	
0.589439	0.001901	0.013153	0.000638	0.031303	0.004954	0.010825	0.106652	0.018767	0.102313	0.003640	0.006499	0.085038	0.017942	0.006936	
0.561203	0.001393	0.021707	0.002810	0.035437	0.027159	0.061250	0.080403	0.020345	0.080917	0.013803	0.008743	0.059090	0.018836	0.006903	
0.399757	0.004680	0.050967	0.001314	0.026883	0.011461	0.025501	0.053100	0.092278	0.064213	0.020006	0.024705	0.016744	0.141326	0.067065	
0.239067	0.002393	0.078335	0.001388	0.022813	0.012374	0.026721	0.034125	0.267493	0.034047	0.010836	0.107227	0.022828	0.114530	0.025821	
0.187877	0.011202	0.083416	0.000881	0.005782	0.007325	0.015000	0.031468	0.102448	0.023705	0.036758	0.007898	0.020957	0.303791	0.161492	
0.233874	0.001737	0.078003	0.002587	0.024883	0.024357	0.054978	0.027194	0.277976	0.025409	0.013016	0.116016	0.019107	0.090469	0.010394	
0.309917	0.006554	0.068036	0.000806	0.012036	0.009411	0.021400	0.076816	0.204269	0.061455	0.005453	0.082309	0.049836	0.078093	0.013609	
0.329349	0.001347	0.077293	0.003552	0.028954	0.037229	0.079138	0.029943	0.180396	0.031114	0.018450	0.073958	0.021770	0.073615	0.013891	
