0.525214	0.000937	0.031633	0.003038	0.039589	0.031857	0.025489	0.117743	0.034506	0.121588	0.012549	0.009299	0.008976	0.031871	0.005711	
0.516570	0.004341	0.056629	0.002695	0.040298	0.025139	0.025221	0.107865	0.024781	0.105601	0.011704	0.023081	0.036744	0.015868	0.003462	
0.550806	0.005196	0.020647	0.002556	0.038044	0.024294	0.013088	0.131200	0.020557	0.118579	0.008929	0.013578	0.035651	0.013541	0.003334	
0.493094	0.001302	0.018197	0.009090	0.006509	0.077534	0.217543	0.015536	0.033328	0.013040	0.070047	0.012444	0.010599	0.017341	0.004395	
0.368565	0.004320	0.076500	0.003924	0.022238	0.035059	0.105428	0.032692	0.132677	0.025605	0.028823	0.060356	0.043679	0.047076	0.013057	
0.437404	0.005418	0.044397	0.006301	0.010216	0.056001	0.157525	0.028268	0.077686	0.011906	0.047955	0.031345	0.038568	0.042278	0.004733	
0.439231	0.002091	0.036855	0.006257	0.012804	0.055244	0.154757	0.029478	0.084409	0.024859	0.047318	0.033849	0.025566	0.031268	0.016015	
0.297337	0.004662	0.130994	0.000674	0.005329	0.038904	0.036446	0.030918	0.162018	0.015748	0.002819	0.012219	0.032597	0.207295	0.022042	
0.265262	0.001127	0.141085	0.001378	0.006593	0.046324	0.057020	0.013517	0.181334	0.012287	0.008666	0.013549	0.010026	0.219833	0.022000	
0.284511	0.003795	0.136310	0.000797	0.007528	0.038580	0.041183	0.025405	0.170269	0.014979	0.004019	0.018396	0.029207	0.202851	0.022169	
0.330947	0.001054	0.126833	0.000921	0.011804	0.037330	0.035066	0.034956	0.137746	0.037081	0.004339	0.014506	0.023333	0.169693	0.034390	
0.341275	0.002145	0.148578	0.003057	0.024092	0.040548	0.084263	0.014659	0.106351	0.026132	0.022057	0.037922	0.030668	0.106423	0.011828	
0.400756	0.001167	0.181003	0.001672	0.050051	0.020852	0.023634	0.048169	0.044639	0.080300	0.007576	0.046985	0.037783	0.047099	0.008314	
0.343014	0.002623	0.234099	0.001028	0.048776	0.017400	0.025477	0.018839	0.058951	0.053626	0.005416	0.060215	0.054955	0.065786	0.009794	
0.390369	0.005727	0.221524	0.001343	0.053896	0.010446	0.026252	0.032052	0.025855	0.059131	0.007689	0.070946	0.077826	0.012796	0.004150	
0.540000	0.002116	0.038452	0.001538	0.024424	0.021890	0.012526	0.102958	0.019346	0.102119	0.005910	0.015638	0.051028	0.011198	0.050854	
0.553422	0.003211	0.018542	0.000881	0.007536	0.020354	0.013419	0.096214	0.020148	0.083853	0.004077	0.011967	0.074331	0.010846	0.081198	
0.553237	0.001447	0.016066	0.001007	0.004648	0.023390	0.019228	0.090531	0.021209	0.083375	0.005653	0.008408	0.067859	0.013901	0.090040	
0.447219	0.001002	0.063806	0.001250	0.008619	0.031438	0.032702	0.063989	0.079564	0.061567	0.007056	0.012190	0.043055	0.085414	0.061130	
0.183937	0.002525	0.091558	0.001058	0.036904	0.010143	0.051604	0.034818	0.308890	0.029123	0.004531	0.114742	0.025865	0.097839	0.006464	
0.387376	0.003089	0.103084	0.001843	0.017962	0.031066	0.051514	0.044364	0.103403	0.042950	0.011941	0.032976	0.044992	0.090433	0.033007	
0.212635	0.001770	0.083708	0.002121	0.031623	0.019849	0.077074	0.026949	0.281881	0.023294	0.013664	0.102853	0.021561	0.092059	0.008958	
0.415359	0.015456	0.048169	0.000995	0.014398	0.010557	0.032407	0.082022	0.120086	0.026169	0.005059	0.059582	0.109669	0.046453	0.013621	
0.298729	0.001317	0.068378	0.002108	0.023130	0.023863	0.070330	0.037961	0.212750	0.034800	0.014116	0.076101	0.030862	0.075579	0.029974	
