0.465272	0.005318	0.045586	0.000867	0.026209	0.036607	0.014045	0.135176	0.045432	0.113380	0.005234	0.011088	0.017347	0.047035	0.031403	
0.505494	0.004792	0.025736	0.002026	0.028010	0.033778	0.036015	0.138586	0.035362	0.106516	0.009167	0.012251	0.025247	0.024068	0.012951	
0.474914	0.006346	0.036232	0.001299	0.029361	0.030570	0.020419	0.158587	0.034551	0.117526	0.008482	0.008571	0.018838	0.043460	0.010843	
0.438268	0.001089	0.065879	0.007261	0.015407	0.053739	0.144569	0.014987	0.104983	0.016468	0.031450	0.046235	0.024806	0.025789	0.009071	
0.317164	0.001955	0.102950	0.001779	0.025099	0.016592	0.098635	0.020082	0.208578	0.018996	0.010689	0.097887	0.026568	0.045081	0.007946	
0.368724	0.003976	0.089922	0.004002	0.020794	0.035381	0.089987	0.049411	0.117747	0.038379	0.023565	0.045273	0.025445	0.077547	0.009847	
0.325254	0.001985	0.079286	0.001368	0.021625	0.019742	0.097158	0.011423	0.209974	0.021235	0.009845	0.100150	0.015847	0.062438	0.022669	
0.360998	0.003834	0.113937	0.004045	0.017295	0.044637	0.069219	0.032825	0.095511	0.037756	0.024985	0.024458	0.034789	0.105497	0.030215	
0.400492	0.002747	0.097655	0.005544	0.014307	0.054522	0.090614	0.020922	0.080378	0.031606	0.029021	0.019874	0.033400	0.086759	0.032158	
0.257430	0.002740	0.219537	0.000961	0.026803	0.024159	0.020859	0.017741	0.154807	0.027614	0.010178	0.041169	0.072065	0.094389	0.029548	
0.324429	0.001475	0.181831	0.001822	0.024036	0.034705	0.034681	0.017116	0.133511	0.034308	0.009613	0.036981	0.064388	0.062854	0.038248	
0.319209	0.001117	0.169866	0.003136	0.024386	0.032441	0.075610	0.011284	0.159701	0.018557	0.014345	0.057752	0.055024	0.039666	0.017906	
0.348830	0.002262	0.163318	0.000878	0.029442	0.025329	0.023092	0.055574	0.125651	0.054234	0.004459	0.038374	0.063058	0.041013	0.024486	
0.317414	0.002983	0.182391	0.002311	0.027428	0.028749	0.039923	0.044584	0.124023	0.039061	0.013884	0.033328	0.063938	0.064735	0.015250	
0.366046	0.004645	0.131702	0.000631	0.032015	0.021825	0.017195	0.107297	0.101710	0.080769	0.005308	0.030870	0.045362	0.044590	0.010037	
0.597650	0.000881	0.015684	0.000843	0.034614	0.007940	0.015581	0.085064	0.024426	0.072431	0.003989	0.009528	0.106740	0.017824	0.006805	
0.592425	0.001419	0.014613	0.000740	0.033891	0.009471	0.010893	0.090194	0.019323	0.076971	0.004480	0.005711	0.102212	0.027966	0.009691	
0.570402	0.001612	0.013131	0.004105	0.023902	0.037917	0.064464	0.074217	0.019167	0.066539	0.017542	0.005481	0.061758	0.023503	0.016260	
0.491413	0.001019	0.017245	0.001172	0.008504	0.060887	0.027345	0.015235	0.065241	0.073615	0.005688	0.017723	0.016310	0.093909	0.104694	
0.335706	0.003675	0.066872	0.000812	0.023120	0.014047	0.076568	0.034167	0.181723	0.033541	0.011676	0.084050	0.021098	0.094725	0.018221	
0.157761	0.013620	0.106966	0.000883	0.008382	0.015564	0.011596	0.021281	0.104219	0.021348	0.047617	0.006393	0.019946	0.423681	0.040745	
0.388226	0.000948	0.051377	0.003428	0.020188	0.029881	0.127868	0.014850	0.185179	0.020256	0.014766	0.094535	0.012249	0.022304	0.013945	
0.373240	0.004270	0.056787	0.001166	0.026041	0.018731	0.071993	0.077099	0.151467	0.058996	0.009635	0.071760	0.012697	0.056945	0.009174	
0.424483	0.001480	0.046394	0.004124	0.013980	0.048183	0.104167	0.014028	0.122748	0.034108	0.019423	0.054386	0.013609	0.058156	0.040732	
