0.019527	0.065091	0.019527	0.791709	0.041110	0.026721	0.036314	
0.024265	0.282638	0.041012	0.136705	0.069720	0.342447	0.103213	
0.034079	0.082272	0.043718	0.349742	0.026850	0.369019	0.094320	
0.088435	0.162245	0.071769	0.031293	0.588435	0.028912	0.028912	
0.224685	0.033754	0.048074	0.019434	0.429935	0.193658	0.050460	
0.166209	0.101305	0.072459	0.055632	0.274382	0.276786	0.053228	
0.129748	0.075630	0.190924	0.089748	0.376807	0.030924	0.106218	
0.065881	0.359570	0.286755	0.051318	0.031900	0.158114	0.046463	
0.085714	0.402787	0.366202	0.034495	0.039373	0.041812	0.029617	
0.126254	0.043929	0.428917	0.109305	0.065721	0.111726	0.114147	
0.037894	0.089537	0.594232	0.141180	0.082495	0.019115	0.035547	
0.036755	0.041609	0.641123	0.048890	0.138696	0.058599	0.034327	
0.119214	0.205461	0.100566	0.100566	0.021312	0.429237	0.023643	
0.066375	0.087601	0.181941	0.026280	0.108827	0.500337	0.028639	
0.077618	0.040147	0.168953	0.068250	0.044831	0.555370	0.044831	
0.070055	0.163805	0.021978	0.041209	0.038805	0.029190	0.634959	
0.024207	0.258098	0.036140	0.036140	0.203205	0.105353	0.336856	
0.048654	0.034161	0.024500	0.266046	0.067978	0.055901	0.502761	
0.022245	0.134168	0.185262	0.367744	0.100104	0.039277	0.151199	
0.484755	0.105858	0.048304	0.019527	0.055498	0.069887	0.216170	
0.189208	0.111726	0.286060	0.053615	0.051193	0.131097	0.177101	
0.424441	0.152151	0.089501	0.024441	0.099139	0.036489	0.173838	
0.357657	0.043508	0.043508	0.050702	0.115450	0.314491	0.074683	
0.272633	0.229260	0.055766	0.123236	0.209983	0.053356	0.055766	
