0.511400	0.001256	0.025888	0.000657	0.042013	0.023027	0.048057	0.153668	0.013103	0.132690	0.010745	0.005423	0.010006	0.010092	0.011974	
0.481519	0.004211	0.065950	0.003163	0.029643	0.032837	0.051557	0.105700	0.021134	0.091455	0.005596	0.010493	0.036109	0.052713	0.007921	
0.479487	0.003795	0.060547	0.002114	0.028196	0.032673	0.054406	0.102341	0.038941	0.090621	0.006164	0.019416	0.038802	0.034270	0.008227	
0.399268	0.003520	0.115578	0.003498	0.018993	0.035129	0.074453	0.046441	0.067704	0.040093	0.028224	0.023201	0.025870	0.080323	0.037706	
0.417383	0.004584	0.072303	0.000888	0.024413	0.017416	0.055635	0.047472	0.114967	0.040708	0.031429	0.033460	0.033745	0.063506	0.042092	
0.437832	0.006965	0.059389	0.001914	0.025161	0.021472	0.043262	0.051968	0.114374	0.042571	0.013757	0.034040	0.049513	0.079586	0.018198	
0.371956	0.000940	0.090199	0.000804	0.015284	0.048057	0.079125	0.046034	0.148457	0.052392	0.003903	0.069366	0.046012	0.022445	0.005028	
0.340004	0.002865	0.140589	0.005340	0.011280	0.056585	0.081433	0.022289	0.106834	0.025905	0.004487	0.048134	0.043611	0.102855	0.007789	
0.264243	0.000891	0.229692	0.011547	0.005957	0.086053	0.112606	0.010481	0.037130	0.010576	0.003974	0.024083	0.010057	0.186954	0.005756	
0.316177	0.001032	0.104269	0.000718	0.015863	0.034016	0.077359	0.009736	0.192528	0.017354	0.026631	0.070570	0.032219	0.065301	0.036226	
0.286184	0.001000	0.105823	0.002397	0.020416	0.037221	0.069548	0.011064	0.204869	0.016153	0.017139	0.070106	0.025469	0.109051	0.023561	
0.341734	0.001306	0.114756	0.000830	0.013728	0.032753	0.083436	0.013802	0.153106	0.019771	0.035598	0.057350	0.030430	0.053006	0.048392	
0.389946	0.004395	0.122222	0.005108	0.015415	0.051173	0.074528	0.043627	0.074104	0.039411	0.005071	0.033305	0.041057	0.094097	0.006541	
0.444517	0.006644	0.106932	0.003734	0.015502	0.034722	0.065857	0.044324	0.049828	0.036965	0.020438	0.019221	0.049425	0.073953	0.027937	
0.470226	0.006526	0.065864	0.000855	0.018217	0.027864	0.056758	0.056276	0.087924	0.050922	0.014455	0.036229	0.060491	0.028202	0.019189	
0.505377	0.001187	0.023236	0.000782	0.037985	0.007272	0.013715	0.130910	0.023644	0.130717	0.003989	0.014248	0.070433	0.015191	0.021311	
0.566816	0.012078	0.049880	0.002409	0.016892	0.018024	0.026449	0.065756	0.016589	0.057302	0.003533	0.010105	0.105424	0.037763	0.010979	
0.474987	0.000787	0.062550	0.000637	0.028713	0.012740	0.042319	0.099413	0.026447	0.100689	0.025088	0.015377	0.054241	0.010388	0.045625	
0.431835	0.001103	0.123171	0.000801	0.015666	0.016972	0.082255	0.048079	0.025787	0.048960	0.061404	0.010497	0.027200	0.018231	0.088039	
0.304058	0.000951	0.095478	0.002822	0.025699	0.031645	0.058319	0.028488	0.181792	0.030738	0.015694	0.058775	0.024711	0.117143	0.023686	
0.385116	0.003366	0.096383	0.002236	0.019342	0.028893	0.061407	0.036341	0.115735	0.037134	0.022185	0.041356	0.044028	0.073287	0.033190	
0.283715	0.003309	0.072287	0.003022	0.029811	0.027725	0.041055	0.015476	0.240993	0.014686	0.004315	0.071373	0.029818	0.156045	0.006369	
0.382103	0.007972	0.034142	0.000904	0.026997	0.014666	0.024509	0.020662	0.222316	0.017335	0.003248	0.066299	0.064226	0.109522	0.005100	
0.271180	0.001331	0.122781	0.004647	0.023437	0.038341	0.067341	0.012231	0.179493	0.012311	0.018807	0.054165	0.012918	0.155047	0.025971	
