0.019481	0.029050	0.024265	0.057758	0.024265	0.103213	0.741969	
0.151638	0.031071	0.118541	0.038163	0.177643	0.163458	0.319487	
0.092805	0.041710	0.109837	0.027112	0.036844	0.126868	0.564824	
0.644888	0.054841	0.019296	0.028775	0.031144	0.178064	0.042993	
0.223087	0.061950	0.021666	0.151997	0.242045	0.156737	0.142519	
0.368510	0.088225	0.024092	0.040719	0.240244	0.180862	0.057346	
0.045042	0.077983	0.023866	0.073277	0.666218	0.035630	0.077983	
0.195578	0.293197	0.047959	0.264626	0.038435	0.064626	0.095578	
0.031593	0.546016	0.036401	0.113324	0.067651	0.084478	0.120536	
0.022191	0.255201	0.022191	0.437240	0.036755	0.145978	0.080444	
0.042390	0.187250	0.042390	0.600801	0.030708	0.028371	0.068091	
0.193031	0.071080	0.032056	0.568641	0.054007	0.029617	0.051568	
0.098007	0.053821	0.046844	0.060797	0.044518	0.493355	0.202658	
0.163123	0.100332	0.021262	0.030565	0.028239	0.628239	0.028239	
0.037983	0.033277	0.047395	0.117983	0.146218	0.576807	0.040336	
0.132555	0.031593	0.675824	0.053228	0.024382	0.029190	0.053228	
0.079100	0.024207	0.642346	0.043300	0.105353	0.050460	0.055234	
0.026850	0.031670	0.773838	0.029260	0.046127	0.022031	0.070224	
0.038435	0.417007	0.347959	0.036054	0.026531	0.019388	0.114626	
0.108571	0.160336	0.179160	0.412101	0.037983	0.045042	0.056807	
0.180433	0.327353	0.173324	0.142519	0.024035	0.080907	0.071429	
0.091938	0.084512	0.044908	0.030057	0.621641	0.067185	0.059760	
0.340925	0.063147	0.106625	0.065562	0.353002	0.026915	0.043823	
0.067327	0.151059	0.067327	0.038619	0.419002	0.029050	0.227614	
