0.033435	0.023978	0.057075	0.016886	0.047619	0.797028	0.023978	
0.026531	0.345578	0.038435	0.105102	0.057483	0.364626	0.062245	
0.021821	0.542107	0.169792	0.107740	0.031367	0.091033	0.036140	
0.028775	0.026405	0.263372	0.021666	0.047732	0.076168	0.535884	
0.237983	0.167395	0.023866	0.037983	0.080336	0.023866	0.428571	
0.045362	0.042993	0.024035	0.059580	0.140149	0.021666	0.666215	
0.151059	0.127136	0.265892	0.031442	0.107997	0.038619	0.277854	
0.035799	0.040527	0.099629	0.312394	0.040527	0.421142	0.049983	
0.058036	0.021978	0.074863	0.312843	0.050824	0.339286	0.142170	
0.036844	0.029545	0.416406	0.355579	0.041710	0.031978	0.087939	
0.033044	0.023698	0.659212	0.175567	0.030708	0.035381	0.042390	
0.044036	0.068308	0.027046	0.500347	0.068308	0.027046	0.264910	
0.028044	0.028044	0.101947	0.554602	0.044210	0.212801	0.030353	
0.053821	0.077076	0.037542	0.546844	0.158472	0.049169	0.077076	
0.066063	0.138833	0.021462	0.636486	0.056673	0.047284	0.033199	
0.040914	0.028981	0.038527	0.038527	0.780771	0.055234	0.017047	
0.021717	0.062097	0.035969	0.024092	0.796064	0.035969	0.024092	
0.024150	0.088435	0.174150	0.019388	0.605102	0.052721	0.036054	
0.016926	0.047732	0.531144	0.021666	0.059580	0.052471	0.270481	
0.066532	0.492063	0.158730	0.180007	0.038163	0.016886	0.047619	
0.028775	0.320244	0.348680	0.033514	0.040623	0.024035	0.204130	
0.807573	0.038898	0.024441	0.029260	0.031670	0.022031	0.046127	
0.518241	0.124446	0.114899	0.052847	0.112513	0.038527	0.038527	
0.401296	0.036140	0.348790	0.031367	0.071940	0.076713	0.033754	
