0.584189	0.001146	0.010844	0.000792	0.047509	0.023135	0.052852	0.087334	0.012818	0.141669	0.002737	0.005089	0.018095	0.008430	0.003360	
0.502423	0.010300	0.048108	0.000957	0.025969	0.016164	0.025827	0.101662	0.047195	0.098780	0.010680	0.020954	0.061863	0.018630	0.010487	
0.499549	0.012795	0.041058	0.000801	0.018223	0.016538	0.024100	0.109416	0.051671	0.101730	0.008194	0.020824	0.064802	0.023933	0.006364	
0.584981	0.000958	0.037627	0.013189	0.005388	0.063898	0.154236	0.016167	0.018047	0.014741	0.045251	0.016529	0.008170	0.016032	0.004785	
0.339459	0.002705	0.105913	0.003721	0.036211	0.037351	0.085106	0.025311	0.153631	0.021316	0.028086	0.062271	0.036113	0.059094	0.003712	
0.484277	0.004465	0.057482	0.007856	0.006169	0.049811	0.108671	0.038389	0.069386	0.033703	0.028032	0.027744	0.022791	0.055004	0.006220	
0.385577	0.001079	0.046445	0.007420	0.006909	0.059378	0.141046	0.016772	0.152026	0.015269	0.026184	0.055183	0.011277	0.069570	0.005866	
0.423310	0.009500	0.096157	0.001087	0.009611	0.024868	0.025913	0.077957	0.073783	0.072036	0.006074	0.020699	0.045195	0.101277	0.012532	
0.353638	0.000897	0.145079	0.003264	0.010879	0.041861	0.059989	0.021618	0.102972	0.028652	0.011805	0.026721	0.010376	0.162813	0.019436	
0.294844	0.001745	0.139276	0.001685	0.010653	0.039815	0.057978	0.025850	0.147651	0.027254	0.007673	0.041724	0.017408	0.165896	0.020546	
0.232354	0.000859	0.177938	0.001061	0.005046	0.042086	0.050119	0.011268	0.168377	0.010887	0.004352	0.043565	0.010005	0.218093	0.023986	
0.375238	0.001417	0.165995	0.002169	0.077362	0.015616	0.036468	0.026134	0.100740	0.027718	0.040191	0.056361	0.056909	0.014193	0.003489	
0.347086	0.001508	0.170120	0.001199	0.054101	0.020817	0.029309	0.029010	0.105824	0.032866	0.025368	0.044895	0.042720	0.082709	0.012467	
0.321618	0.003030	0.175515	0.000775	0.037485	0.022649	0.021982	0.033721	0.113340	0.029055	0.018674	0.041081	0.042539	0.119326	0.019210	
0.363392	0.004240	0.159623	0.000924	0.059237	0.013911	0.020099	0.043774	0.101540	0.037149	0.029401	0.049168	0.061206	0.045488	0.010849	
0.489617	0.001128	0.055769	0.000900	0.027207	0.010456	0.013669	0.096877	0.035600	0.075125	0.012243	0.018200	0.076872	0.012743	0.073592	
0.539099	0.008751	0.016103	0.000712	0.007915	0.011783	0.011690	0.126542	0.019174	0.104850	0.003420	0.007389	0.077847	0.013095	0.051631	
0.517099	0.001170	0.019162	0.000893	0.009832	0.012573	0.016196	0.113661	0.025102	0.087019	0.003906	0.009128	0.077625	0.017219	0.089414	
0.504736	0.000842	0.038830	0.002184	0.013356	0.021622	0.036236	0.089943	0.034041	0.077376	0.008247	0.011690	0.057178	0.037477	0.066241	
0.335264	0.000868	0.082937	0.000922	0.028107	0.026936	0.055380	0.053719	0.149184	0.040853	0.013835	0.055123	0.051667	0.064255	0.040951	
0.390844	0.002548	0.089052	0.001886	0.033128	0.025637	0.051653	0.055589	0.110343	0.048649	0.018623	0.044274	0.050053	0.049892	0.027826	
0.229921	0.001621	0.054199	0.002921	0.007463	0.055919	0.130248	0.017700	0.256394	0.016007	0.011215	0.085115	0.013652	0.112761	0.004863	
0.322237	0.006777	0.043478	0.000781	0.006746	0.036704	0.075893	0.065476	0.182170	0.057320	0.003670	0.059136	0.039743	0.086507	0.013364	
0.183690	0.001211	0.079272	0.001150	0.007170	0.052115	0.111420	0.016840	0.270568	0.015584	0.004934	0.085797	0.013496	0.146258	0.010495	
