0.031071	0.021614	0.023978	0.023978	0.033435	0.021614	0.844309	
0.055498	0.333676	0.096266	0.113052	0.057897	0.173004	0.170606	
0.045906	0.367249	0.033916	0.134635	0.163412	0.125043	0.129839	
0.778912	0.021769	0.074150	0.031293	0.026531	0.033673	0.033673	
0.228035	0.134138	0.019115	0.298457	0.030852	0.258551	0.030852	
0.436955	0.317237	0.094232	0.066063	0.019115	0.047284	0.019115	
0.447146	0.028707	0.038163	0.028707	0.059439	0.373860	0.023978	
0.049748	0.141513	0.346218	0.195630	0.066218	0.089748	0.110924	
0.174983	0.021873	0.593643	0.033835	0.033835	0.029050	0.112782	
0.083479	0.071254	0.435557	0.112819	0.066364	0.186168	0.044359	
0.030852	0.028504	0.720993	0.021462	0.023810	0.150570	0.023810	
0.151199	0.031978	0.049009	0.664581	0.022245	0.039277	0.041710	
0.033044	0.465287	0.236315	0.105474	0.021362	0.047063	0.091455	
0.048942	0.430886	0.194775	0.176257	0.069775	0.051257	0.028108	
0.039683	0.609127	0.039683	0.236442	0.028108	0.023479	0.023479	
0.033754	0.026594	0.028981	0.102966	0.737811	0.045687	0.024207	
0.021925	0.086674	0.021925	0.029120	0.700582	0.057897	0.081877	
0.050824	0.043613	0.048420	0.067651	0.733516	0.029190	0.026786	
0.128301	0.035884	0.329722	0.035884	0.391334	0.024035	0.054841	
0.052101	0.023866	0.056807	0.261513	0.266218	0.320336	0.019160	
0.074150	0.074150	0.176531	0.293197	0.200340	0.152721	0.028912	
0.195525	0.036489	0.041308	0.022031	0.029260	0.655766	0.019621	
0.043508	0.225762	0.038712	0.019527	0.122645	0.530319	0.019527	
0.050460	0.045687	0.241391	0.031367	0.036140	0.511081	0.083873	
