0.026468	0.024092	0.283000	0.560909	0.031218	0.026468	0.047845	
0.111188	0.207573	0.323236	0.087091	0.058176	0.171429	0.041308	
0.026786	0.221497	0.598901	0.031593	0.062843	0.031593	0.026786	
0.021873	0.232399	0.017088	0.380725	0.033835	0.036227	0.277854	
0.075809	0.056941	0.030997	0.085243	0.054582	0.285714	0.410714	
0.098901	0.110920	0.079670	0.110920	0.041209	0.132555	0.425824	
0.026342	0.049983	0.021614	0.031071	0.019250	0.031071	0.820669	
0.426179	0.117567	0.081681	0.222830	0.038619	0.048189	0.064935	
0.383117	0.172591	0.067327	0.172591	0.038619	0.062543	0.103213	
0.530612	0.031823	0.043929	0.208578	0.051193	0.097198	0.036666	
0.657612	0.101274	0.023810	0.075453	0.035547	0.037894	0.068410	
0.315753	0.034579	0.019909	0.315753	0.027244	0.225288	0.061474	
0.106565	0.111184	0.166612	0.226658	0.046519	0.298251	0.044210	
0.452547	0.198468	0.028305	0.039960	0.028305	0.233433	0.018981	
0.142193	0.039867	0.046844	0.072425	0.053821	0.588704	0.056146	
0.017129	0.184995	0.029120	0.021925	0.681398	0.038712	0.026721	
0.024382	0.132555	0.158997	0.041209	0.582074	0.026786	0.033997	
0.052973	0.069720	0.043404	0.036227	0.672591	0.036227	0.088859	
0.045578	0.197959	0.052721	0.593197	0.043197	0.024150	0.043197	
0.043300	0.162632	0.026594	0.024207	0.172179	0.542107	0.028981	
0.275220	0.106974	0.078538	0.189912	0.097495	0.208869	0.042993	
0.058599	0.099861	0.024619	0.044036	0.294036	0.087725	0.391123	
0.036666	0.029402	0.116569	0.068143	0.058457	0.520927	0.169837	
0.310030	0.191827	0.035799	0.035799	0.064168	0.057075	0.305302	
