0.026721	0.396026	0.045906	0.386434	0.024323	0.029120	0.091470	
0.124744	0.079289	0.038619	0.428571	0.036227	0.086466	0.206083	
0.224441	0.106368	0.038898	0.506368	0.036489	0.055766	0.031670	
0.022138	0.039087	0.111726	0.034244	0.034244	0.232791	0.525770	
0.124446	0.028981	0.045687	0.119673	0.060007	0.277191	0.344016	
0.072459	0.065247	0.058036	0.168613	0.050824	0.235920	0.348901	
0.235630	0.070924	0.127395	0.021513	0.049748	0.033277	0.461513	
0.053745	0.347434	0.284327	0.095007	0.058599	0.126560	0.034327	
0.077640	0.401311	0.307108	0.022084	0.019669	0.123533	0.048654	
0.027178	0.071080	0.605226	0.041812	0.078397	0.061324	0.114983	
0.028438	0.218133	0.499164	0.047173	0.028438	0.035463	0.143192	
0.039182	0.029473	0.597434	0.022191	0.022191	0.235784	0.053745	
0.096880	0.195731	0.138259	0.379639	0.021018	0.149754	0.018719	
0.019205	0.038073	0.181941	0.389488	0.068733	0.222035	0.080526	
0.070592	0.023754	0.126798	0.501506	0.061224	0.154901	0.061224	
0.117286	0.040914	0.021821	0.024207	0.632799	0.043300	0.119673	
0.029260	0.166609	0.017212	0.108778	0.431670	0.029260	0.217212	
0.080444	0.124133	0.036755	0.095007	0.505201	0.027046	0.131415	
0.036844	0.311783	0.165798	0.080640	0.199861	0.034411	0.170664	
0.266530	0.024323	0.021925	0.026721	0.182597	0.427201	0.050702	
0.039087	0.075406	0.181944	0.089934	0.208578	0.365963	0.039087	
0.383477	0.077453	0.096730	0.036489	0.130465	0.156971	0.118417	
0.300103	0.031518	0.103460	0.237753	0.074683	0.139431	0.113052	
0.100580	0.243778	0.083873	0.048074	0.067167	0.188885	0.267644	
