0.021769	0.024150	0.845578	0.024150	0.031293	0.028912	0.024150	
0.031367	0.048074	0.136379	0.141152	0.057620	0.026594	0.558814	
0.034079	0.046127	0.094320	0.029260	0.072633	0.034079	0.689501	
0.055102	0.721769	0.043197	0.045578	0.047959	0.036054	0.050340	
0.676392	0.033199	0.026157	0.101274	0.049631	0.051979	0.061368	
0.152358	0.378012	0.021717	0.204615	0.097727	0.073974	0.071598	
0.640336	0.052101	0.030924	0.030924	0.040336	0.070924	0.134454	
0.054971	0.100102	0.033593	0.142857	0.062097	0.532406	0.073974	
0.031293	0.388435	0.157483	0.057483	0.024150	0.319388	0.021769	
0.041710	0.051442	0.041710	0.109837	0.058742	0.642683	0.053876	
0.051979	0.218645	0.026157	0.103622	0.040241	0.490946	0.068410	
0.071080	0.032056	0.054007	0.044251	0.039373	0.734495	0.024739	
0.025853	0.086178	0.169705	0.506132	0.032814	0.153464	0.025853	
0.032967	0.067932	0.023643	0.727606	0.060939	0.051615	0.035298	
0.065754	0.040053	0.049399	0.481642	0.061081	0.184913	0.117156	
0.036489	0.082272	0.026850	0.053356	0.544923	0.046127	0.209983	
0.031367	0.024207	0.024207	0.021821	0.845210	0.019434	0.033754	
0.057758	0.031442	0.041012	0.105605	0.249146	0.038619	0.476418	
0.045578	0.228912	0.190816	0.064626	0.167007	0.057483	0.245578	
0.083475	0.518154	0.033593	0.021717	0.104852	0.199864	0.038344	
0.198450	0.474394	0.023922	0.026280	0.089960	0.094677	0.092318	
0.486966	0.046576	0.036844	0.049009	0.122002	0.051442	0.207160	
0.466529	0.188751	0.041408	0.060732	0.036577	0.031746	0.174258	
0.375940	0.165414	0.029050	0.088859	0.186945	0.045796	0.107997	
