0.048074	0.050460	0.659052	0.026594	0.036140	0.100580	0.079100	
0.033593	0.028843	0.354259	0.054971	0.454021	0.033593	0.040719	
0.102537	0.024678	0.443170	0.066041	0.180396	0.075773	0.107404	
0.050702	0.026721	0.021925	0.134635	0.161014	0.060295	0.544707	
0.621192	0.050102	0.059580	0.099865	0.033514	0.109343	0.026405	
0.282638	0.041012	0.031442	0.131921	0.041012	0.079289	0.392686	
0.181513	0.037983	0.021513	0.052101	0.028571	0.033277	0.645042	
0.041308	0.306368	0.053356	0.031670	0.289501	0.103959	0.173838	
0.019716	0.189208	0.024559	0.072985	0.070564	0.177101	0.445866	
0.034495	0.695470	0.039373	0.054007	0.046690	0.029617	0.100348	
0.042589	0.615359	0.021462	0.033199	0.035547	0.047284	0.204561	
0.041914	0.584701	0.034579	0.166608	0.037024	0.056584	0.078589	
0.028044	0.032662	0.095018	0.032662	0.025734	0.748598	0.037281	
0.102183	0.060516	0.062831	0.213294	0.099868	0.442460	0.018849	
0.037805	0.077618	0.056541	0.117431	0.119772	0.508531	0.082302	
0.017253	0.022084	0.140442	0.121118	0.584886	0.082471	0.031746	
0.125043	0.024323	0.019527	0.038712	0.631038	0.036314	0.125043	
0.024265	0.036227	0.356801	0.060150	0.234792	0.084074	0.203691	
0.024441	0.356971	0.058176	0.046127	0.354561	0.046127	0.113597	
0.043197	0.064626	0.133673	0.428912	0.240816	0.064626	0.024150	
0.073162	0.252774	0.041609	0.328017	0.221221	0.027046	0.056172	
0.430326	0.061776	0.044577	0.091260	0.049491	0.221481	0.101088	
0.465570	0.026721	0.062693	0.316889	0.041110	0.029120	0.057897	
0.258021	0.135089	0.049983	0.057075	0.260385	0.038163	0.201283	
