0.448583	0.014520	0.031642	0.000863	0.040218	0.016877	0.017582	0.131439	0.064087	0.122584	0.013102	0.013082	0.023517	0.040924	0.020980	
0.469843	0.008960	0.096822	0.000811	0.039318	0.025418	0.031199	0.099164	0.018789	0.093202	0.008755	0.028395	0.037177	0.037835	0.004313	
0.496050	0.012694	0.054923	0.000857	0.038709	0.027690	0.025313	0.120692	0.019424	0.112031	0.011817	0.015719	0.024111	0.036820	0.003151	
0.548515	0.000675	0.021362	0.011742	0.003904	0.076596	0.151718	0.009094	0.026181	0.008617	0.071536	0.025299	0.014743	0.023335	0.006682	
0.396599	0.002006	0.091542	0.003996	0.022460	0.030901	0.090603	0.035555	0.112287	0.035096	0.023780	0.061682	0.033939	0.049782	0.009774	
0.432453	0.001449	0.070846	0.007064	0.014297	0.048479	0.100483	0.025950	0.082441	0.025850	0.042749	0.032359	0.031216	0.055556	0.028807	
0.431163	0.001030	0.034056	0.007137	0.010275	0.047611	0.111370	0.024861	0.120455	0.023420	0.043115	0.040469	0.028727	0.055209	0.021102	
0.411078	0.003786	0.128994	0.001310	0.016706	0.045599	0.056013	0.040477	0.078503	0.038614	0.008639	0.035926	0.019089	0.101923	0.013343	
0.385836	0.000978	0.150728	0.002421	0.005031	0.059503	0.061800	0.010825	0.088243	0.011437	0.013825	0.023338	0.015129	0.138060	0.032845	
0.139907	0.001375	0.129725	0.001273	0.009172	0.014309	0.021122	0.019839	0.273828	0.023078	0.006844	0.019396	0.040659	0.181859	0.117615	
0.253956	0.000975	0.160427	0.000741	0.007484	0.036610	0.031777	0.014527	0.177635	0.016593	0.003308	0.021464	0.028345	0.171365	0.074794	
0.280716	0.002534	0.121334	0.002066	0.021391	0.018087	0.056798	0.034516	0.176706	0.035868	0.012142	0.051240	0.036821	0.099090	0.050691	
0.372549	0.005418	0.143966	0.000699	0.026273	0.030793	0.034250	0.057367	0.078934	0.056017	0.005691	0.030559	0.030251	0.095123	0.032110	
0.361815	0.002883	0.166600	0.000962	0.024175	0.032920	0.043418	0.039587	0.079869	0.040005	0.005505	0.038868	0.034621	0.098162	0.030610	
0.382540	0.002904	0.191612	0.001182	0.044650	0.011808	0.054244	0.054387	0.035537	0.056068	0.006089	0.070638	0.055323	0.025709	0.007312	
0.523257	0.001968	0.041003	0.000990	0.036287	0.027849	0.021762	0.099980	0.019116	0.089137	0.005777	0.010453	0.086851	0.031647	0.003923	
0.527697	0.001628	0.036149	0.001289	0.037314	0.026704	0.023460	0.100929	0.016950	0.089960	0.007394	0.010637	0.090979	0.024998	0.003912	
0.534903	0.000962	0.017450	0.000915	0.041041	0.020327	0.014761	0.112064	0.020038	0.099332	0.004703	0.007897	0.106427	0.014855	0.004324	
0.331021	0.000960	0.086676	0.001170	0.020210	0.024085	0.022061	0.054823	0.148854	0.051109	0.006143	0.012819	0.063824	0.114089	0.062154	
0.324119	0.002097	0.035106	0.001386	0.014763	0.018451	0.084580	0.039624	0.236835	0.036289	0.008074	0.078163	0.028385	0.083891	0.008238	
0.357706	0.002230	0.095271	0.002655	0.019453	0.030368	0.056175	0.042862	0.130666	0.041331	0.015917	0.034472	0.041133	0.090416	0.039344	
0.313845	0.002253	0.035149	0.002636	0.009904	0.023138	0.108025	0.023971	0.252811	0.022652	0.015847	0.089681	0.012383	0.083318	0.004387	
0.297210	0.001713	0.070266	0.001199	0.016868	0.015216	0.087053	0.030296	0.235271	0.029343	0.006365	0.088167	0.026565	0.084520	0.009949	
0.301435	0.001077	0.070607	0.001334	0.005380	0.030032	0.096716	0.012343	0.247034	0.011777	0.007051	0.084753	0.009253	0.114080	0.007127	
