0.033916	0.772525	0.026721	0.038712	0.065091	0.019527	0.043508	
0.051193	0.283639	0.022138	0.252162	0.213421	0.085092	0.092356	
0.033754	0.456188	0.028981	0.315377	0.074327	0.052847	0.038527	
0.038527	0.019434	0.074327	0.033754	0.200818	0.301057	0.332083	
0.255711	0.043300	0.026594	0.098193	0.045687	0.284350	0.246164	
0.190476	0.063716	0.054326	0.178739	0.094232	0.228035	0.190476	
0.190924	0.085042	0.226218	0.045042	0.035630	0.061513	0.355630	
0.061026	0.034327	0.281900	0.131415	0.369279	0.073162	0.048890	
0.044251	0.041812	0.324739	0.024739	0.432056	0.110105	0.022300	
0.077828	0.097198	0.503978	0.106883	0.026980	0.075406	0.111726	
0.026096	0.075276	0.630311	0.037805	0.089328	0.023754	0.117431	
0.044036	0.036755	0.544036	0.024619	0.019764	0.291609	0.039182	
0.098235	0.067932	0.107559	0.464202	0.175158	0.051615	0.035298	
0.033356	0.030997	0.132412	0.446092	0.101752	0.151280	0.104111	
0.065908	0.061224	0.164269	0.494480	0.054199	0.136166	0.023754	
0.089286	0.041209	0.019574	0.033997	0.122940	0.060440	0.632555	
0.040914	0.040914	0.021821	0.081487	0.222298	0.017047	0.575520	
0.094777	0.303009	0.031823	0.026980	0.036666	0.019716	0.487029	
0.022245	0.170664	0.289885	0.029545	0.158498	0.022245	0.306917	
0.218568	0.031518	0.026721	0.036314	0.113052	0.434395	0.139431	
0.059580	0.040623	0.194651	0.114083	0.083277	0.405552	0.102234	
0.450947	0.055766	0.101549	0.041308	0.103959	0.075043	0.171429	
0.366202	0.054007	0.056446	0.254007	0.051568	0.134495	0.083275	
0.300588	0.092356	0.131097	0.063300	0.237634	0.056036	0.118990	
