0.458524	0.003593	0.055310	0.000521	0.025848	0.025479	0.027955	0.144117	0.042124	0.106200	0.015578	0.013926	0.034922	0.028895	0.017009	
0.440536	0.003776	0.028895	0.001280	0.016026	0.039390	0.064302	0.147887	0.040998	0.096934	0.009879	0.015363	0.021020	0.065623	0.008091	
0.460189	0.004416	0.021476	0.000570	0.029010	0.036456	0.042165	0.179141	0.022443	0.114159	0.020206	0.006781	0.018720	0.037462	0.006806	
0.407399	0.001182	0.057091	0.004898	0.039187	0.046889	0.096301	0.012148	0.130800	0.025283	0.027296	0.056880	0.033685	0.044241	0.016721	
0.297571	0.002497	0.082341	0.008784	0.025603	0.025008	0.098453	0.022312	0.229248	0.012616	0.020140	0.099231	0.029156	0.040477	0.006563	
0.306501	0.005241	0.089903	0.006409	0.011615	0.011184	0.064664	0.046177	0.195973	0.033910	0.009561	0.075623	0.036329	0.086004	0.020906	
0.410854	0.000970	0.046290	0.004966	0.067531	0.065607	0.106040	0.009265	0.124413	0.010336	0.052033	0.055221	0.020170	0.020474	0.005830	
0.349275	0.002914	0.135071	0.000615	0.011587	0.052295	0.085855	0.028543	0.099093	0.018379	0.010131	0.030621	0.031747	0.133094	0.010781	
0.399410	0.001254	0.090528	0.000753	0.017549	0.072579	0.119585	0.011732	0.068319	0.013775	0.013016	0.023484	0.025769	0.132969	0.009278	
0.295898	0.003313	0.225079	0.000663	0.015473	0.016673	0.021467	0.027561	0.158486	0.021821	0.012761	0.050450	0.053774	0.079759	0.016822	
0.319179	0.001605	0.198186	0.001446	0.008274	0.026572	0.052463	0.013342	0.151388	0.018708	0.005070	0.053564	0.052182	0.082953	0.015070	
0.355264	0.001234	0.146471	0.002548	0.041744	0.044004	0.066225	0.017433	0.139142	0.015007	0.032090	0.053400	0.037711	0.040013	0.007715	
0.370851	0.002059	0.160949	0.000695	0.014071	0.021255	0.031909	0.068000	0.110981	0.056576	0.007785	0.038716	0.049893	0.050471	0.015790	
0.320396	0.002297	0.189199	0.000744	0.007799	0.030330	0.051344	0.042261	0.132235	0.028733	0.005942	0.044572	0.044644	0.089805	0.009699	
0.349473	0.003035	0.160970	0.000806	0.023706	0.024483	0.028398	0.088297	0.115527	0.055344	0.018060	0.039177	0.040034	0.045089	0.007602	
0.596480	0.001249	0.020137	0.000774	0.026034	0.006939	0.013282	0.015818	0.026248	0.101828	0.003723	0.009064	0.083917	0.020903	0.073603	
0.574823	0.002650	0.019371	0.000662	0.025992	0.008958	0.014306	0.019640	0.028837	0.096011	0.006128	0.006506	0.077927	0.045714	0.072474	
0.495547	0.004300	0.023273	0.000665	0.016595	0.027895	0.046685	0.064944	0.034041	0.084017	0.006036	0.006398	0.048191	0.096279	0.045135	
0.575291	0.001609	0.020018	0.000663	0.040354	0.024766	0.029904	0.010775	0.025401	0.082070	0.018535	0.007395	0.069741	0.030908	0.062569	
0.325704	0.003824	0.071452	0.006342	0.009334	0.025047	0.089799	0.049148	0.176885	0.033798	0.007024	0.072272	0.029923	0.085975	0.013474	
0.223907	0.018683	0.082369	0.000702	0.016276	0.020349	0.020241	0.067040	0.129687	0.010817	0.029927	0.005872	0.008155	0.321762	0.044213	
0.332363	0.001506	0.068502	0.007598	0.017372	0.036517	0.115966	0.014007	0.193269	0.014450	0.012054	0.085409	0.029617	0.062818	0.008553	
0.258865	0.009068	0.087382	0.005785	0.005949	0.009628	0.057128	0.070136	0.195580	0.031368	0.010490	0.065747	0.024297	0.147811	0.020766	
0.401837	0.001335	0.050229	0.003995	0.017927	0.056286	0.120212	0.017326	0.108431	0.024614	0.011334	0.046457	0.028223	0.097819	0.013975	
