0.501851	0.001509	0.011786	0.001164	0.056641	0.008392	0.110000	0.054882	0.014763	0.076219	0.004543	0.005533	0.015545	0.009997	0.127175	
0.423654	0.006232	0.145787	0.000909	0.029357	0.016649	0.016686	0.098697	0.025607	0.057768	0.008393	0.035101	0.068921	0.057836	0.008403	
0.446137	0.014593	0.034555	0.000690	0.010566	0.027321	0.013847	0.231223	0.018555	0.128879	0.012579	0.011827	0.023389	0.018451	0.007388	
0.567033	0.000903	0.025421	0.013537	0.005438	0.072695	0.193422	0.010893	0.019252	0.010063	0.044148	0.008007	0.009489	0.014780	0.004921	
0.404662	0.002068	0.073561	0.005672	0.019962	0.046016	0.106064	0.031397	0.116336	0.022515	0.021872	0.048435	0.024828	0.065869	0.010743	
0.460087	0.003704	0.057722	0.007917	0.009346	0.055499	0.119422	0.056171	0.069715	0.034152	0.031796	0.022518	0.015381	0.048765	0.007805	
0.357212	0.001214	0.044989	0.005620	0.019699	0.051712	0.122622	0.016797	0.182174	0.014154	0.020178	0.069475	0.010157	0.076111	0.007886	
0.309081	0.002683	0.140131	0.000782	0.019476	0.030783	0.027020	0.044410	0.148107	0.039138	0.018704	0.036235	0.033048	0.120970	0.029432	
0.321999	0.000826	0.123974	0.002891	0.018988	0.039729	0.064815	0.017958	0.151509	0.024003	0.025314	0.029878	0.016046	0.119061	0.043010	
0.262522	0.001157	0.171119	0.000861	0.017575	0.034430	0.024590	0.019829	0.177259	0.020627	0.022700	0.038149	0.028052	0.149404	0.031726	
0.220498	0.001119	0.165066	0.000871	0.012132	0.040776	0.026331	0.018599	0.217281	0.018215	0.026339	0.039874	0.012616	0.167327	0.032956	
0.292136	0.000773	0.155763	0.002405	0.017291	0.039124	0.047053	0.012241	0.166780	0.013997	0.024076	0.041418	0.027816	0.134640	0.024487	
0.399761	0.002768	0.156775	0.001119	0.034992	0.017033	0.033433	0.048225	0.053622	0.036400	0.009863	0.037166	0.063519	0.076630	0.028695	
0.441305	0.001476	0.188505	0.002140	0.037307	0.014588	0.032177	0.022193	0.020432	0.020333	0.008123	0.044967	0.093739	0.067934	0.004780	
0.383136	0.003634	0.164568	0.001344	0.028765	0.021299	0.024792	0.056409	0.067976	0.034569	0.011215	0.044178	0.066456	0.083608	0.008051	
0.616107	0.001256	0.015800	0.000690	0.021956	0.007071	0.013098	0.016159	0.026645	0.122282	0.002982	0.010552	0.125392	0.015269	0.004743	
0.595663	0.004330	0.012160	0.000722	0.018134	0.010995	0.011121	0.065222	0.017676	0.130423	0.005151	0.006942	0.106614	0.010950	0.003895	
0.548963	0.006426	0.010619	0.000947	0.021418	0.015568	0.029898	0.104476	0.018702	0.123390	0.007301	0.007222	0.070822	0.010606	0.023640	
0.534489	0.001211	0.023921	0.003183	0.034824	0.020838	0.090602	0.031878	0.029609	0.075313	0.012102	0.009390	0.048725	0.020752	0.063162	
0.306811	0.001493	0.109781	0.000908	0.033975	0.027261	0.058087	0.022273	0.182088	0.018006	0.004384	0.086964	0.045115	0.095273	0.007582	
0.290161	0.003210	0.117000	0.000984	0.016522	0.035641	0.034723	0.049643	0.181322	0.039275	0.017681	0.050065	0.026247	0.120271	0.017253	
0.364261	0.002659	0.039456	0.002382	0.026448	0.035114	0.083916	0.043349	0.168070	0.044733	0.010079	0.065784	0.025252	0.068812	0.019684	
0.330545	0.007580	0.033899	0.000841	0.020057	0.034562	0.054097	0.118667	0.167876	0.070002	0.007977	0.066971	0.014612	0.065777	0.006538	
0.290417	0.000638	0.053073	0.001293	0.031237	0.034516	0.082945	0.009791	0.238173	0.022786	0.005133	0.094793	0.024920	0.095566	0.014719	
