0.391382	0.000813	0.037972	0.002186	0.056572	0.023942	0.047629	0.123803	0.084368	0.130701	0.016003	0.029688	0.015458	0.035415	0.004068	
0.429981	0.004247	0.075487	0.001109	0.047961	0.013463	0.023063	0.105469	0.037058	0.111218	0.008434	0.020832	0.018390	0.069735	0.033552	
0.469047	0.004020	0.072358	0.000725	0.042847	0.010485	0.016196	0.104353	0.029486	0.107628	0.005521	0.016559	0.035597	0.056938	0.028240	
0.427774	0.003293	0.051736	0.006761	0.010578	0.055145	0.126245	0.025559	0.091912	0.021577	0.043292	0.041604	0.018896	0.052112	0.023516	
0.316656	0.000892	0.080043	0.004179	0.017453	0.062373	0.116298	0.030174	0.198565	0.023398	0.026085	0.044459	0.033683	0.041718	0.004024	
0.378517	0.003012	0.093685	0.005279	0.015619	0.043680	0.098627	0.024119	0.101348	0.018941	0.033418	0.053962	0.029592	0.077318	0.022883	
0.438833	0.000728	0.030804	0.009921	0.018769	0.063793	0.164734	0.032585	0.063742	0.029077	0.064519	0.052579	0.011142	0.015391	0.003383	
0.331896	0.006089	0.141499	0.000825	0.014113	0.021702	0.031079	0.022810	0.123065	0.018759	0.003950	0.051949	0.036482	0.146225	0.049558	
0.437760	0.009019	0.114462	0.003752	0.006561	0.036650	0.073894	0.011563	0.042206	0.009482	0.023403	0.025374	0.009240	0.121218	0.075417	
0.315381	0.000770	0.092858	0.003162	0.022923	0.058594	0.102997	0.039598	0.195871	0.032813	0.019581	0.038502	0.038915	0.034840	0.003194	
0.266103	0.003486	0.085372	0.000980	0.009682	0.076836	0.109005	0.022471	0.287698	0.016178	0.004777	0.015154	0.023173	0.052873	0.026212	
0.324318	0.000745	0.123223	0.003118	0.023655	0.052780	0.094740	0.032955	0.169501	0.023778	0.019016	0.042335	0.050321	0.036018	0.003498	
0.425741	0.004764	0.160415	0.001769	0.025251	0.020124	0.037444	0.039423	0.038126	0.032394	0.010436	0.033272	0.055661	0.077698	0.037481	
0.417181	0.003469	0.169584	0.000853	0.031634	0.011398	0.018750	0.051902	0.039974	0.044256	0.004534	0.038588	0.069415	0.072850	0.025612	
0.390898	0.001681	0.207829	0.000783	0.037995	0.008871	0.015555	0.049533	0.038843	0.038346	0.003835	0.048204	0.086420	0.059480	0.011728	
0.530812	0.003597	0.040092	0.000636	0.017689	0.012808	0.019267	0.081770	0.061058	0.078704	0.003465	0.017822	0.069507	0.047244	0.015528	
0.597041	0.003949	0.028884	0.000867	0.007192	0.008726	0.015639	0.074202	0.035595	0.068411	0.004410	0.014679	0.086773	0.039558	0.014074	
0.552431	0.002459	0.020904	0.001296	0.013724	0.022895	0.039065	0.080371	0.077410	0.075151	0.007536	0.011598	0.077267	0.014452	0.003442	
0.440744	0.005527	0.073595	0.003178	0.022033	0.035103	0.068869	0.054131	0.065430	0.054191	0.020534	0.021985	0.018701	0.072997	0.042982	
0.254020	0.003048	0.078039	0.000773	0.012016	0.009144	0.014733	0.036892	0.202677	0.036452	0.003782	0.096556	0.038521	0.193319	0.020028	
0.302997	0.003924	0.087296	0.002956	0.008115	0.024734	0.053351	0.019872	0.160109	0.017283	0.017903	0.081444	0.030300	0.160503	0.029215	
0.382065	0.003766	0.054326	0.001816	0.016285	0.036940	0.061209	0.053526	0.153422	0.052095	0.011124	0.034312	0.032224	0.082128	0.024761	
0.306126	0.001098	0.096741	0.000791	0.032439	0.009630	0.016614	0.068571	0.146939	0.067304	0.004704	0.074334	0.050243	0.120052	0.004415	
0.342023	0.005207	0.072374	0.001279	0.011115	0.055393	0.081357	0.035296	0.200126	0.032672	0.007250	0.017819	0.019738	0.078763	0.039585	
