0.517641	0.002386	0.020383	0.004303	0.043978	0.027746	0.016316	0.117096	0.026138	0.122155	0.008078	0.007587	0.026796	0.025949	0.033448	
0.465457	0.003025	0.025961	0.000841	0.029297	0.023622	0.044996	0.124337	0.058283	0.111423	0.004813	0.017671	0.032923	0.050264	0.007086	
0.491294	0.003113	0.032671	0.001885	0.035777	0.019375	0.021513	0.128870	0.039770	0.122498	0.007778	0.010424	0.033015	0.036683	0.015334	
0.396897	0.001242	0.084460	0.004093	0.025073	0.041238	0.080374	0.032908	0.113384	0.034093	0.011707	0.051816	0.036324	0.053943	0.032448	
0.304217	0.002240	0.105537	0.001172	0.007999	0.013372	0.132243	0.035582	0.181935	0.017572	0.006133	0.108055	0.032198	0.040579	0.011166	
0.331378	0.005934	0.086931	0.001409	0.012141	0.015847	0.088616	0.039113	0.156252	0.030558	0.016211	0.070543	0.032649	0.092459	0.019958	
0.389184	0.000940	0.097730	0.006007	0.029651	0.033719	0.082091	0.021345	0.122550	0.031373	0.012646	0.072431	0.027277	0.025797	0.047258	
0.361258	0.003190	0.117068	0.000812	0.017732	0.040865	0.053897	0.056365	0.111115	0.053463	0.018284	0.025511	0.037367	0.094266	0.008807	
0.350368	0.001347	0.088885	0.002610	0.017817	0.076898	0.089246	0.020764	0.120469	0.026265	0.014429	0.020805	0.028215	0.121328	0.020556	
0.340163	0.004313	0.202186	0.002646	0.020368	0.018098	0.016407	0.017979	0.126228	0.026825	0.033509	0.042362	0.050364	0.071773	0.026779	
0.332335	0.001107	0.180732	0.002537	0.018135	0.044395	0.055742	0.014255	0.130184	0.019762	0.023666	0.042982	0.044049	0.070382	0.019738	
0.352789	0.001282	0.181739	0.003643	0.022952	0.027312	0.047337	0.018298	0.126249	0.025210	0.023668	0.057610	0.044867	0.038102	0.028944	
0.386452	0.001587	0.172977	0.002167	0.024751	0.022419	0.023425	0.051559	0.097709	0.052531	0.023032	0.035973	0.050829	0.037797	0.016792	
0.325617	0.002432	0.187982	0.000677	0.014279	0.032209	0.044460	0.033621	0.130008	0.031750	0.025122	0.039002	0.048484	0.077436	0.006920	
0.381553	0.002213	0.171252	0.001141	0.022984	0.015252	0.021131	0.067341	0.098086	0.064191	0.022212	0.036582	0.049271	0.037516	0.009274	
0.587088	0.001030	0.012696	0.000583	0.031178	0.005564	0.026008	0.114134	0.019460	0.075788	0.002985	0.006445	0.096971	0.016188	0.003882	
0.558031	0.002518	0.018706	0.001422	0.031283	0.010634	0.023472	0.099177	0.031757	0.071439	0.007945	0.006336	0.084805	0.039029	0.013446	
0.508662	0.001471	0.015665	0.001930	0.029529	0.035765	0.051375	0.088669	0.049741	0.070785	0.005004	0.008802	0.060381	0.057293	0.014929	
0.540028	0.001352	0.012841	0.012237	0.060195	0.064916	0.017914	0.021396	0.026268	0.065875	0.017431	0.007358	0.015460	0.039247	0.097483	
0.356822	0.003038	0.070798	0.001037	0.013974	0.024673	0.103367	0.057320	0.140558	0.042235	0.007197	0.068557	0.033546	0.065955	0.010925	
0.333605	0.018662	0.024511	0.001071	0.010645	0.006800	0.015070	0.028565	0.147331	0.037147	0.042269	0.009892	0.027188	0.255134	0.042109	
0.314583	0.002383	0.059343	0.001745	0.010246	0.064392	0.131109	0.023494	0.156951	0.018925	0.007502	0.054372	0.019543	0.119598	0.015815	
0.285205	0.013018	0.064233	0.000671	0.005363	0.007943	0.072290	0.025927	0.181669	0.024593	0.028942	0.058730	0.021909	0.181567	0.027940	
0.372502	0.001842	0.046755	0.003210	0.019760	0.063160	0.105988	0.031637	0.123335	0.032055	0.008100	0.040202	0.024540	0.100543	0.026370	
