0.427690	0.000982	0.052403	0.000737	0.015272	0.027044	0.062165	0.100775	0.065898	0.126546	0.007501	0.019707	0.022184	0.015455	0.055640	
0.477577	0.002066	0.037529	0.001211	0.008933	0.013834	0.033911	0.154577	0.042309	0.131562	0.006811	0.015946	0.015445	0.041663	0.016626	
0.460849	0.003595	0.070012	0.002448	0.012569	0.026137	0.016795	0.113789	0.057955	0.092969	0.014942	0.016867	0.022460	0.077483	0.011131	
0.585777	0.001482	0.044091	0.007696	0.013627	0.069985	0.057889	0.013336	0.077038	0.021316	0.021762	0.030501	0.010673	0.030425	0.014402	
0.283915	0.002144	0.086025	0.000536	0.031363	0.010725	0.157988	0.023740	0.193202	0.035229	0.005562	0.081408	0.013600	0.049844	0.024719	
0.282895	0.007075	0.125253	0.001908	0.022646	0.018393	0.089313	0.023768	0.143605	0.019571	0.018455	0.053567	0.016876	0.162993	0.013681	
0.438614	0.000831	0.084867	0.004314	0.030575	0.045484	0.083601	0.010892	0.163856	0.011717	0.016651	0.061581	0.024294	0.017075	0.005649	
0.373289	0.005532	0.102913	0.002660	0.017147	0.030608	0.052839	0.049627	0.097161	0.051490	0.019090	0.031393	0.019004	0.124289	0.022958	
0.369167	0.006214	0.097347	0.002914	0.012255	0.038793	0.065972	0.029432	0.070875	0.059373	0.019997	0.020867	0.016631	0.139115	0.051050	
0.316137	0.002925	0.145372	0.001308	0.037164	0.036276	0.033902	0.021182	0.166039	0.032911	0.020893	0.046582	0.051986	0.062643	0.024682	
0.354341	0.002820	0.127049	0.002247	0.031439	0.045574	0.043280	0.011478	0.139328	0.039039	0.021135	0.038140	0.044944	0.059662	0.039522	
0.322175	0.000753	0.137201	0.001068	0.042520	0.038514	0.051575	0.012609	0.190504	0.033154	0.017770	0.056721	0.054156	0.012387	0.028892	
0.402022	0.002008	0.114684	0.002369	0.030764	0.039654	0.019244	0.049947	0.132663	0.048306	0.019597	0.037007	0.045753	0.040834	0.015146	
0.319372	0.005930	0.149842	0.002238	0.027926	0.037465	0.022201	0.020694	0.129891	0.027386	0.025411	0.033524	0.042509	0.132585	0.023027	
0.306949	0.003084	0.148354	0.000878	0.040171	0.029614	0.024614	0.033196	0.169792	0.026834	0.020194	0.049772	0.066793	0.066689	0.013065	
0.552520	0.000816	0.013608	0.003037	0.023467	0.028109	0.009785	0.123325	0.015248	0.060615	0.008473	0.019476	0.123682	0.012659	0.005180	
0.499906	0.000997	0.024976	0.002365	0.023850	0.024364	0.040105	0.107290	0.044670	0.063437	0.007252	0.029174	0.099964	0.017787	0.013863	
0.454928	0.001769	0.023422	0.000819	0.021376	0.018503	0.046761	0.114570	0.017160	0.089227	0.004690	0.018133	0.111800	0.034194	0.042650	
0.512823	0.001497	0.024250	0.004438	0.007744	0.059909	0.089248	0.029945	0.023369	0.089014	0.013207	0.009924	0.024364	0.027490	0.082778	
0.308345	0.005367	0.098456	0.000660	0.022059	0.010684	0.083188	0.063880	0.117237	0.055007	0.012175	0.046017	0.032986	0.121808	0.022132	
0.205114	0.013954	0.167534	0.000743	0.012168	0.008458	0.018410	0.049927	0.056628	0.031007	0.027617	0.013276	0.049446	0.319984	0.025734	
0.385791	0.001371	0.072108	0.002701	0.028308	0.024809	0.122835	0.031932	0.171118	0.026846	0.009575	0.072101	0.013219	0.031301	0.005985	
0.275775	0.006135	0.116938	0.001700	0.024479	0.015414	0.114711	0.018772	0.163173	0.017870	0.015326	0.064317	0.009743	0.142171	0.013475	
0.443891	0.001419	0.067236	0.004035	0.023893	0.041098	0.094754	0.025396	0.134590	0.031132	0.014058	0.053892	0.017571	0.030469	0.016567	
