0.468122	0.016981	0.028187	0.000691	0.044265	0.049667	0.028100	0.102264	0.033858	0.173975	0.004052	0.011668	0.012680	0.019199	0.006292	
0.431103	0.006585	0.103418	0.000993	0.033445	0.025488	0.053660	0.079066	0.059418	0.083526	0.005048	0.033160	0.041098	0.036917	0.007075	
0.489660	0.014582	0.035737	0.001156	0.039151	0.043343	0.032123	0.095489	0.014443	0.155157	0.005388	0.007851	0.015102	0.043648	0.007170	
0.585801	0.000984	0.027950	0.012678	0.006075	0.066376	0.058356	0.013568	0.022258	0.011419	0.062993	0.012060	0.010240	0.021027	0.088215	
0.283547	0.001312	0.104302	0.000708	0.042110	0.020837	0.127231	0.047454	0.210964	0.017150	0.004658	0.079753	0.030073	0.022543	0.007358	
0.462468	0.000827	0.124728	0.005244	0.018608	0.031335	0.062539	0.041658	0.051760	0.017950	0.026373	0.034445	0.038605	0.046646	0.036813	
0.330251	0.001062	0.045606	0.003691	0.038491	0.034218	0.136879	0.034848	0.211613	0.013661	0.018841	0.072177	0.014182	0.017603	0.026879	
0.331269	0.002715	0.114663	0.000800	0.009990	0.027149	0.048785	0.022911	0.114885	0.029875	0.011374	0.031520	0.026486	0.210332	0.017247	
0.407883	0.001868	0.100214	0.003808	0.008857	0.033803	0.053844	0.020402	0.076716	0.021349	0.023490	0.024766	0.021902	0.167870	0.033226	
0.286628	0.003281	0.096756	0.002509	0.013337	0.048407	0.031791	0.032065	0.197033	0.038422	0.024164	0.052073	0.046841	0.086950	0.039744	
0.210055	0.001352	0.114000	0.001040	0.007288	0.043744	0.032052	0.016601	0.244666	0.017384	0.020426	0.060671	0.050467	0.144618	0.035636	
0.270939	0.000981	0.098034	0.003876	0.005167	0.052930	0.033262	0.011322	0.217121	0.010937	0.032852	0.054363	0.044393	0.111243	0.052582	
0.433515	0.004461	0.162752	0.001420	0.027456	0.019968	0.048252	0.066525	0.030992	0.053848	0.007087	0.033476	0.045732	0.054950	0.009566	
0.417059	0.000810	0.209221	0.000716	0.019510	0.007028	0.046953	0.055284	0.020545	0.020721	0.004075	0.035102	0.056624	0.101502	0.004852	
0.391512	0.001569	0.204372	0.000678	0.028454	0.011801	0.052475	0.068602	0.061699	0.030086	0.004071	0.050263	0.065464	0.022657	0.006297	
0.541210	0.001714	0.023576	0.001504	0.019105	0.014516	0.018788	0.111219	0.021100	0.102035	0.007255	0.010195	0.087460	0.030242	0.010082	
0.506072	0.001790	0.030332	0.001216	0.024127	0.014547	0.036485	0.105950	0.049972	0.093570	0.005625	0.020955	0.080275	0.021247	0.007837	
0.542444	0.000980	0.018800	0.000805	0.020200	0.009712	0.015275	0.123029	0.026486	0.107791	0.003669	0.012171	0.100489	0.012846	0.005303	
0.514887	0.004442	0.027696	0.005717	0.018732	0.044417	0.041815	0.062132	0.046948	0.073302	0.029522	0.016047	0.036506	0.035969	0.041869	
0.225146	0.001210	0.103975	0.000859	0.016268	0.037083	0.062150	0.021754	0.240456	0.015623	0.015753	0.065443	0.041287	0.125790	0.027202	
0.378772	0.002025	0.076943	0.003047	0.011216	0.037423	0.038865	0.039309	0.124373	0.040626	0.022236	0.033698	0.044214	0.113362	0.033894	
0.348552	0.001898	0.063786	0.003221	0.038325	0.031534	0.124575	0.042218	0.181387	0.022842	0.016026	0.066424	0.018624	0.017927	0.022662	
0.338670	0.001083	0.072630	0.000803	0.031009	0.016848	0.115813	0.039746	0.156505	0.023528	0.004714	0.054186	0.020262	0.118644	0.005561	
0.352528	0.002398	0.060541	0.001665	0.031635	0.025750	0.103259	0.045966	0.157646	0.037246	0.009761	0.052820	0.023580	0.081512	0.013694	
