0.489839	0.001096	0.013244	0.000794	0.038006	0.037250	0.035246	0.059982	0.016513	0.163059	0.003816	0.005609	0.015502	0.012317	0.107725	
0.404485	0.001033	0.152962	0.000985	0.028033	0.011347	0.039992	0.097794	0.063892	0.044835	0.004490	0.036374	0.052155	0.054144	0.007477	
0.400021	0.005000	0.072376	0.000976	0.035415	0.026103	0.025030	0.103621	0.057770	0.086555	0.016278	0.018173	0.077919	0.053188	0.021576	
0.527361	0.001245	0.014397	0.013248	0.005224	0.097615	0.226140	0.008677	0.022530	0.008986	0.039354	0.007722	0.006816	0.015423	0.005263	
0.399375	0.004350	0.079205	0.005211	0.021436	0.051003	0.097633	0.038075	0.108781	0.020038	0.026184	0.041827	0.024846	0.069596	0.012439	
0.424595	0.002440	0.060015	0.005047	0.011424	0.043091	0.095061	0.022363	0.141280	0.017062	0.020033	0.055544	0.019420	0.073778	0.008845	
0.383229	0.006410	0.044256	0.005685	0.022107	0.062146	0.098953	0.015992	0.141437	0.019316	0.033631	0.049069	0.014770	0.081546	0.021455	
0.324734	0.004361	0.140138	0.001462	0.018719	0.024743	0.059145	0.027502	0.146712	0.023257	0.015804	0.043061	0.034050	0.118868	0.017443	
0.366460	0.001211	0.146405	0.003108	0.006270	0.025370	0.094960	0.010961	0.135877	0.011428	0.011024	0.039944	0.024796	0.111998	0.010187	
0.262195	0.007735	0.151744	0.000825	0.026856	0.031427	0.048467	0.019146	0.168654	0.016570	0.024093	0.045061	0.029997	0.142276	0.024952	
0.283436	0.006009	0.146916	0.000836	0.020106	0.025684	0.050601	0.011198	0.181060	0.013880	0.018975	0.051879	0.025803	0.141604	0.022014	
0.293159	0.006568	0.143845	0.001915	0.024067	0.035012	0.064796	0.021894	0.150379	0.015688	0.023650	0.041307	0.029336	0.127500	0.020886	
0.358227	0.001975	0.162653	0.000858	0.020702	0.013555	0.050551	0.055717	0.109918	0.031406	0.006977	0.039960	0.039548	0.094134	0.013821	
0.387255	0.001256	0.184849	0.000609	0.031940	0.009028	0.039817	0.110811	0.039322	0.045015	0.004120	0.025866	0.059491	0.054875	0.005747	
0.346460	0.004169	0.160402	0.001301	0.031257	0.023467	0.049864	0.077331	0.079589	0.036747	0.014754	0.029298	0.049273	0.082233	0.013855	
0.507453	0.000786	0.011309	0.000619	0.025251	0.008891	0.009759	0.138591	0.022043	0.128122	0.002721	0.008710	0.114465	0.012421	0.008859	
0.473458	0.000850	0.020767	0.000694	0.017247	0.007753	0.010555	0.091766	0.116264	0.081449	0.003124	0.050988	0.075014	0.044845	0.005226	
0.487503	0.001599	0.020766	0.001363	0.026955	0.019717	0.026713	0.115673	0.029421	0.118737	0.007189	0.009995	0.091685	0.020763	0.021919	
0.480125	0.001880	0.018669	0.003474	0.030172	0.049740	0.074305	0.046988	0.036200	0.116397	0.013744	0.012568	0.015970	0.023186	0.076582	
0.366406	0.003561	0.109763	0.000811	0.023828	0.017604	0.028223	0.054054	0.157108	0.027225	0.011539	0.066552	0.031756	0.088755	0.012814	
0.266225	0.010918	0.097132	0.001032	0.039870	0.043789	0.026101	0.038795	0.175242	0.026952	0.034108	0.055411	0.032518	0.122582	0.029324	
0.364712	0.004958	0.059276	0.001946	0.017779	0.029252	0.038672	0.021595	0.206144	0.018724	0.018880	0.079198	0.021262	0.103386	0.014216	
0.410112	0.001933	0.041757	0.000750	0.012376	0.014079	0.017456	0.021108	0.223960	0.031465	0.006463	0.095705	0.012090	0.090336	0.020411	
0.419668	0.003195	0.045914	0.004057	0.017688	0.044159	0.078328	0.020171	0.140168	0.039364	0.019451	0.054179	0.011687	0.071302	0.030669	
