0.033835	0.703691	0.043404	0.021873	0.031442	0.134313	0.031442	
0.038619	0.347232	0.021873	0.160629	0.055366	0.275461	0.100820	
0.048420	0.678228	0.026786	0.026786	0.062843	0.125343	0.031593	
0.828912	0.028912	0.021769	0.040816	0.021769	0.021769	0.036054	
0.149274	0.035799	0.023978	0.040527	0.267477	0.170550	0.312394	
0.302224	0.042790	0.061658	0.035714	0.026280	0.377695	0.153639	
0.255657	0.035799	0.033435	0.045255	0.203647	0.023978	0.402229	
0.040816	0.217007	0.538435	0.033673	0.045578	0.040816	0.083673	
0.231113	0.204670	0.322459	0.024382	0.103709	0.077266	0.036401	
0.137943	0.091260	0.408213	0.042120	0.216567	0.051948	0.051948	
0.033356	0.066375	0.691375	0.023922	0.115903	0.028639	0.040431	
0.200348	0.036934	0.397909	0.034495	0.258885	0.024739	0.046690	
0.072425	0.184053	0.023588	0.030565	0.049169	0.577076	0.063123	
0.044518	0.025914	0.028239	0.030565	0.104983	0.653821	0.111960	
0.033277	0.049748	0.026218	0.049748	0.141513	0.635630	0.063866	
0.084886	0.063147	0.034161	0.693582	0.019669	0.063147	0.041408	
0.119104	0.097727	0.021717	0.563285	0.031218	0.038344	0.128605	
0.057897	0.038712	0.036314	0.782117	0.021925	0.024323	0.038712	
0.224150	0.417007	0.052721	0.138435	0.109864	0.024150	0.033673	
0.087808	0.057075	0.139818	0.040527	0.593718	0.049983	0.031071	
0.156737	0.154367	0.147258	0.140149	0.303656	0.026405	0.071429	
0.201331	0.103291	0.039566	0.034664	0.081232	0.110644	0.429272	
0.036577	0.043823	0.060732	0.111456	0.198413	0.038992	0.510007	
0.211741	0.083475	0.142857	0.161860	0.092976	0.038344	0.268748	
