0.488960	0.002174	0.021169	0.002309	0.049569	0.021158	0.073560	0.039582	0.025985	0.110860	0.008119	0.010201	0.009046	0.015496	0.121812	
0.458128	0.005302	0.069811	0.005453	0.019548	0.061501	0.101661	0.066691	0.035630	0.039477	0.018906	0.018663	0.030197	0.058056	0.010978	
0.488497	0.004125	0.077734	0.004538	0.019495	0.047792	0.081309	0.070851	0.042849	0.050208	0.015506	0.020203	0.034521	0.031145	0.011227	
0.432522	0.007321	0.053215	0.007572	0.020156	0.077156	0.123111	0.050496	0.067100	0.015315	0.028785	0.023020	0.019396	0.066947	0.007887	
0.403247	0.005851	0.070638	0.005343	0.018948	0.050928	0.084224	0.048766	0.111781	0.028925	0.026346	0.029845	0.033769	0.072815	0.008573	
0.450019	0.005942	0.071960	0.006046	0.017723	0.059797	0.098097	0.052928	0.072038	0.029052	0.024247	0.022503	0.026718	0.055386	0.007541	
0.440471	0.004270	0.071188	0.004962	0.026174	0.046279	0.074587	0.034594	0.156758	0.013842	0.022671	0.060906	0.016607	0.015133	0.011557	
0.379046	0.001977	0.137165	0.000750	0.016431	0.035116	0.062156	0.031073	0.104054	0.028385	0.007391	0.059427	0.025211	0.100713	0.011105	
0.338857	0.003027	0.177216	0.000739	0.006231	0.060920	0.104321	0.009735	0.035059	0.009897	0.004218	0.050238	0.008313	0.183104	0.008127	
0.319240	0.003088	0.084231	0.001765	0.028062	0.016337	0.032401	0.022651	0.235104	0.026263	0.022439	0.075041	0.035881	0.074963	0.022535	
0.297592	0.003308	0.099672	0.001415	0.024064	0.023485	0.044446	0.019506	0.205720	0.024033	0.020331	0.069777	0.034247	0.111301	0.021104	
0.291933	0.002853	0.092263	0.001090	0.027203	0.010476	0.023328	0.016763	0.257242	0.024582	0.022666	0.080487	0.038565	0.088890	0.021660	
0.456850	0.001893	0.150651	0.000796	0.007796	0.023780	0.049360	0.047108	0.048056	0.057887	0.005844	0.024603	0.037009	0.079085	0.009281	
0.436762	0.002749	0.135222	0.001638	0.009387	0.027625	0.053047	0.048175	0.069287	0.051409	0.010777	0.026437	0.039329	0.081745	0.006411	
0.442480	0.001990	0.129808	0.001043	0.011745	0.010534	0.025785	0.051311	0.114548	0.058358	0.011854	0.033748	0.047957	0.053180	0.005660	
0.442033	0.000828	0.017021	0.000566	0.033941	0.004492	0.010028	0.180312	0.028495	0.129904	0.003272	0.008672	0.115406	0.016630	0.008400	
0.467318	0.002219	0.082427	0.001921	0.019730	0.027739	0.050062	0.106322	0.022105	0.082015	0.006657	0.014469	0.064630	0.045010	0.007375	
0.434929	0.001259	0.028380	0.000843	0.038161	0.007796	0.027618	0.119242	0.054937	0.114520	0.006162	0.017790	0.075705	0.026945	0.045713	
0.463574	0.001221	0.023202	0.000785	0.053573	0.008078	0.059612	0.032270	0.036522	0.124707	0.004935	0.012516	0.010120	0.028537	0.140349	
0.229529	0.003707	0.102290	0.000667	0.022318	0.018439	0.037060	0.019160	0.225166	0.026798	0.022700	0.068024	0.046176	0.157709	0.020257	
0.305178	0.003192	0.104927	0.001095	0.019990	0.020275	0.038159	0.036599	0.182027	0.035046	0.018723	0.058346	0.047338	0.117099	0.012006	
0.347485	0.002322	0.122698	0.000732	0.017905	0.018706	0.035682	0.031434	0.170850	0.032651	0.014509	0.062437	0.039293	0.094008	0.009289	
0.411697	0.002268	0.125350	0.000914	0.012585	0.007898	0.022054	0.048717	0.133744	0.058120	0.014152	0.035258	0.051623	0.067976	0.007644	
0.347272	0.004510	0.110375	0.002917	0.017148	0.051205	0.089076	0.025196	0.097934	0.022356	0.017353	0.043775	0.021865	0.130525	0.018494	
