0.035969	0.221242	0.028843	0.045470	0.019342	0.031218	0.617917	
0.188571	0.160336	0.045042	0.179160	0.059160	0.052101	0.315630	
0.174680	0.353857	0.039087	0.131097	0.102041	0.056036	0.143203	
0.477561	0.031518	0.033916	0.031518	0.067489	0.045906	0.312093	
0.030997	0.097035	0.193733	0.212601	0.163073	0.073450	0.229111	
0.206500	0.031144	0.035884	0.351049	0.073798	0.019296	0.282329	
0.371496	0.267477	0.165822	0.061803	0.042891	0.045255	0.045255	
0.050581	0.105605	0.031442	0.574504	0.031442	0.174983	0.031442	
0.542513	0.087091	0.019621	0.038898	0.041308	0.209983	0.060585	
0.225527	0.126254	0.031823	0.039087	0.034244	0.436181	0.106883	
0.295417	0.159585	0.019070	0.030780	0.023754	0.375042	0.096353	
0.272854	0.139034	0.029545	0.046576	0.287452	0.187696	0.036844	
0.039591	0.125041	0.039591	0.030353	0.030353	0.596173	0.138898	
0.126207	0.102897	0.025974	0.158841	0.119214	0.419913	0.046953	
0.040336	0.068571	0.037983	0.193277	0.256807	0.320336	0.082689	
0.048304	0.283316	0.554299	0.024323	0.036314	0.031518	0.021925	
0.044036	0.153259	0.522191	0.201803	0.019764	0.027046	0.031900	
0.033916	0.271326	0.321686	0.038712	0.021925	0.021925	0.290510	
0.372656	0.200818	0.105353	0.024207	0.107740	0.040914	0.148312	
0.016886	0.255657	0.021614	0.080716	0.572442	0.026342	0.026342	
0.193197	0.040816	0.140816	0.195578	0.357483	0.038435	0.033673	
0.366852	0.194521	0.291609	0.063454	0.029473	0.034327	0.019764	
0.060295	0.388832	0.101062	0.264132	0.117849	0.041110	0.026721	
0.269388	0.021769	0.374150	0.028912	0.040816	0.055102	0.209864	
