0.438596	0.001245	0.032905	0.000701	0.046842	0.047072	0.075876	0.090992	0.017335	0.118658	0.003019	0.009379	0.016932	0.011838	0.088611	
0.493438	0.010979	0.051288	0.001072	0.022070	0.019760	0.035295	0.090686	0.051523	0.109056	0.008802	0.025704	0.026625	0.027703	0.026001	
0.526263	0.011920	0.034195	0.000760	0.022484	0.022655	0.037468	0.103062	0.020349	0.129444	0.007946	0.010534	0.020973	0.014004	0.037941	
0.471547	0.000837	0.036659	0.009325	0.009266	0.086498	0.167680	0.012646	0.090687	0.010369	0.023535	0.020883	0.012701	0.041442	0.005925	
0.353889	0.003126	0.084063	0.004450	0.028429	0.041237	0.085024	0.029711	0.160154	0.028525	0.013215	0.072279	0.022344	0.068003	0.005552	
0.436644	0.005202	0.064662	0.004978	0.020892	0.048083	0.094808	0.040818	0.104051	0.047166	0.014259	0.044481	0.021208	0.042916	0.009830	
0.444567	0.000842	0.047356	0.007029	0.016374	0.068705	0.132895	0.028851	0.097904	0.023060	0.018777	0.030767	0.023584	0.046409	0.012880	
0.363460	0.004745	0.102079	0.001303	0.018277	0.024252	0.042089	0.052029	0.113561	0.057981	0.023504	0.023455	0.030266	0.113559	0.029440	
0.306768	0.001707	0.109375	0.002174	0.017707	0.034927	0.061515	0.032702	0.141978	0.036642	0.030391	0.021284	0.021527	0.147069	0.034233	
0.279994	0.001203	0.134562	0.001526	0.015157	0.029271	0.049557	0.025513	0.149716	0.028688	0.034504	0.017098	0.026909	0.171731	0.034570	
0.285619	0.001760	0.118930	0.001636	0.013658	0.030871	0.052278	0.031221	0.149825	0.034309	0.035600	0.013195	0.021419	0.173988	0.035690	
0.186923	0.001064	0.137606	0.001232	0.021863	0.020966	0.039527	0.017652	0.228873	0.014440	0.034096	0.053940	0.016159	0.202752	0.022907	
0.418994	0.001916	0.177935	0.001165	0.029347	0.017671	0.032423	0.032018	0.063152	0.035704	0.006899	0.046337	0.077946	0.038651	0.019843	
0.409571	0.002857	0.181812	0.001385	0.023357	0.014251	0.027855	0.027950	0.081579	0.026847	0.010867	0.048126	0.078140	0.056942	0.008462	
0.407169	0.003858	0.171062	0.001089	0.026148	0.011799	0.023865	0.034909	0.087340	0.036125	0.008678	0.054160	0.072673	0.051950	0.009174	
0.553899	0.002057	0.029955	0.000911	0.010278	0.007864	0.015670	0.119935	0.038435	0.058671	0.003948	0.023662	0.110577	0.020087	0.004052	
0.561721	0.005715	0.030448	0.002954	0.010381	0.029997	0.056394	0.094071	0.026040	0.072614	0.008993	0.012974	0.065863	0.010709	0.011126	
0.545422	0.001729	0.020366	0.000935	0.016544	0.018646	0.031801	0.118968	0.021422	0.075764	0.004284	0.012301	0.090887	0.015236	0.025695	
0.455855	0.001820	0.033105	0.003090	0.026666	0.049824	0.088262	0.073230	0.051758	0.076581	0.012457	0.012093	0.028336	0.038219	0.048703	
0.284039	0.001964	0.101464	0.001020	0.038695	0.009323	0.026252	0.052327	0.204179	0.031164	0.006008	0.102399	0.046922	0.089397	0.004845	
0.328315	0.005187	0.093396	0.000765	0.019560	0.012680	0.024709	0.059534	0.158587	0.051486	0.021649	0.046774	0.033997	0.127549	0.015812	
0.351257	0.002098	0.109309	0.003093	0.028999	0.029060	0.060811	0.034046	0.151527	0.025133	0.011411	0.072144	0.043393	0.071500	0.006219	
0.407783	0.011161	0.065829	0.001436	0.025472	0.014688	0.032139	0.072226	0.128324	0.086725	0.010366	0.060582	0.015738	0.058971	0.008559	
0.413541	0.003109	0.064803	0.005113	0.021566	0.051605	0.100651	0.036791	0.113346	0.038076	0.016188	0.042990	0.022329	0.055699	0.014192	
