0.019342	0.076349	0.639294	0.028843	0.028843	0.166610	0.040719	
0.119104	0.016966	0.601289	0.024092	0.066848	0.142857	0.028843	
0.089072	0.067489	0.276122	0.026721	0.465570	0.045906	0.029120	
0.047732	0.026405	0.024035	0.021666	0.021666	0.024035	0.834462	
0.064168	0.180007	0.191827	0.130361	0.109085	0.059439	0.265113	
0.054841	0.123561	0.215978	0.057211	0.133040	0.083277	0.332092	
0.136054	0.174150	0.024150	0.174150	0.097959	0.055102	0.338435	
0.094454	0.247395	0.155630	0.033277	0.042689	0.386218	0.040336	
0.031293	0.200340	0.033673	0.047959	0.024150	0.502721	0.159864	
0.029402	0.530612	0.039087	0.039087	0.039087	0.220685	0.102041	
0.019070	0.302442	0.033121	0.049515	0.035463	0.529609	0.030780	
0.378397	0.378397	0.024739	0.024739	0.027178	0.022300	0.144251	
0.025616	0.188834	0.499179	0.021018	0.048604	0.184236	0.032512	
0.321178	0.030780	0.346939	0.035463	0.035463	0.206424	0.023754	
0.266218	0.160336	0.426218	0.033277	0.049748	0.033277	0.030924	
0.045687	0.021821	0.028981	0.086260	0.721105	0.050460	0.045687	
0.017047	0.024207	0.119673	0.036140	0.737811	0.036140	0.028981	
0.168208	0.024323	0.041110	0.041110	0.520726	0.175403	0.029120	
0.042993	0.088016	0.038253	0.035884	0.351049	0.272850	0.170955	
0.430598	0.203647	0.023978	0.047619	0.184735	0.071260	0.038163	
0.340055	0.177375	0.052973	0.060150	0.244361	0.069720	0.055366	
0.029260	0.176248	0.022031	0.491910	0.024441	0.022031	0.234079	
0.031670	0.034079	0.031670	0.773838	0.043718	0.058176	0.026850	
0.033835	0.088859	0.021873	0.481203	0.045796	0.304170	0.024265	
