0.583736	0.001217	0.013489	0.000640	0.095524	0.047870	0.063186	0.055766	0.013509	0.090745	0.006677	0.005509	0.008065	0.010457	0.003609	
0.504388	0.013436	0.064831	0.000743	0.019822	0.009580	0.043586	0.101588	0.045189	0.095460	0.012559	0.023323	0.035162	0.024279	0.006055	
0.505061	0.013992	0.055974	0.001187	0.014052	0.012550	0.050216	0.104984	0.049396	0.098008	0.009404	0.020247	0.029023	0.027924	0.007981	
0.343017	0.001229	0.065109	0.006806	0.012496	0.047295	0.123132	0.022390	0.192122	0.019420	0.021169	0.062468	0.017468	0.053728	0.012151	
0.362420	0.001820	0.094333	0.005144	0.019980	0.033591	0.098554	0.027346	0.160252	0.022967	0.025034	0.064888	0.033848	0.043967	0.005856	
0.383531	0.001597	0.118717	0.004761	0.010568	0.030758	0.092759	0.034952	0.128656	0.027256	0.014795	0.057615	0.031836	0.056637	0.005563	
0.390457	0.000958	0.043655	0.006174	0.034051	0.050870	0.122214	0.022866	0.169679	0.030416	0.020984	0.054747	0.010897	0.034882	0.007150	
0.501088	0.016323	0.053942	0.000733	0.007635	0.014941	0.045729	0.112492	0.041594	0.104753	0.004340	0.010988	0.020388	0.047436	0.017617	
0.259399	0.004775	0.111092	0.000704	0.015440	0.057728	0.036571	0.029631	0.129619	0.030748	0.007005	0.018306	0.014309	0.202028	0.082645	
0.285772	0.002463	0.113754	0.001075	0.025065	0.049160	0.039568	0.026139	0.129182	0.027485	0.014514	0.030961	0.029416	0.161905	0.063541	
0.204044	0.002818	0.124067	0.001043	0.009335	0.065786	0.037831	0.015400	0.152651	0.015189	0.006243	0.020548	0.012658	0.236153	0.096234	
0.332256	0.001339	0.113963	0.000881	0.065898	0.011974	0.032391	0.016060	0.152530	0.018272	0.057526	0.081029	0.085672	0.023060	0.007151	
0.400052	0.001722	0.168088	0.000527	0.022810	0.021859	0.032195	0.045362	0.050086	0.039970	0.007573	0.037137	0.047122	0.102094	0.023403	
0.399457	0.001135	0.180798	0.000860	0.018746	0.012895	0.032305	0.045639	0.055963	0.035134	0.012569	0.048145	0.060011	0.083429	0.012915	
0.398486	0.001712	0.175104	0.000761	0.028032	0.008608	0.031725	0.041939	0.066729	0.033087	0.021661	0.056411	0.066540	0.062736	0.006467	
0.551056	0.001212	0.029998	0.000600	0.017293	0.005164	0.012638	0.124815	0.023413	0.111983	0.006245	0.012834	0.086776	0.013132	0.002840	
0.566978	0.005072	0.022446	0.000573	0.014806	0.005842	0.019399	0.132075	0.016166	0.120469	0.003327	0.007388	0.071779	0.010793	0.002887	
0.534908	0.001335	0.026252	0.000905	0.014345	0.010889	0.017942	0.121285	0.032899	0.109129	0.004215	0.010650	0.079402	0.026666	0.009178	
0.374346	0.002154	0.073166	0.000694	0.017882	0.041198	0.027148	0.065775	0.087046	0.063158	0.004456	0.012490	0.041344	0.134458	0.054684	
0.382064	0.001225	0.067571	0.003305	0.028804	0.026630	0.063956	0.047190	0.142110	0.042657	0.029120	0.054539	0.057853	0.040549	0.012428	
0.354827	0.002542	0.091911	0.001956	0.025705	0.028726	0.045965	0.046028	0.126556	0.041193	0.024437	0.045779	0.053786	0.081373	0.029216	
0.337273	0.000932	0.048046	0.008176	0.014091	0.051192	0.144468	0.014368	0.220188	0.013000	0.025642	0.071056	0.011655	0.034877	0.005038	
0.425809	0.002119	0.080176	0.003948	0.012159	0.027635	0.076827	0.059834	0.109391	0.052011	0.012427	0.043608	0.041123	0.045599	0.007333	
0.318938	0.001817	0.068572	0.006213	0.009813	0.051428	0.114313	0.021853	0.192215	0.018942	0.018737	0.056132	0.014235	0.081343	0.025449	
