0.024150	0.688435	0.026531	0.047959	0.036054	0.021769	0.155102	
0.040527	0.499156	0.286390	0.026342	0.045255	0.049983	0.052347	
0.026786	0.618132	0.146978	0.026786	0.125343	0.021978	0.033997	
0.276531	0.036054	0.207483	0.064626	0.119388	0.019388	0.276531	
0.613544	0.047507	0.030997	0.082884	0.066375	0.035714	0.122978	
0.328167	0.064016	0.134771	0.130054	0.097035	0.099394	0.146563	
0.214454	0.113277	0.035630	0.045042	0.028571	0.023866	0.539160	
0.028912	0.024150	0.302721	0.300340	0.069388	0.221769	0.052721	
0.075224	0.024500	0.435128	0.179089	0.022084	0.058316	0.205659	
0.155687	0.034327	0.031900	0.383842	0.058599	0.044036	0.291609	
0.249154	0.042993	0.109343	0.339201	0.066689	0.054841	0.137779	
0.027178	0.029617	0.032056	0.566202	0.019861	0.024739	0.300348	
0.023533	0.185946	0.165065	0.466689	0.028174	0.081538	0.049055	
0.039960	0.025974	0.189144	0.527140	0.142524	0.037629	0.037629	
0.056146	0.118937	0.116611	0.621262	0.039867	0.021262	0.025914	
0.033916	0.060295	0.141829	0.029120	0.602261	0.072285	0.060295	
0.019527	0.072285	0.158616	0.021925	0.662213	0.043508	0.021925	
0.055366	0.062543	0.033835	0.017088	0.684552	0.036227	0.110390	
0.026850	0.077453	0.164200	0.031670	0.243718	0.048537	0.407573	
0.038344	0.076349	0.083475	0.028843	0.142857	0.596539	0.033593	
0.047732	0.019296	0.118822	0.137779	0.161476	0.324983	0.189912	
0.349014	0.177101	0.145624	0.072985	0.053615	0.097198	0.104462	
0.065562	0.266046	0.041408	0.077640	0.087302	0.425466	0.036577	
0.411266	0.097727	0.299627	0.024092	0.066848	0.057346	0.043095	
