0.518572	0.004623	0.012069	0.000674	0.071872	0.015502	0.041103	0.157655	0.016178	0.125297	0.002399	0.005944	0.009210	0.013386	0.005516	
0.482177	0.003068	0.056872	0.001127	0.036379	0.018929	0.032118	0.072628	0.052095	0.063690	0.013521	0.030869	0.042732	0.078953	0.014841	
0.405131	0.005231	0.053232	0.000761	0.029866	0.019007	0.053096	0.083863	0.104948	0.080690	0.009598	0.039396	0.029192	0.052944	0.033047	
0.551751	0.001058	0.016564	0.007214	0.028968	0.042861	0.125363	0.025083	0.068660	0.016758	0.020244	0.010810	0.032738	0.047189	0.004738	
0.296460	0.001838	0.093582	0.006344	0.019400	0.034679	0.132990	0.026630	0.146830	0.018336	0.035846	0.062833	0.031445	0.083816	0.008972	
0.281148	0.000975	0.125245	0.006336	0.018159	0.037633	0.106692	0.023079	0.120097	0.014465	0.040305	0.062952	0.044462	0.111752	0.006699	
0.399589	0.003151	0.019783	0.010804	0.031200	0.055818	0.182283	0.062610	0.089094	0.050828	0.030132	0.011747	0.010341	0.016674	0.025945	
0.349702	0.001896	0.130313	0.001156	0.014532	0.024674	0.037142	0.024215	0.125396	0.023520	0.022049	0.062287	0.055386	0.116207	0.011526	
0.583959	0.000845	0.061565	0.001840	0.021527	0.030541	0.032453	0.013718	0.061946	0.013512	0.008754	0.019306	0.058134	0.087714	0.004187	
0.344671	0.000861	0.184354	0.002403	0.009564	0.057658	0.039539	0.016361	0.158913	0.012774	0.007813	0.033152	0.049963	0.077578	0.004396	
0.316456	0.002267	0.182210	0.000834	0.010190	0.048776	0.019387	0.035016	0.154658	0.034310	0.006622	0.039857	0.050406	0.082471	0.016539	
0.244559	0.001321	0.182920	0.001816	0.011783	0.030979	0.034654	0.023989	0.138907	0.020276	0.030075	0.074434	0.059199	0.136526	0.008561	
0.405847	0.001779	0.131132	0.000944	0.014012	0.040166	0.045127	0.020873	0.159460	0.018837	0.004639	0.039174	0.044044	0.068244	0.005720	
0.332451	0.001234	0.160747	0.000697	0.011055	0.030602	0.027483	0.014391	0.144088	0.013257	0.018983	0.062786	0.058411	0.118494	0.005322	
0.306953	0.001975	0.151562	0.001781	0.012472	0.036670	0.054872	0.025156	0.164281	0.022290	0.017228	0.058152	0.045492	0.091398	0.009719	
0.514457	0.006423	0.016769	0.000897	0.027329	0.022149	0.016544	0.095162	0.024796	0.103185	0.004470	0.009259	0.042991	0.056295	0.059275	
0.521006	0.004854	0.031435	0.000624	0.024327	0.019975	0.020532	0.067749	0.046688	0.074148	0.006751	0.020482	0.047969	0.071196	0.042263	
0.424534	0.007172	0.042899	0.001372	0.024808	0.029179	0.029700	0.105527	0.058398	0.112704	0.004895	0.014459	0.034763	0.044310	0.065280	
0.420966	0.006808	0.039488	0.002650	0.027297	0.032698	0.044677	0.106671	0.050632	0.110879	0.008700	0.011744	0.032252	0.042146	0.062393	
0.334129	0.002855	0.109244	0.001754	0.020359	0.018145	0.039396	0.046848	0.091915	0.045142	0.028799	0.063671	0.053700	0.122346	0.021697	
0.281957	0.004085	0.116939	0.001740	0.017153	0.018340	0.032398	0.060263	0.088148	0.062759	0.030967	0.066381	0.054565	0.126623	0.037682	
0.416562	0.003557	0.044575	0.002126	0.017488	0.023433	0.115620	0.025706	0.192374	0.025016	0.009517	0.053606	0.020810	0.036161	0.013449	
0.328184	0.004651	0.085114	0.001052	0.015255	0.023758	0.080993	0.047471	0.182527	0.049160	0.011533	0.059728	0.027529	0.054968	0.028079	
0.445538	0.003354	0.052403	0.001978	0.018973	0.027733	0.092913	0.031497	0.162125	0.030898	0.007104	0.041687	0.027373	0.041081	0.015343	
