0.573730	0.005238	0.017789	0.000613	0.030272	0.059731	0.048071	0.054435	0.019426	0.069762	0.006445	0.014763	0.034689	0.014487	0.050549	
0.568936	0.004981	0.032578	0.000935	0.022043	0.044547	0.066343	0.074370	0.031541	0.075332	0.009142	0.010103	0.028581	0.023209	0.007357	
0.532284	0.008234	0.018296	0.001006	0.033526	0.033449	0.052837	0.111970	0.016771	0.092339	0.007906	0.005272	0.069300	0.012280	0.004528	
0.408376	0.002453	0.108861	0.009551	0.014925	0.035132	0.167196	0.016702	0.071758	0.023818	0.045126	0.012104	0.044368	0.032334	0.007297	
0.379802	0.000984	0.108685	0.011669	0.019895	0.011047	0.164700	0.033614	0.086354	0.023706	0.052569	0.018637	0.049862	0.034320	0.004156	
0.436126	0.001243	0.070449	0.007039	0.019444	0.015298	0.109295	0.050654	0.097040	0.042039	0.035242	0.033325	0.029252	0.049401	0.004154	
0.408630	0.000806	0.087130	0.010027	0.022987	0.028968	0.140264	0.012456	0.082849	0.020401	0.046013	0.027762	0.039966	0.033825	0.037918	
0.345936	0.002946	0.153526	0.000913	0.012156	0.041952	0.069067	0.034898	0.121359	0.040380	0.008604	0.029022	0.032388	0.098192	0.008658	
0.300161	0.001417	0.189194	0.000994	0.014029	0.049554	0.059791	0.007888	0.133082	0.024862	0.006695	0.032241	0.030401	0.110906	0.038785	
0.328583	0.001052	0.172981	0.001262	0.018831	0.047708	0.050756	0.012020	0.120055	0.028198	0.006664	0.031265	0.030459	0.099366	0.050801	
0.282656	0.001313	0.190303	0.000922	0.017834	0.042788	0.046477	0.016705	0.138365	0.027430	0.005428	0.035474	0.036303	0.114635	0.043368	
0.296073	0.000899	0.151300	0.003361	0.017601	0.035327	0.067553	0.013381	0.148099	0.022740	0.018326	0.047906	0.032371	0.106064	0.039000	
0.312539	0.001037	0.202517	0.000798	0.014147	0.024646	0.052521	0.051008	0.126813	0.042243	0.003900	0.020182	0.033302	0.109966	0.004382	
0.406444	0.001726	0.131528	0.000847	0.019322	0.020845	0.043541	0.071595	0.101636	0.058370	0.005550	0.023111	0.028813	0.082623	0.004051	
0.409235	0.001091	0.127658	0.001920	0.019735	0.016701	0.050907	0.069739	0.102515	0.055428	0.009978	0.024359	0.027007	0.078956	0.004770	
0.433004	0.010365	0.020942	0.000899	0.044537	0.014464	0.024495	0.145010	0.040304	0.101947	0.006316	0.016801	0.107283	0.028072	0.005561	
0.502272	0.009515	0.010760	0.000682	0.045674	0.013026	0.020515	0.154003	0.012616	0.109858	0.003762	0.004997	0.097107	0.009998	0.005215	
0.481003	0.008233	0.021769	0.000848	0.046557	0.026306	0.015676	0.119861	0.023389	0.093431	0.004001	0.013685	0.089396	0.017695	0.038150	
0.544543	0.001541	0.025146	0.001727	0.031431	0.062383	0.035342	0.014017	0.053713	0.045958	0.010719	0.037353	0.012402	0.032552	0.091172	
0.221269	0.003621	0.064615	0.002072	0.016906	0.011293	0.037010	0.050308	0.234783	0.036999	0.022544	0.105298	0.040008	0.149132	0.004143	
0.298638	0.002368	0.052873	0.001469	0.017314	0.020360	0.030561	0.041523	0.207557	0.038683	0.018679	0.096712	0.022390	0.132224	0.018649	
0.276421	0.001283	0.061041	0.000960	0.013901	0.031430	0.026217	0.012741	0.230356	0.025088	0.017812	0.109457	0.008889	0.148941	0.035465	
0.335011	0.001029	0.055056	0.001484	0.016584	0.007322	0.025723	0.059801	0.199954	0.046628	0.017409	0.089867	0.012236	0.127706	0.004191	
0.360322	0.002980	0.048173	0.000970	0.009500	0.048459	0.058559	0.010134	0.180191	0.031650	0.018315	0.084584	0.007828	0.116163	0.022173	
