0.019481	0.026658	0.330485	0.194122	0.024265	0.019481	0.385509	
0.102721	0.162245	0.028912	0.174150	0.064626	0.069388	0.397959	
0.082670	0.167416	0.026980	0.029402	0.029402	0.039087	0.625043	
0.604604	0.239675	0.031144	0.031144	0.024035	0.035884	0.033514	
0.520432	0.057075	0.028707	0.045255	0.042891	0.260385	0.045255	
0.444520	0.088225	0.062097	0.057346	0.031218	0.249746	0.066848	
0.322689	0.056807	0.106218	0.026218	0.430924	0.033277	0.023866	
0.028843	0.171361	0.185612	0.254496	0.045470	0.202240	0.111978	
0.055766	0.142513	0.337694	0.246127	0.026850	0.169019	0.022031	
0.027112	0.031978	0.340980	0.338547	0.049009	0.175530	0.036844	
0.037805	0.037805	0.318836	0.288391	0.075276	0.215791	0.026096	
0.154384	0.019909	0.293748	0.225288	0.056584	0.222843	0.027244	
0.037542	0.028239	0.025914	0.784053	0.025914	0.070100	0.028239	
0.037629	0.163503	0.028305	0.382617	0.028305	0.310356	0.049284	
0.094011	0.030780	0.028438	0.510873	0.058883	0.208765	0.068250	
0.036314	0.554299	0.024323	0.026721	0.026721	0.036314	0.295307	
0.019574	0.139766	0.024382	0.029190	0.026786	0.033997	0.726305	
0.019481	0.064935	0.184552	0.029050	0.098428	0.041012	0.562543	
0.081293	0.202721	0.459864	0.028912	0.167007	0.026531	0.033673	
0.045687	0.239004	0.026594	0.036140	0.055234	0.549267	0.048074	
0.036140	0.105353	0.126833	0.026594	0.155472	0.406069	0.143539	
0.044036	0.167822	0.075589	0.039182	0.541609	0.109570	0.022191	
0.048537	0.048537	0.017212	0.043718	0.347332	0.397935	0.096730	
0.026594	0.227071	0.110126	0.028981	0.384589	0.129219	0.093420	
