0.475537	0.004705	0.038953	0.000771	0.021276	0.054964	0.075922	0.087949	0.032318	0.098385	0.024733	0.009380	0.020960	0.014541	0.039606	
0.464944	0.007223	0.034672	0.000753	0.013779	0.019897	0.015837	0.133972	0.058431	0.150047	0.013208	0.023468	0.034168	0.024211	0.005391	
0.495975	0.008513	0.025057	0.000690	0.007783	0.028882	0.014574	0.149553	0.025157	0.175307	0.015173	0.008833	0.015587	0.018263	0.010654	
0.382577	0.002708	0.084143	0.003293	0.015994	0.035545	0.161161	0.022225	0.092596	0.020265	0.040192	0.030550	0.015414	0.064430	0.028905	
0.326780	0.001205	0.084724	0.001169	0.027065	0.007433	0.184769	0.026644	0.138901	0.011060	0.045720	0.056372	0.057775	0.023877	0.006503	
0.370928	0.002442	0.080953	0.002484	0.021666	0.032826	0.146550	0.028353	0.107356	0.023079	0.036792	0.038838	0.029340	0.051924	0.026469	
0.434877	0.001110	0.052889	0.001086	0.041554	0.111675	0.106844	0.012566	0.057329	0.010076	0.026598	0.015725	0.012567	0.020816	0.094287	
0.374118	0.002771	0.144903	0.001679	0.018852	0.020117	0.053365	0.051391	0.094817	0.048209	0.011837	0.032879	0.039176	0.094143	0.011741	
0.362396	0.003211	0.175688	0.002240	0.012689	0.035922	0.061094	0.037292	0.078695	0.041189	0.013016	0.022570	0.010434	0.119603	0.023961	
0.346735	0.001160	0.169764	0.001047	0.025640	0.035134	0.073205	0.025213	0.099043	0.016783	0.014219	0.033842	0.038534	0.093429	0.026253	
0.334008	0.001955	0.153762	0.002399	0.024358	0.033052	0.058046	0.022319	0.128724	0.014380	0.010959	0.045437	0.035761	0.109955	0.024888	
0.314904	0.000805	0.160696	0.000702	0.030153	0.026866	0.087868	0.021727	0.130126	0.008195	0.018046	0.049071	0.051353	0.079228	0.020261	
0.360241	0.003861	0.172373	0.002520	0.010599	0.027098	0.044575	0.046903	0.088376	0.051908	0.009627	0.027076	0.013411	0.125787	0.015645	
0.332485	0.002357	0.205027	0.001546	0.016025	0.015771	0.039053	0.039249	0.102824	0.035634	0.005663	0.034393	0.033976	0.128998	0.006999	
0.307659	0.001413	0.157401	0.001013	0.032542	0.020889	0.035238	0.033077	0.156344	0.018553	0.005278	0.060710	0.062326	0.093257	0.014298	
0.549863	0.001508	0.015346	0.001058	0.033318	0.006621	0.009323	0.101419	0.046538	0.085411	0.003346	0.018589	0.103779	0.019452	0.004430	
0.584040	0.001098	0.016194	0.000585	0.032469	0.005926	0.011467	0.108210	0.015831	0.092299	0.003626	0.005774	0.106908	0.011771	0.003803	
0.551961	0.001697	0.021004	0.000747	0.033338	0.029820	0.020870	0.093993	0.026166	0.083675	0.006660	0.008572	0.083050	0.015183	0.023265	
0.463122	0.003190	0.029177	0.001914	0.041342	0.118741	0.016248	0.040603	0.066853	0.045385	0.006512	0.019289	0.010360	0.039923	0.097339	
0.313984	0.005183	0.042711	0.007409	0.021287	0.007939	0.012852	0.030519	0.246627	0.020941	0.003837	0.095079	0.046044	0.139443	0.006144	
0.368071	0.004310	0.058037	0.005375	0.022233	0.035046	0.037865	0.034125	0.165985	0.030367	0.010067	0.060688	0.030558	0.109413	0.027860	
0.313315	0.004677	0.062689	0.007135	0.019038	0.013692	0.038199	0.020428	0.226182	0.012074	0.009159	0.085280	0.035887	0.141107	0.011138	
0.356605	0.005581	0.068786	0.005041	0.012789	0.015729	0.054252	0.052719	0.158776	0.055104	0.016104	0.058872	0.024090	0.106737	0.008815	
0.339483	0.004800	0.067885	0.007101	0.013919	0.033640	0.072950	0.012831	0.180503	0.011886	0.018130	0.063709	0.008991	0.136653	0.027520	
