0.028707	0.021614	0.033435	0.023978	0.033435	0.815941	0.042891	
0.153277	0.362689	0.096807	0.026218	0.092101	0.181513	0.087395	
0.091033	0.272417	0.298670	0.036140	0.088646	0.181725	0.031367	
0.179768	0.026658	0.033835	0.026658	0.110390	0.143882	0.478811	
0.083873	0.296284	0.036140	0.052847	0.188885	0.074327	0.267644	
0.147258	0.327353	0.028775	0.031144	0.031144	0.054841	0.379485	
0.047395	0.026218	0.565042	0.030924	0.035630	0.026218	0.268571	
0.026531	0.038435	0.495578	0.257483	0.021769	0.031293	0.128912	
0.460585	0.022031	0.041308	0.132874	0.022031	0.070224	0.250947	
0.056036	0.060879	0.056036	0.361121	0.026980	0.261847	0.177101	
0.192824	0.023810	0.152918	0.340711	0.051979	0.197518	0.040241	
0.041914	0.125044	0.178833	0.374432	0.019909	0.037024	0.222843	
0.025734	0.397559	0.168921	0.076542	0.018806	0.268228	0.044210	
0.165449	0.537542	0.063123	0.098007	0.037542	0.058472	0.039867	
0.051857	0.442958	0.178321	0.105721	0.126798	0.068250	0.026096	
0.093868	0.057897	0.204180	0.021925	0.578280	0.024323	0.019527	
0.065404	0.031670	0.207573	0.017212	0.617212	0.038898	0.022031	
0.047959	0.031293	0.076531	0.024150	0.562245	0.171769	0.086054	
0.119959	0.064935	0.052973	0.079289	0.186945	0.325701	0.170198	
0.080716	0.038163	0.149274	0.449510	0.220196	0.021614	0.040527	
0.028912	0.164626	0.036054	0.407483	0.128912	0.024150	0.209864	
0.332871	0.027046	0.061026	0.056172	0.252774	0.046463	0.223648	
0.031670	0.113597	0.624441	0.113597	0.055766	0.022031	0.038898	
0.372326	0.029331	0.051070	0.051070	0.302277	0.154934	0.038992	
