0.426130	0.008832	0.048481	0.000990	0.016148	0.074099	0.017291	0.073702	0.040873	0.120700	0.005560	0.016472	0.021959	0.025944	0.102819	
0.435878	0.003169	0.090786	0.000853	0.027803	0.032367	0.044853	0.077366	0.058686	0.073671	0.004841	0.029026	0.043868	0.041845	0.034989	
0.442611	0.006759	0.044206	0.001090	0.017188	0.060567	0.028808	0.080263	0.031421	0.111246	0.005730	0.013850	0.026418	0.048894	0.080950	
0.648165	0.000881	0.016909	0.015145	0.004124	0.066643	0.076534	0.010516	0.016940	0.010275	0.092335	0.006421	0.006970	0.023338	0.004803	
0.365413	0.001420	0.085441	0.002545	0.026419	0.031253	0.111061	0.031009	0.183545	0.017909	0.015809	0.063919	0.030840	0.029433	0.003984	
0.462239	0.001114	0.094369	0.005580	0.019433	0.032875	0.076121	0.036246	0.061733	0.025373	0.033946	0.028365	0.028858	0.087143	0.006605	
0.372909	0.001097	0.024422	0.004162	0.018765	0.046260	0.153510	0.016708	0.226226	0.011036	0.024843	0.070072	0.010933	0.013975	0.005081	
0.274453	0.004905	0.132244	0.001224	0.016282	0.022219	0.056140	0.024978	0.122134	0.033624	0.008774	0.040532	0.034646	0.203260	0.024584	
0.342039	0.003788	0.119124	0.002403	0.013982	0.029469	0.063911	0.029673	0.066025	0.038203	0.014840	0.026321	0.025073	0.196991	0.028156	
0.298500	0.006180	0.127965	0.002281	0.022323	0.028164	0.031872	0.029242	0.167215	0.037474	0.016636	0.053179	0.048509	0.103795	0.026664	
0.224377	0.007856	0.146457	0.001105	0.023930	0.023487	0.019176	0.021843	0.220503	0.034534	0.010743	0.066623	0.056982	0.113886	0.028497	
0.280636	0.006109	0.135006	0.004122	0.023150	0.023202	0.032145	0.011384	0.224491	0.012557	0.029282	0.067539	0.055622	0.087254	0.007500	
0.423547	0.003261	0.152168	0.000758	0.031549	0.026099	0.024765	0.068394	0.030114	0.062271	0.005035	0.027274	0.050191	0.061265	0.033309	
0.410855	0.000740	0.200546	0.000679	0.035704	0.004446	0.033033	0.060801	0.016527	0.033394	0.004755	0.028944	0.058094	0.108625	0.002857	
0.410627	0.001384	0.160661	0.000793	0.038191	0.015049	0.047174	0.062300	0.088445	0.037550	0.005711	0.046842	0.057914	0.020501	0.006858	
0.491326	0.001296	0.044561	0.000722	0.029624	0.006064	0.021872	0.120455	0.036963	0.091218	0.003805	0.015174	0.069360	0.063148	0.004411	
0.495196	0.001024	0.029777	0.000800	0.029677	0.012877	0.040420	0.116609	0.056098	0.089075	0.003895	0.021139	0.062393	0.034070	0.006951	
0.545406	0.000955	0.016321	0.001015	0.031364	0.009529	0.016627	0.138501	0.022727	0.106220	0.005123	0.010290	0.072718	0.016594	0.006610	
0.509894	0.005352	0.020555	0.004245	0.014758	0.060178	0.032548	0.076782	0.023443	0.097898	0.025052	0.008891	0.026889	0.031161	0.062355	
0.246543	0.005673	0.144494	0.001319	0.026612	0.009257	0.028741	0.029423	0.216571	0.023718	0.011771	0.066278	0.064192	0.121071	0.004338	
0.371107	0.004421	0.093980	0.002911	0.019645	0.026772	0.039435	0.048059	0.108491	0.049125	0.019002	0.035048	0.044450	0.116018	0.021538	
0.381181	0.001625	0.036943	0.003329	0.019264	0.045330	0.134671	0.027519	0.185998	0.025193	0.019580	0.059882	0.013954	0.030703	0.014827	
0.317633	0.001313	0.063746	0.001306	0.018119	0.026493	0.130171	0.029747	0.172583	0.022185	0.007246	0.055319	0.019729	0.129215	0.005194	
0.354828	0.003150	0.038961	0.001625	0.016932	0.047913	0.119304	0.036606	0.159808	0.046401	0.008893	0.051058	0.012352	0.067784	0.034385	
