0.552126	0.001177	0.017966	0.000793	0.045775	0.013365	0.025159	0.142975	0.022716	0.115737	0.003084	0.006056	0.031380	0.015828	0.005861	
0.480116	0.003430	0.060411	0.001108	0.036574	0.010349	0.039907	0.106889	0.054249	0.082801	0.003264	0.025386	0.025959	0.061852	0.007705	
0.493229	0.003155	0.041458	0.001836	0.032036	0.015267	0.035352	0.105750	0.037667	0.099108	0.006323	0.012181	0.046611	0.043364	0.026660	
0.446007	0.003653	0.060640	0.005697	0.025807	0.047176	0.141653	0.018478	0.054019	0.011872	0.056584	0.045483	0.008906	0.065489	0.008537	
0.334741	0.001660	0.089292	0.003510	0.027027	0.030839	0.108327	0.035387	0.129435	0.017399	0.034153	0.073537	0.015746	0.092088	0.006857	
0.381013	0.003012	0.067725	0.004365	0.025468	0.035251	0.118208	0.034188	0.097076	0.021911	0.040643	0.056450	0.016135	0.086306	0.012248	
0.446255	0.000824	0.043300	0.005956	0.026288	0.073772	0.139986	0.010869	0.088722	0.009226	0.064903	0.038379	0.015675	0.028574	0.007273	
0.465399	0.016122	0.141143	0.002775	0.005513	0.012118	0.067847	0.013543	0.041009	0.012886	0.001894	0.008073	0.012058	0.176431	0.023188	
0.414044	0.007737	0.111539	0.002866	0.014298	0.042188	0.070540	0.018775	0.110541	0.016952	0.017039	0.026191	0.023770	0.106888	0.016631	
0.311565	0.000957	0.065632	0.002031	0.012032	0.095985	0.043592	0.015792	0.269956	0.017238	0.017961	0.019161	0.046570	0.060949	0.020580	
0.277389	0.002715	0.072018	0.000941	0.006038	0.100122	0.019009	0.014760	0.318913	0.014879	0.002780	0.008965	0.049864	0.087752	0.023856	
0.396870	0.001206	0.122319	0.002559	0.021466	0.059314	0.059465	0.018557	0.138917	0.021883	0.024540	0.044405	0.038052	0.039810	0.010637	
0.461210	0.003588	0.193201	0.001197	0.025933	0.010001	0.027175	0.039483	0.032632	0.046166	0.003408	0.057003	0.043524	0.044546	0.010934	
0.431769	0.003422	0.184501	0.001611	0.024602	0.010130	0.039088	0.035436	0.045663	0.041591	0.007416	0.063013	0.042811	0.055130	0.013818	
0.460044	0.000933	0.190414	0.002041	0.029377	0.019452	0.047029	0.029764	0.029813	0.038280	0.018127	0.068897	0.042238	0.017205	0.006387	
0.460901	0.002305	0.033165	0.002644	0.022622	0.006949	0.020400	0.104462	0.018176	0.129965	0.004181	0.009456	0.090332	0.028554	0.065887	
0.420213	0.002273	0.067985	0.002255	0.021436	0.006083	0.022408	0.088336	0.045021	0.109660	0.002377	0.027129	0.083162	0.043967	0.057695	
0.401213	0.000774	0.027543	0.002394	0.018838	0.028220	0.016142	0.091169	0.092618	0.116677	0.004607	0.011025	0.093819	0.029290	0.065669	
0.440527	0.002878	0.041796	0.003131	0.019811	0.020862	0.039048	0.080154	0.046776	0.102388	0.012295	0.013770	0.077831	0.041141	0.057594	
0.237555	0.002900	0.077371	0.001575	0.021873	0.005918	0.066361	0.069003	0.186950	0.046868	0.003497	0.074678	0.034390	0.144527	0.026534	
0.318952	0.003200	0.095490	0.002575	0.022809	0.023535	0.082344	0.043745	0.143588	0.028488	0.018692	0.065235	0.025287	0.110519	0.015541	
0.299706	0.002264	0.085564	0.001763	0.024550	0.032516	0.070505	0.051839	0.186880	0.027950	0.013253	0.062111	0.021849	0.110461	0.008789	
0.281114	0.001806	0.112644	0.001003	0.025382	0.021542	0.056058	0.055180	0.188238	0.031081	0.004923	0.073995	0.026027	0.112906	0.008102	
0.257685	0.004582	0.087561	0.001515	0.016627	0.033044	0.063745	0.042959	0.221207	0.021362	0.005099	0.056469	0.024797	0.146101	0.017245	
