0.470280	0.005339	0.012959	0.000769	0.041102	0.007372	0.053704	0.173394	0.021899	0.177700	0.003837	0.006697	0.008387	0.011461	0.005100	
0.528224	0.006320	0.018111	0.004072	0.025436	0.044441	0.077563	0.078845	0.062555	0.066547	0.009331	0.014056	0.036131	0.015004	0.013363	
0.467963	0.006005	0.033611	0.002375	0.029126	0.027517	0.058965	0.077519	0.086575	0.065652	0.009560	0.036210	0.038117	0.048463	0.012341	
0.432439	0.000986	0.019622	0.006565	0.006526	0.079982	0.139435	0.014180	0.132833	0.012143	0.044053	0.025926	0.010535	0.022475	0.052300	
0.454720	0.003854	0.070387	0.002985	0.018906	0.039851	0.073232	0.039135	0.092577	0.032629	0.022681	0.024284	0.044424	0.049762	0.030573	
0.465413	0.004035	0.069840	0.002648	0.019178	0.037428	0.071435	0.037839	0.087892	0.030892	0.024130	0.022011	0.047551	0.047708	0.032000	
0.403163	0.001222	0.044666	0.000903	0.020255	0.027762	0.083143	0.031630	0.120468	0.034244	0.046836	0.040690	0.032962	0.059623	0.052434	
0.364458	0.005784	0.155317	0.000856	0.019303	0.013192	0.030672	0.028257	0.116303	0.011588	0.009183	0.048423	0.061057	0.116022	0.019585	
0.315259	0.001331	0.131124	0.004306	0.008331	0.050701	0.090582	0.026538	0.136951	0.025276	0.026179	0.036917	0.020877	0.086347	0.039282	
0.289407	0.002102	0.168070	0.001003	0.012657	0.019181	0.061899	0.040180	0.121315	0.038954	0.028354	0.036598	0.030133	0.107940	0.042207	
0.218216	0.001069	0.226387	0.004618	0.006768	0.045865	0.055413	0.017831	0.156551	0.016764	0.003299	0.051043	0.033085	0.141900	0.021190	
0.372619	0.005110	0.142107	0.000752	0.016720	0.015883	0.045996	0.025131	0.113944	0.010686	0.020441	0.041747	0.054594	0.103154	0.031115	
0.286600	0.003046	0.149866	0.000901	0.024499	0.009671	0.039728	0.090746	0.105750	0.091927	0.006944	0.042601	0.023152	0.107469	0.017102	
0.365384	0.005381	0.168805	0.002100	0.017062	0.023023	0.036582	0.037460	0.103554	0.023887	0.003289	0.035806	0.055772	0.106066	0.015826	
0.395598	0.005864	0.128693	0.001328	0.023782	0.015914	0.031882	0.052115	0.097941	0.038671	0.003594	0.040792	0.055753	0.095853	0.012219	
0.536826	0.001246	0.021314	0.003193	0.036806	0.041659	0.040174	0.071997	0.051757	0.086854	0.003667	0.015008	0.063484	0.019234	0.006782	
0.590883	0.003799	0.013495	0.001978	0.038955	0.029824	0.030247	0.073961	0.032126	0.079267	0.003133	0.009390	0.075607	0.012273	0.005064	
0.533886	0.002734	0.018575	0.000670	0.042141	0.016289	0.028944	0.104464	0.031163	0.117075	0.006951	0.011678	0.057611	0.019258	0.008561	
0.467552	0.002477	0.028998	0.002827	0.022813	0.040541	0.086310	0.063916	0.080757	0.066367	0.029995	0.017564	0.029164	0.025122	0.035598	
0.132970	0.001567	0.123690	0.000843	0.030275	0.007689	0.017289	0.026696	0.249796	0.020169	0.003158	0.144763	0.030468	0.205611	0.005016	
0.393522	0.004199	0.058720	0.000700	0.024315	0.018495	0.056338	0.028989	0.137201	0.017642	0.028181	0.063136	0.046273	0.090490	0.031799	
0.416866	0.000899	0.039613	0.004357	0.022672	0.053420	0.078573	0.038181	0.123366	0.043176	0.020459	0.043363	0.034911	0.054506	0.025637	
0.385002	0.003864	0.074069	0.001121	0.031399	0.016902	0.029611	0.046987	0.129135	0.040995	0.007594	0.067070	0.054567	0.101009	0.010675	
0.429911	0.001283	0.045146	0.007789	0.018972	0.080127	0.089883	0.041322	0.121218	0.044188	0.002628	0.035795	0.029479	0.042731	0.009528	
