0.531638	0.002779	0.025000	0.000623	0.059015	0.026807	0.026041	0.067690	0.019445	0.111549	0.046247	0.005067	0.008269	0.017160	0.052672	
0.565863	0.004482	0.045645	0.001097	0.022404	0.018125	0.055174	0.124745	0.031938	0.048475	0.016744	0.012675	0.010502	0.022098	0.020033	
0.524258	0.003661	0.039794	0.001050	0.022536	0.033900	0.043173	0.113487	0.039981	0.071092	0.011914	0.014237	0.041831	0.023693	0.015392	
0.424073	0.001396	0.029714	0.005247	0.023471	0.042470	0.091868	0.034284	0.129455	0.054432	0.016809	0.052343	0.021182	0.052276	0.020980	
0.370294	0.001408	0.124040	0.004237	0.019649	0.030659	0.093286	0.028669	0.111685	0.029172	0.005350	0.068143	0.038712	0.066009	0.008689	
0.406569	0.001056	0.072248	0.005661	0.007058	0.030627	0.102001	0.029658	0.132998	0.010128	0.003976	0.061163	0.010931	0.118898	0.007029	
0.387982	0.001304	0.033942	0.007715	0.014205	0.044491	0.138240	0.020793	0.183645	0.026896	0.009907	0.080589	0.014260	0.023095	0.012938	
0.401757	0.003960	0.190056	0.000674	0.024751	0.007812	0.063273	0.070692	0.053066	0.021443	0.007810	0.049518	0.041704	0.050651	0.012832	
0.402835	0.004700	0.087359	0.001791	0.022295	0.024518	0.053351	0.065631	0.111245	0.044772	0.019096	0.030444	0.032969	0.070528	0.028466	
0.162528	0.010791	0.101844	0.001339	0.011926	0.018602	0.030263	0.018275	0.297491	0.018902	0.038966	0.021163	0.037328	0.162744	0.067839	
0.234722	0.008984	0.073966	0.000647	0.013204	0.029720	0.012229	0.039978	0.235545	0.045962	0.031615	0.009030	0.053481	0.155205	0.055714	
0.245918	0.005951	0.168809	0.000919	0.036976	0.015723	0.041213	0.008291	0.162593	0.044690	0.033350	0.043747	0.045089	0.096328	0.050402	
0.470355	0.005622	0.118069	0.000695	0.015183	0.009844	0.058974	0.109126	0.065560	0.020805	0.010025	0.027421	0.025685	0.046349	0.016287	
0.363252	0.001827	0.209671	0.000581	0.028485	0.010409	0.044242	0.033068	0.038415	0.028640	0.007728	0.049760	0.047099	0.124240	0.012582	
0.338080	0.001549	0.228273	0.000854	0.040145	0.014533	0.057200	0.021509	0.040871	0.044160	0.011376	0.064687	0.059027	0.062155	0.015580	
0.484842	0.001113	0.028733	0.000541	0.027365	0.059570	0.011430	0.092256	0.017819	0.117946	0.004828	0.010704	0.090791	0.045246	0.006816	
0.496153	0.001358	0.029743	0.000512	0.024811	0.057702	0.014577	0.100588	0.015177	0.112371	0.002843	0.010592	0.088922	0.040271	0.004381	
0.489968	0.001244	0.018715	0.000800	0.029895	0.062564	0.017698	0.095103	0.022553	0.124403	0.006416	0.013156	0.092288	0.017031	0.008167	
0.408534	0.003240	0.038487	0.001032	0.046400	0.039108	0.016737	0.039045	0.088136	0.106392	0.038351	0.011617	0.040217	0.073271	0.049431	
0.399631	0.001212	0.072892	0.005105	0.016220	0.039167	0.097993	0.035590	0.124388	0.036775	0.005871	0.062996	0.033333	0.060125	0.008702	
0.297923	0.005660	0.104408	0.001884	0.010410	0.021251	0.037406	0.031376	0.175742	0.021136	0.019726	0.026961	0.032394	0.178124	0.035600	
0.407024	0.002086	0.029381	0.007030	0.009671	0.040795	0.128531	0.037341	0.176608	0.021652	0.008765	0.070231	0.011766	0.036625	0.012494	
0.375326	0.002940	0.070864	0.004172	0.005501	0.026549	0.071893	0.033259	0.150847	0.012206	0.010549	0.041470	0.013620	0.161774	0.019031	
0.411724	0.001597	0.052094	0.004881	0.011189	0.035613	0.084749	0.037228	0.129696	0.029814	0.008591	0.049060	0.019529	0.111020	0.013216	
