0.019481	0.029050	0.428571	0.072112	0.318524	0.112782	0.019481	
0.120905	0.083080	0.307666	0.085444	0.023978	0.305302	0.073624	
0.096036	0.017088	0.679768	0.033835	0.024265	0.127136	0.021873	
0.607483	0.133673	0.028912	0.131293	0.024150	0.031293	0.043197	
0.366768	0.031071	0.047619	0.057075	0.023978	0.149274	0.324215	
0.306753	0.097727	0.026468	0.085850	0.081099	0.275874	0.126230	
0.390924	0.033277	0.045042	0.019160	0.153277	0.033277	0.325042	
0.026594	0.274804	0.057620	0.353563	0.060007	0.119673	0.107740	
0.132874	0.084682	0.019621	0.489501	0.209983	0.022031	0.041308	
0.073340	0.034411	0.036844	0.336114	0.311783	0.024678	0.182829	
0.026035	0.035381	0.033044	0.353138	0.439586	0.023698	0.089119	
0.188613	0.019909	0.037024	0.227733	0.257073	0.041914	0.227733	
0.030565	0.035216	0.030565	0.525914	0.032890	0.302658	0.042193	
0.032890	0.030565	0.037542	0.349169	0.018937	0.504983	0.025914	
0.042489	0.075276	0.035463	0.213449	0.040147	0.435932	0.157243	
0.031518	0.343268	0.499144	0.029120	0.019527	0.031518	0.045906	
0.021978	0.166209	0.618132	0.026786	0.033997	0.113324	0.019574	
0.021925	0.247345	0.448784	0.026721	0.213772	0.021925	0.019527	
0.145578	0.147959	0.043197	0.043197	0.540816	0.047959	0.031293	
0.036054	0.183673	0.038435	0.033673	0.033673	0.040816	0.633673	
0.088435	0.217007	0.026531	0.050340	0.095578	0.155102	0.367007	
0.097198	0.249741	0.024559	0.031823	0.206157	0.022138	0.368385	
0.041408	0.051070	0.055901	0.038992	0.038992	0.287785	0.485852	
0.034327	0.371706	0.114424	0.099861	0.179958	0.024619	0.175104	
