0.117849	0.026721	0.089072	0.103460	0.021925	0.041110	0.599863	
0.038163	0.253293	0.023978	0.054711	0.104357	0.042891	0.482607	
0.048420	0.168613	0.031593	0.019574	0.183036	0.043613	0.505151	
0.581293	0.236054	0.019388	0.021769	0.031293	0.036054	0.074150	
0.494428	0.026342	0.187099	0.038163	0.054711	0.146910	0.052347	
0.443733	0.172507	0.085243	0.099394	0.038073	0.104111	0.056941	
0.711922	0.026342	0.033435	0.035799	0.031071	0.040527	0.120905	
0.023978	0.388045	0.111449	0.187099	0.021614	0.220196	0.047619	
0.225222	0.619959	0.036227	0.050581	0.021873	0.021873	0.024265	
0.193031	0.036934	0.358885	0.036934	0.032056	0.256446	0.085714	
0.054326	0.129443	0.537894	0.033199	0.073105	0.138833	0.033199	
0.200348	0.022300	0.290592	0.027178	0.022300	0.410105	0.027178	
0.058336	0.227710	0.025853	0.035134	0.025853	0.480610	0.146503	
0.023588	0.242193	0.016611	0.109635	0.077076	0.504983	0.025914	
0.032890	0.116611	0.044518	0.039867	0.053821	0.649169	0.063123	
0.026721	0.173004	0.017129	0.098664	0.472765	0.024323	0.187393	
0.065562	0.198413	0.019669	0.111456	0.507591	0.026915	0.070393	
0.091251	0.076897	0.048189	0.026658	0.694122	0.019481	0.043404	
0.173004	0.175403	0.196985	0.031518	0.247345	0.021925	0.153820	
0.035969	0.130981	0.021717	0.530031	0.142857	0.054971	0.083475	
0.185173	0.118822	0.054841	0.422139	0.064320	0.095125	0.059580	
0.095007	0.179958	0.235784	0.158114	0.138696	0.031900	0.160541	
0.065562	0.038992	0.133195	0.410973	0.167012	0.024500	0.159765	
0.053228	0.363324	0.255151	0.091690	0.062843	0.026786	0.146978	
