0.463116	0.004278	0.020222	0.001326	0.039835	0.035009	0.090062	0.116895	0.062824	0.080666	0.009625	0.023109	0.014401	0.024478	0.014153	
0.394536	0.007180	0.038817	0.002265	0.023208	0.035043	0.032577	0.173931	0.044529	0.111323	0.021278	0.022950	0.022594	0.038311	0.031459	
0.374019	0.008775	0.018377	0.001137	0.020219	0.021395	0.012154	0.287336	0.020104	0.177260	0.008041	0.008133	0.012825	0.018433	0.011791	
0.437660	0.004855	0.056563	0.004019	0.025155	0.055601	0.064527	0.020095	0.078669	0.025052	0.037658	0.030142	0.031613	0.072589	0.055802	
0.404731	0.001906	0.062559	0.001250	0.035534	0.027363	0.102002	0.038376	0.136629	0.033391	0.007096	0.058620	0.024219	0.055924	0.010399	
0.423376	0.002064	0.052602	0.001697	0.033619	0.032300	0.101976	0.030530	0.131337	0.031557	0.010317	0.048901	0.023336	0.061203	0.015185	
0.507696	0.000873	0.032168	0.000705	0.054518	0.034737	0.139570	0.018747	0.095918	0.025750	0.003320	0.041116	0.019353	0.020738	0.004791	
0.315773	0.003103	0.142190	0.003739	0.010735	0.035920	0.056173	0.060029	0.135094	0.045700	0.011704	0.016080	0.021524	0.124983	0.017252	
0.323897	0.004121	0.147602	0.005242	0.011097	0.055064	0.053996	0.018068	0.118151	0.015116	0.031141	0.015691	0.021435	0.133253	0.046129	
0.323693	0.001824	0.174314	0.003538	0.017126	0.034099	0.063218	0.022300	0.133473	0.025203	0.009592	0.024123	0.032735	0.120647	0.014116	
0.284334	0.002255	0.172776	0.004878	0.006965	0.045769	0.071519	0.013720	0.165049	0.012493	0.015240	0.010556	0.011143	0.160791	0.022513	
0.352860	0.002793	0.144730	0.003560	0.022503	0.040801	0.066484	0.026157	0.112312	0.024590	0.017623	0.028141	0.030437	0.100966	0.026043	
0.373586	0.002607	0.175015	0.002020	0.033058	0.024274	0.042070	0.052742	0.064197	0.047711	0.009847	0.043141	0.060605	0.054642	0.014486	
0.359965	0.002361	0.207201	0.002178	0.031162	0.021634	0.027197	0.039436	0.059389	0.042729	0.010761	0.047169	0.074035	0.058940	0.015843	
0.380053	0.001091	0.230492	0.000951	0.040694	0.009072	0.023941	0.019840	0.047800	0.037771	0.004370	0.068777	0.098117	0.030685	0.006345	
0.616083	0.001236	0.029969	0.000841	0.023913	0.008670	0.018623	0.019882	0.033081	0.089747	0.004223	0.015105	0.112487	0.020018	0.006121	
0.638747	0.001814	0.016193	0.000999	0.022409	0.010387	0.009169	0.029465	0.015512	0.099772	0.006990	0.007138	0.116401	0.014773	0.010230	
0.497723	0.003825	0.031482	0.000963	0.021030	0.012734	0.022778	0.117081	0.049536	0.116127	0.004251	0.018414	0.068407	0.029489	0.006162	
0.450808	0.007083	0.028469	0.004798	0.024719	0.068514	0.054838	0.051397	0.043684	0.037508	0.050195	0.018156	0.021696	0.063712	0.074424	
0.351944	0.004251	0.055021	0.002804	0.017215	0.036271	0.063542	0.039333	0.150465	0.030965	0.027230	0.067711	0.027838	0.085104	0.040307	
0.348034	0.004489	0.087232	0.004114	0.011904	0.046217	0.052360	0.022683	0.134655	0.022519	0.033219	0.045930	0.029650	0.107784	0.049209	
0.335904	0.002238	0.045582	0.002035	0.018202	0.028433	0.098269	0.021081	0.207582	0.018578	0.013566	0.075499	0.013241	0.099780	0.020011	
0.272606	0.001755	0.033081	0.001250	0.007971	0.013528	0.096415	0.034081	0.272679	0.024894	0.005599	0.101096	0.009237	0.117635	0.008174	
0.317125	0.003644	0.050897	0.003215	0.008742	0.036800	0.074076	0.020304	0.199369	0.017556	0.026035	0.070522	0.016691	0.116487	0.038535	
