0.026342	0.026342	0.047619	0.031071	0.033435	0.028707	0.806484	
0.040719	0.173736	0.021717	0.525280	0.031218	0.114354	0.092976	
0.019574	0.146978	0.033997	0.584478	0.106113	0.062843	0.046016	
0.115450	0.182597	0.455978	0.093868	0.053100	0.024323	0.074683	
0.271563	0.026280	0.356469	0.179582	0.113544	0.030997	0.021563	
0.262363	0.115728	0.178228	0.356113	0.036401	0.021978	0.029190	
0.115630	0.021513	0.162689	0.035630	0.513277	0.023866	0.127395	
0.043404	0.390294	0.045796	0.050581	0.306562	0.107997	0.055366	
0.043404	0.708476	0.031442	0.021873	0.079289	0.024265	0.091251	
0.068474	0.046576	0.187696	0.027112	0.591588	0.039277	0.039277	
0.070592	0.136166	0.161927	0.019070	0.546002	0.021412	0.044831	
0.032056	0.039373	0.161324	0.024739	0.688153	0.019861	0.034495	
0.034972	0.217420	0.021115	0.131970	0.319037	0.034972	0.240515	
0.049284	0.207792	0.151848	0.305694	0.193806	0.049284	0.042291	
0.033044	0.042390	0.037717	0.437250	0.392857	0.019025	0.037717	
0.026658	0.024265	0.021873	0.024265	0.031442	0.837662	0.033835	
0.026786	0.161401	0.029190	0.120536	0.036401	0.596497	0.029190	
0.024150	0.031293	0.224150	0.031293	0.057483	0.607483	0.024150	
0.042993	0.038253	0.550102	0.026405	0.031144	0.187542	0.123561	
0.270031	0.193658	0.028981	0.026594	0.344016	0.114899	0.021821	
0.130670	0.208869	0.128301	0.080907	0.263372	0.161476	0.026405	
0.648537	0.176248	0.034079	0.034079	0.041308	0.034079	0.031670	
0.360248	0.038992	0.075224	0.268461	0.169427	0.051070	0.036577	
0.392773	0.255657	0.234380	0.026342	0.049983	0.023978	0.016886	
