0.021769	0.021769	0.847959	0.019388	0.031293	0.031293	0.026531	
0.060150	0.064935	0.112782	0.143882	0.062543	0.033835	0.521873	
0.029120	0.031518	0.067489	0.029120	0.029120	0.182597	0.631038	
0.045362	0.035884	0.031144	0.040623	0.047732	0.751523	0.047732	
0.718645	0.049631	0.028504	0.066063	0.040241	0.037894	0.059021	
0.093197	0.102721	0.026531	0.138435	0.040816	0.543197	0.055102	
0.376807	0.023866	0.026218	0.056807	0.059160	0.162689	0.294454	
0.036054	0.305102	0.100340	0.367007	0.040816	0.040816	0.109864	
0.038435	0.690816	0.038435	0.095578	0.031293	0.069388	0.036054	
0.036844	0.122002	0.080640	0.572124	0.095238	0.044143	0.049009	
0.035298	0.133200	0.063270	0.569098	0.114552	0.030636	0.053946	
0.029617	0.041812	0.058885	0.756446	0.029617	0.039373	0.044251	
0.025853	0.148823	0.362280	0.271793	0.025853	0.134902	0.030494	
0.037542	0.356146	0.263123	0.172425	0.088704	0.037542	0.044518	
0.037717	0.023698	0.332109	0.383511	0.047063	0.098465	0.077437	
0.022031	0.038898	0.026850	0.140103	0.450947	0.050947	0.270224	
0.036401	0.021978	0.021978	0.026786	0.757555	0.041209	0.094093	
0.045796	0.021873	0.069720	0.055366	0.459672	0.033835	0.313739	
0.040816	0.107483	0.162245	0.045578	0.412245	0.078912	0.152721	
0.085850	0.149983	0.028843	0.275874	0.195114	0.111978	0.152358	
0.083277	0.258632	0.026405	0.270481	0.189912	0.059580	0.111713	
0.431005	0.036844	0.041710	0.063608	0.168231	0.036844	0.221759	
0.427881	0.104210	0.048654	0.128364	0.106625	0.036577	0.147688	
0.323308	0.136705	0.069720	0.043404	0.225222	0.124744	0.076897	
