0.561847	0.001183	0.027526	0.002326	0.057732	0.019368	0.035090	0.051643	0.023964	0.154569	0.021485	0.008994	0.012952	0.015690	0.005631	
0.450745	0.006850	0.020492	0.000673	0.028800	0.036725	0.107115	0.182611	0.023652	0.085161	0.007549	0.008608	0.017309	0.017683	0.006027	
0.469574	0.005855	0.024625	0.000977	0.031549	0.033479	0.091035	0.151537	0.023185	0.093834	0.009655	0.007826	0.021940	0.024999	0.009929	
0.535108	0.001714	0.021843	0.011173	0.023395	0.089826	0.159153	0.025827	0.020823	0.008973	0.056060	0.006930	0.006360	0.023454	0.009360	
0.393836	0.003165	0.066101	0.004860	0.019453	0.050547	0.105627	0.073456	0.119604	0.021753	0.025052	0.046084	0.021100	0.044329	0.005034	
0.425018	0.003298	0.058399	0.005405	0.020467	0.053701	0.100542	0.055625	0.082938	0.032045	0.028890	0.029465	0.022989	0.061851	0.019367	
0.510625	0.000846	0.029764	0.010014	0.025913	0.077044	0.134085	0.011841	0.061063	0.022107	0.050775	0.023006	0.008136	0.029297	0.005483	
0.290596	0.003900	0.159452	0.000646	0.021805	0.018305	0.017079	0.024472	0.140352	0.036127	0.009571	0.047868	0.044934	0.133468	0.051425	
0.182904	0.008901	0.151242	0.001942	0.008072	0.047013	0.052558	0.051702	0.077241	0.012694	0.020100	0.012091	0.009368	0.247729	0.116442	
0.403623	0.001028	0.123781	0.004245	0.024232	0.035094	0.059575	0.011530	0.138031	0.018528	0.022604	0.053934	0.048183	0.047552	0.008061	
0.290019	0.002269	0.144421	0.002903	0.017881	0.029405	0.042597	0.010154	0.187099	0.011444	0.017527	0.069058	0.037591	0.108047	0.029586	
0.402306	0.001055	0.163246	0.002967	0.025566	0.025863	0.042181	0.010215	0.131879	0.010973	0.016455	0.052520	0.066909	0.039286	0.008579	
0.416915	0.002965	0.157523	0.000874	0.026059	0.018108	0.030530	0.040767	0.082529	0.033759	0.007688	0.031091	0.075218	0.052586	0.023388	
0.368153	0.003241	0.158878	0.000722	0.024377	0.016954	0.020255	0.027735	0.104906	0.037298	0.008294	0.037057	0.064854	0.090059	0.037217	
0.415380	0.003584	0.154946	0.001126	0.023672	0.025046	0.060402	0.080660	0.083506	0.013793	0.007045	0.034491	0.072610	0.017429	0.006311	
0.610565	0.001303	0.020352	0.000702	0.031093	0.008319	0.014455	0.026822	0.023250	0.128502	0.004827	0.007702	0.086597	0.025677	0.009833	
0.593445	0.002754	0.014469	0.000802	0.025792	0.017008	0.043162	0.067476	0.013632	0.109718	0.004077	0.004617	0.081991	0.015024	0.006032	
0.511390	0.004266	0.020871	0.001658	0.023381	0.031135	0.077815	0.104812	0.035367	0.083339	0.009311	0.012733	0.051250	0.025206	0.007466	
0.350237	0.005245	0.100150	0.001656	0.022317	0.029723	0.029166	0.028513	0.064288	0.069481	0.016522	0.013518	0.031400	0.163340	0.074444	
0.245761	0.004015	0.095962	0.000764	0.010476	0.022941	0.053402	0.071559	0.221203	0.028196	0.005190	0.082377	0.027814	0.110074	0.020266	
0.262681	0.006661	0.130717	0.001525	0.012754	0.034159	0.029276	0.024332	0.083930	0.039890	0.016244	0.017547	0.029324	0.213646	0.097313	
0.378596	0.001202	0.063728	0.001929	0.019013	0.018019	0.033151	0.018478	0.187518	0.063858	0.010223	0.070893	0.045300	0.079116	0.008976	
0.260139	0.001279	0.082417	0.000685	0.014494	0.009870	0.024534	0.027350	0.280803	0.050083	0.003823	0.107417	0.031590	0.101368	0.004148	
0.273398	0.007015	0.058319	0.001085	0.009287	0.040939	0.111038	0.161106	0.150867	0.023443	0.006612	0.056037	0.009897	0.076831	0.014126	
