0.565369	0.001569	0.017218	0.000862	0.035872	0.007342	0.013413	0.058063	0.021783	0.133544	0.004023	0.008024	0.022848	0.017308	0.092762	
0.531699	0.003094	0.015455	0.003096	0.018837	0.032085	0.052975	0.097916	0.024947	0.090677	0.015686	0.009745	0.039627	0.025160	0.039001	
0.534513	0.003036	0.019267	0.003362	0.016187	0.035709	0.056938	0.101414	0.020861	0.089334	0.016356	0.006856	0.037030	0.021314	0.037822	
0.437334	0.003553	0.059186	0.006658	0.018342	0.074549	0.131399	0.023531	0.096745	0.018577	0.032435	0.041681	0.018367	0.031747	0.005896	
0.303137	0.002457	0.096711	0.003384	0.034453	0.039086	0.096171	0.045266	0.189722	0.026561	0.016480	0.087372	0.021641	0.031171	0.006389	
0.322380	0.003978	0.075195	0.003033	0.028187	0.033079	0.079957	0.070025	0.153834	0.036895	0.018666	0.068773	0.031480	0.064935	0.009583	
0.396331	0.003526	0.058482	0.006904	0.025874	0.075225	0.143751	0.009885	0.131713	0.011222	0.033549	0.062433	0.009176	0.025598	0.006331	
0.395865	0.003055	0.118445	0.001945	0.015570	0.030669	0.047139	0.055802	0.093431	0.052092	0.012642	0.023406	0.037658	0.085541	0.026739	
0.404893	0.003683	0.102428	0.003825	0.019347	0.048639	0.079663	0.012442	0.095379	0.038064	0.022512	0.027827	0.020919	0.087237	0.033141	
0.285056	0.002953	0.197307	0.000940	0.015576	0.027789	0.041996	0.019001	0.152454	0.024141	0.009734	0.037714	0.033285	0.130948	0.021105	
0.306776	0.001114	0.218685	0.000637	0.015577	0.028678	0.040336	0.016225	0.158271	0.023071	0.003834	0.039093	0.039132	0.095839	0.012731	
0.375658	0.002380	0.134278	0.004237	0.017966	0.057194	0.096215	0.010456	0.127529	0.019581	0.020600	0.041775	0.020053	0.058162	0.013915	
0.403316	0.001287	0.135992	0.000721	0.021588	0.019928	0.030842	0.051132	0.107936	0.062940	0.003450	0.029993	0.040714	0.058436	0.031725	
0.336572	0.001670	0.177498	0.000644	0.014538	0.023716	0.035335	0.055908	0.135559	0.038306	0.004191	0.035461	0.046222	0.083580	0.010800	
0.371637	0.002894	0.128507	0.001621	0.009830	0.028339	0.044240	0.094080	0.101790	0.048714	0.009902	0.026739	0.045857	0.076337	0.009513	
0.609986	0.000957	0.015231	0.000608	0.029460	0.009388	0.010349	0.066444	0.023637	0.085276	0.003134	0.009473	0.108070	0.021820	0.006168	
0.570423	0.001321	0.020434	0.000725	0.028840	0.009691	0.015727	0.079900	0.038718	0.085695	0.003824	0.016983	0.095216	0.022390	0.010112	
0.542643	0.003213	0.023186	0.001838	0.020303	0.021337	0.030267	0.078955	0.026794	0.074239	0.012904	0.006713	0.082667	0.062023	0.012918	
0.455557	0.002221	0.042940	0.001274	0.044021	0.012262	0.037336	0.020964	0.099896	0.090069	0.008768	0.045799	0.028300	0.045287	0.065306	
0.216290	0.003789	0.090568	0.000653	0.045125	0.005008	0.054792	0.068719	0.228193	0.041198	0.009286	0.107276	0.033585	0.080514	0.015004	
0.134402	0.015587	0.096472	0.001475	0.006641	0.013300	0.022980	0.028873	0.102148	0.015406	0.045611	0.009174	0.029000	0.422132	0.056800	
0.263729	0.002615	0.085767	0.002898	0.049202	0.030015	0.095766	0.015748	0.228703	0.026151	0.015954	0.111615	0.016650	0.038844	0.016343	
0.306750	0.004341	0.064623	0.000585	0.027171	0.004338	0.034728	0.133782	0.144795	0.066687	0.008626	0.064794	0.047066	0.077176	0.014539	
0.370415	0.002796	0.070898	0.004156	0.035689	0.045799	0.100364	0.015480	0.152563	0.032890	0.021248	0.071017	0.019882	0.036603	0.020199	
