0.404237	0.015805	0.026849	0.000980	0.076960	0.020963	0.015686	0.147631	0.043369	0.164276	0.004911	0.010676	0.026085	0.029109	0.012464	
0.512004	0.007419	0.058604	0.002281	0.041157	0.032995	0.061597	0.073498	0.028527	0.077949	0.013176	0.021111	0.021793	0.043045	0.004845	
0.419053	0.011726	0.036390	0.001081	0.060455	0.022002	0.044163	0.107739	0.071908	0.120467	0.007971	0.030954	0.020090	0.041842	0.004158	
0.617075	0.001064	0.021125	0.010060	0.006274	0.064917	0.110420	0.021362	0.029515	0.013322	0.049423	0.011918	0.008252	0.030785	0.004486	
0.389059	0.002093	0.102281	0.004722	0.021388	0.032182	0.077017	0.032113	0.120350	0.029169	0.027162	0.058234	0.029675	0.063264	0.011291	
0.520470	0.000887	0.062217	0.006726	0.008458	0.054268	0.090732	0.020152	0.066387	0.013541	0.034731	0.022029	0.020135	0.060620	0.018646	
0.488190	0.001552	0.043940	0.009452	0.010690	0.058675	0.098784	0.020048	0.096351	0.015169	0.047784	0.030106	0.011283	0.051967	0.016007	
0.461188	0.000845	0.065908	0.000701	0.005112	0.050411	0.074095	0.013007	0.109515	0.010471	0.008077	0.013857	0.023925	0.118898	0.043989	
0.358392	0.000739	0.108851	0.000872	0.007849	0.046691	0.057236	0.011586	0.143215	0.009113	0.008761	0.023625	0.033254	0.131955	0.057860	
0.164157	0.001382	0.132508	0.001561	0.010359	0.046355	0.031360	0.016322	0.238600	0.015912	0.012182	0.033649	0.042948	0.164106	0.088597	
0.270636	0.000865	0.139108	0.000884	0.011066	0.037011	0.033788	0.031538	0.161991	0.025887	0.007916	0.030926	0.054599	0.128413	0.065372	
0.278116	0.001026	0.172844	0.002608	0.018611	0.033710	0.047887	0.015974	0.148002	0.012924	0.016753	0.052180	0.042881	0.109232	0.047251	
0.384361	0.001244	0.196696	0.000709	0.025717	0.020857	0.054262	0.021566	0.068396	0.017743	0.007727	0.058098	0.045303	0.078691	0.018628	
0.410419	0.001293	0.199773	0.000675	0.028002	0.012371	0.050700	0.038734	0.040608	0.031638	0.006905	0.061536	0.056443	0.055175	0.005729	
0.361014	0.001510	0.218317	0.000885	0.031758	0.010262	0.052830	0.028753	0.067222	0.024600	0.008879	0.075639	0.050679	0.061934	0.005720	
0.520915	0.004112	0.023602	0.000611	0.021308	0.015303	0.035554	0.129751	0.018590	0.114895	0.003255	0.009740	0.080436	0.018475	0.003455	
0.553344	0.000925	0.015483	0.000743	0.005083	0.016909	0.044300	0.120400	0.018868	0.097820	0.004099	0.008026	0.090846	0.020057	0.003097	
0.534355	0.001224	0.015688	0.000916	0.006596	0.012950	0.035754	0.134483	0.019755	0.110176	0.004316	0.008391	0.099964	0.012347	0.003085	
0.375996	0.001661	0.066415	0.003140	0.008415	0.044474	0.048281	0.051841	0.128205	0.043853	0.017342	0.014137	0.049224	0.096398	0.050619	
0.228896	0.003905	0.075133	0.000847	0.030530	0.009763	0.072636	0.049106	0.240165	0.053469	0.013010	0.097448	0.030712	0.088207	0.006174	
0.324026	0.003231	0.093744	0.001629	0.022446	0.029308	0.050476	0.051486	0.148599	0.049763	0.012190	0.043863	0.042603	0.092294	0.034341	
0.279223	0.002731	0.074625	0.003566	0.025043	0.025384	0.099130	0.012358	0.233918	0.018657	0.026419	0.097366	0.006871	0.090854	0.003855	
0.347164	0.002398	0.060438	0.001496	0.020190	0.020716	0.080132	0.043303	0.178061	0.042476	0.014461	0.072003	0.031563	0.079345	0.006254	
0.311940	0.002316	0.074579	0.001317	0.020513	0.025240	0.084475	0.022743	0.204402	0.025822	0.014658	0.076997	0.020203	0.100277	0.014516	
