0.487668	0.000697	0.034057	0.001316	0.057302	0.053856	0.022277	0.096533	0.044995	0.114525	0.012229	0.010029	0.011820	0.031459	0.021237	
0.510571	0.006003	0.037703	0.000883	0.034292	0.032787	0.025135	0.115747	0.028262	0.115244	0.004724	0.011141	0.041619	0.028793	0.007098	
0.491764	0.004997	0.068192	0.000976	0.030291	0.029814	0.041016	0.098167	0.030546	0.098160	0.004527	0.015924	0.035394	0.043944	0.006288	
0.465180	0.001456	0.031351	0.011104	0.011586	0.089945	0.204312	0.022345	0.037812	0.021722	0.028933	0.009112	0.016885	0.032811	0.015446	
0.361849	0.001409	0.068316	0.007547	0.022012	0.067131	0.138387	0.017447	0.098445	0.015894	0.037174	0.018868	0.024668	0.072646	0.048207	
0.397322	0.001463	0.061601	0.006885	0.011268	0.056500	0.134372	0.021591	0.117057	0.018768	0.020108	0.042096	0.023559	0.073265	0.014143	
0.387048	0.000946	0.048541	0.008232	0.024885	0.076122	0.147314	0.023439	0.085793	0.025031	0.036029	0.013731	0.016336	0.063514	0.043039	
0.376484	0.000893	0.197741	0.000617	0.012826	0.007224	0.071287	0.013768	0.096375	0.012784	0.005494	0.059038	0.038925	0.098052	0.008491	
0.288217	0.000748	0.196126	0.001291	0.024014	0.020299	0.087873	0.009067	0.097759	0.008572	0.028174	0.027286	0.009186	0.145116	0.056273	
0.325383	0.000830	0.141819	0.001259	0.031562	0.021313	0.021272	0.016359	0.155163	0.017097	0.025386	0.059263	0.069845	0.066291	0.047159	
0.330893	0.001178	0.104725	0.000919	0.035042	0.025188	0.016342	0.036458	0.161077	0.038723	0.022521	0.052878	0.046587	0.083749	0.043721	
0.322251	0.000706	0.158439	0.000872	0.028367	0.014652	0.015210	0.008793	0.164237	0.008452	0.022889	0.069196	0.080281	0.062819	0.042837	
0.397707	0.002838	0.177119	0.000794	0.014309	0.008810	0.059364	0.030296	0.079803	0.025483	0.008607	0.049538	0.057926	0.073287	0.014120	
0.405202	0.001247	0.183803	0.000681	0.016182	0.011905	0.072972	0.027379	0.071470	0.028048	0.004153	0.048645	0.033309	0.089304	0.005701	
0.429783	0.001440	0.170211	0.001348	0.017519	0.015960	0.063465	0.027404	0.072051	0.027947	0.005006	0.053791	0.057735	0.052888	0.003451	
0.515657	0.010339	0.032658	0.001084	0.017069	0.019096	0.022817	0.126091	0.029204	0.109680	0.003874	0.014247	0.077615	0.016578	0.003992	
0.497928	0.011147	0.037020	0.001866	0.007668	0.017413	0.042227	0.117595	0.037923	0.095652	0.005317	0.016592	0.078676	0.028978	0.003999	
0.515334	0.010357	0.034379	0.000966	0.017160	0.018882	0.025510	0.127828	0.024434	0.111644	0.003498	0.011534	0.072074	0.022416	0.003982	
0.372659	0.006650	0.065030	0.000923	0.031775	0.025673	0.020829	0.086543	0.093849	0.077344	0.025919	0.012945	0.048678	0.078403	0.052780	
0.371772	0.005869	0.070911	0.000921	0.006315	0.008569	0.037547	0.064459	0.163131	0.050126	0.003993	0.061799	0.042635	0.106590	0.005363	
0.271908	0.004548	0.092367	0.000670	0.023113	0.015594	0.026036	0.047897	0.182395	0.037169	0.027587	0.043115	0.033550	0.136421	0.057630	
0.273451	0.001605	0.074732	0.001385	0.015706	0.018166	0.040497	0.028357	0.240519	0.022973	0.014478	0.076707	0.012316	0.152843	0.026264	
0.280193	0.001172	0.035856	0.000948	0.013623	0.015275	0.018765	0.035095	0.292391	0.030707	0.004658	0.100123	0.009807	0.154562	0.006823	
0.407584	0.005119	0.044229	0.003217	0.012106	0.030493	0.063892	0.064389	0.131183	0.054353	0.010382	0.046722	0.042089	0.075163	0.009080	
