0.094900	0.023978	0.028707	0.525160	0.232016	0.042891	0.052347	
0.026468	0.028843	0.033593	0.625042	0.190363	0.057346	0.038344	
0.041110	0.041110	0.053100	0.355259	0.254539	0.021925	0.232956	
0.033514	0.403182	0.021666	0.149628	0.346310	0.021666	0.024035	
0.246814	0.387659	0.141180	0.108317	0.040241	0.019115	0.056673	
0.031293	0.562245	0.021769	0.052721	0.167007	0.071769	0.093197	
0.648092	0.132725	0.026342	0.028707	0.028707	0.033435	0.101993	
0.037983	0.040336	0.056807	0.037983	0.037983	0.746218	0.042689	
0.043404	0.045796	0.395079	0.019481	0.261107	0.215653	0.019481	
0.071958	0.264550	0.378131	0.141093	0.027513	0.044797	0.071958	
0.035463	0.019070	0.735698	0.035463	0.108063	0.033121	0.033121	
0.039566	0.064076	0.642507	0.073880	0.027311	0.127801	0.024860	
0.056016	0.060656	0.104740	0.510772	0.116341	0.069937	0.081538	
0.032890	0.046844	0.118937	0.567774	0.132890	0.072425	0.028239	
0.051736	0.035381	0.033044	0.696595	0.063418	0.086782	0.033044	
0.033754	0.028981	0.024207	0.110126	0.160245	0.024207	0.618479	
0.031518	0.050702	0.026721	0.077081	0.146626	0.055498	0.611853	
0.076897	0.048189	0.021873	0.024265	0.148667	0.024265	0.655844	
0.090816	0.026531	0.276531	0.028912	0.267007	0.031293	0.278912	
0.140816	0.564626	0.028912	0.040816	0.028912	0.050340	0.145578	
0.057758	0.249146	0.241969	0.036227	0.170198	0.084074	0.160629	
0.689501	0.075043	0.053356	0.029260	0.108778	0.022031	0.022031	
0.302501	0.021925	0.086674	0.033916	0.062693	0.268928	0.223364	
0.403682	0.067167	0.055234	0.074327	0.289124	0.036140	0.074327	
