0.066848	0.154734	0.047845	0.021717	0.045470	0.026468	0.636919	
0.061803	0.484971	0.040527	0.031071	0.298210	0.049983	0.033435	
0.041408	0.647688	0.034161	0.038992	0.174258	0.029331	0.034161	
0.199383	0.038712	0.029120	0.110654	0.463172	0.050702	0.108256	
0.489748	0.059160	0.068571	0.089748	0.080336	0.193277	0.019160	
0.446642	0.055234	0.036140	0.081487	0.181725	0.112513	0.086260	
0.787572	0.016886	0.021614	0.061803	0.023978	0.054711	0.033435	
0.033754	0.079100	0.100580	0.494374	0.160245	0.040914	0.091033	
0.070393	0.031746	0.043823	0.505176	0.234645	0.048654	0.065562	
0.119861	0.068641	0.058885	0.429617	0.056446	0.085714	0.180836	
0.044415	0.035134	0.056016	0.422605	0.139543	0.123301	0.178986	
0.061625	0.024860	0.032213	0.429272	0.135154	0.076331	0.240546	
0.035134	0.216109	0.039775	0.431886	0.118661	0.049055	0.109380	
0.025974	0.254412	0.035298	0.443223	0.144855	0.058608	0.037629	
0.061081	0.252670	0.035381	0.434913	0.035381	0.142857	0.037717	
0.021925	0.041110	0.674203	0.021925	0.105858	0.093868	0.041110	
0.021925	0.053100	0.779719	0.019527	0.072285	0.024323	0.029120	
0.033916	0.144227	0.640630	0.033916	0.043508	0.060295	0.043508	
0.085647	0.026405	0.045362	0.083277	0.185173	0.033514	0.540623	
0.076713	0.038527	0.105353	0.136379	0.246164	0.353563	0.043300	
0.080526	0.047507	0.089960	0.226752	0.158356	0.247978	0.148922	
0.065091	0.026721	0.057897	0.168208	0.137033	0.465570	0.079479	
0.038805	0.122940	0.031593	0.060440	0.055632	0.654190	0.036401	
0.114354	0.026468	0.076349	0.109603	0.273498	0.359009	0.040719	
