0.023978	0.040527	0.064168	0.042891	0.038163	0.026342	0.763931	
0.047959	0.062245	0.069388	0.264626	0.059864	0.219388	0.276531	
0.038992	0.048654	0.065562	0.183920	0.273292	0.138026	0.251553	
0.021873	0.378332	0.031442	0.330485	0.052973	0.031442	0.153452	
0.127695	0.283356	0.148922	0.026280	0.042790	0.240903	0.130054	
0.031144	0.346310	0.026405	0.178064	0.042993	0.251523	0.123561	
0.037983	0.287395	0.270924	0.030924	0.313277	0.035630	0.023866	
0.351883	0.078724	0.069223	0.102477	0.233118	0.142857	0.021717	
0.262995	0.277453	0.022031	0.287091	0.038898	0.026850	0.084682	
0.357317	0.210618	0.059029	0.032134	0.041914	0.051694	0.247293	
0.488598	0.037894	0.030852	0.164655	0.030852	0.040241	0.206908	
0.460007	0.266853	0.044359	0.046804	0.112819	0.041914	0.027244	
0.132890	0.042193	0.039867	0.042193	0.098007	0.356146	0.288704	
0.196137	0.023643	0.030636	0.144855	0.035298	0.541126	0.028305	
0.166611	0.021412	0.054199	0.040147	0.185346	0.438274	0.094011	
0.038712	0.019527	0.578280	0.230558	0.045906	0.031518	0.055498	
0.019574	0.062843	0.529190	0.214286	0.019574	0.113324	0.041209	
0.021769	0.050340	0.257483	0.057483	0.157483	0.033673	0.421769	
0.225222	0.155844	0.155844	0.170198	0.041012	0.045796	0.206083	
0.162689	0.021513	0.033277	0.108571	0.588571	0.061513	0.023866	
0.240816	0.190816	0.112245	0.026531	0.226531	0.157483	0.045578	
0.029473	0.296463	0.216366	0.187240	0.209085	0.031900	0.029473	
0.036489	0.026850	0.332874	0.031670	0.352151	0.181067	0.038898	
0.070055	0.029190	0.163805	0.151786	0.380151	0.041209	0.163805	
