0.024265	0.311347	0.151059	0.029050	0.031442	0.282638	0.170198	
0.019481	0.366370	0.043404	0.119959	0.038619	0.148667	0.263500	
0.031593	0.533997	0.036401	0.062843	0.031593	0.043613	0.259959	
0.242549	0.036314	0.115450	0.168208	0.031518	0.043508	0.362453	
0.722035	0.113544	0.026280	0.035714	0.019205	0.026280	0.056941	
0.424150	0.209864	0.071769	0.081293	0.114626	0.074150	0.024150	
0.281662	0.021614	0.038163	0.021614	0.054711	0.031071	0.551165	
0.196514	0.091251	0.074504	0.052973	0.086466	0.428571	0.069720	
0.053485	0.024500	0.251553	0.070393	0.058316	0.449620	0.092133	
0.031978	0.061175	0.041710	0.031978	0.426138	0.285019	0.122002	
0.047173	0.021412	0.192372	0.044831	0.513215	0.138508	0.042489	
0.112819	0.032134	0.056584	0.024799	0.205728	0.305973	0.261963	
0.034972	0.083471	0.150445	0.064995	0.051138	0.556912	0.058067	
0.027979	0.078670	0.076366	0.046412	0.027979	0.680053	0.062541	
0.042589	0.228035	0.037894	0.035547	0.042589	0.436955	0.176392	
0.028843	0.038344	0.059722	0.779437	0.026468	0.024092	0.043095	
0.074863	0.125343	0.166209	0.565247	0.021978	0.019574	0.026786	
0.060440	0.031593	0.113324	0.697459	0.033997	0.031593	0.031593	
0.028775	0.035884	0.789438	0.040623	0.040623	0.021666	0.042993	
0.552721	0.109864	0.126531	0.083673	0.040816	0.043197	0.043197	
0.033514	0.088016	0.040623	0.242045	0.505078	0.035884	0.054841	
0.490638	0.034327	0.039182	0.080444	0.075589	0.041609	0.238211	
0.430297	0.215321	0.089717	0.029331	0.080055	0.113872	0.041408	
0.394639	0.021717	0.316254	0.059722	0.038344	0.095351	0.073974	
