0.038435	0.031293	0.090816	0.093197	0.031293	0.688435	0.026531	
0.149983	0.031218	0.031218	0.416016	0.035969	0.247370	0.088225	
0.036140	0.057620	0.024207	0.785544	0.024207	0.031367	0.040914	
0.028912	0.031293	0.021769	0.021769	0.038435	0.026531	0.831293	
0.226752	0.233827	0.030997	0.040431	0.106469	0.023922	0.337601	
0.047845	0.092976	0.147608	0.097727	0.092976	0.024092	0.496776	
0.033277	0.245042	0.070924	0.037983	0.047395	0.023866	0.541513	
0.080716	0.057075	0.087808	0.196555	0.026342	0.482607	0.068896	
0.136054	0.040816	0.528912	0.109864	0.021769	0.033673	0.128912	
0.041508	0.029402	0.758215	0.058457	0.043929	0.029402	0.039087	
0.185346	0.026096	0.433590	0.035463	0.213449	0.026096	0.079960	
0.280836	0.161324	0.302787	0.032056	0.019861	0.058885	0.144251	
0.354351	0.032512	0.191133	0.308374	0.021018	0.064696	0.027915	
0.422244	0.025974	0.231102	0.100566	0.140193	0.046953	0.032967	
0.688704	0.077076	0.025914	0.079402	0.049169	0.016611	0.063123	
0.031518	0.026721	0.019527	0.050702	0.690990	0.139431	0.041110	
0.031442	0.036227	0.024265	0.172591	0.660629	0.031442	0.043404	
0.031518	0.026721	0.019527	0.026721	0.755738	0.093868	0.045906	
0.028912	0.038435	0.407483	0.074150	0.405102	0.021769	0.024150	
0.035799	0.674097	0.026342	0.031071	0.085444	0.116177	0.031071	
0.082471	0.150104	0.275707	0.087302	0.181504	0.111456	0.111456	
0.026850	0.600344	0.041308	0.053356	0.024441	0.140103	0.113597	
0.043508	0.455978	0.050702	0.194587	0.110654	0.026721	0.117849	
0.024207	0.329697	0.093420	0.114899	0.133992	0.057620	0.246164	
