0.362112	0.004387	0.048818	0.001728	0.055573	0.019249	0.033712	0.216436	0.055548	0.116056	0.009231	0.013518	0.042007	0.017383	0.004243	
0.379445	0.004809	0.028671	0.000816	0.048288	0.017025	0.013518	0.206152	0.033595	0.129666	0.007103	0.018456	0.058052	0.028473	0.025930	
0.388932	0.003999	0.049379	0.001533	0.043488	0.020778	0.030233	0.168018	0.054260	0.106636	0.009224	0.018216	0.050843	0.033476	0.020984	
0.454383	0.001744	0.041156	0.003160	0.013431	0.034094	0.103987	0.013358	0.158400	0.028122	0.025220	0.025363	0.028751	0.045539	0.023290	
0.392578	0.003386	0.057687	0.003311	0.026478	0.021848	0.090801	0.068759	0.160969	0.039817	0.026683	0.034534	0.019796	0.049209	0.004145	
0.374177	0.004277	0.055136	0.002872	0.014870	0.036948	0.102551	0.016812	0.186543	0.015015	0.029069	0.061018	0.013095	0.080316	0.007299	
0.461601	0.001205	0.020495	0.000831	0.024316	0.127932	0.148032	0.012153	0.115023	0.010204	0.004165	0.041470	0.007957	0.020468	0.004149	
0.349131	0.001729	0.140750	0.003626	0.014870	0.043765	0.063916	0.025758	0.100465	0.035616	0.008633	0.021134	0.049010	0.115801	0.025796	
0.221648	0.001425	0.212902	0.005269	0.007219	0.054378	0.071731	0.009845	0.121805	0.013106	0.005130	0.016794	0.050385	0.191172	0.017189	
0.296879	0.002022	0.156921	0.004776	0.012540	0.038624	0.083878	0.017433	0.148100	0.015400	0.015882	0.025074	0.035578	0.135886	0.011006	
0.295095	0.001157	0.151402	0.004765	0.013593	0.053041	0.093330	0.026909	0.137278	0.018624	0.011244	0.012125	0.038432	0.131230	0.011774	
0.315998	0.004379	0.111616	0.003932	0.011397	0.021160	0.083040	0.010837	0.185648	0.012010	0.028396	0.058518	0.021559	0.123358	0.008154	
0.501996	0.001710	0.219082	0.003187	0.041628	0.009228	0.013251	0.023690	0.030117	0.040002	0.004546	0.036466	0.036783	0.033570	0.004745	
0.424971	0.003675	0.177239	0.002753	0.028801	0.013845	0.023355	0.016939	0.074992	0.035252	0.011800	0.058364	0.035815	0.079594	0.012608	
0.451147	0.002506	0.170663	0.002703	0.031309	0.026651	0.033666	0.021318	0.060779	0.037347	0.007414	0.044077	0.037031	0.060701	0.012690	
0.502739	0.002615	0.038395	0.000932	0.027883	0.015071	0.017262	0.092100	0.031135	0.101503	0.008528	0.016454	0.069015	0.023109	0.053258	
0.574552	0.001545	0.023200	0.000906	0.011937	0.006602	0.016530	0.028413	0.036016	0.092223	0.012141	0.013333	0.081173	0.023520	0.077908	
0.449153	0.002780	0.052315	0.001979	0.033591	0.016919	0.042002	0.109857	0.070030	0.086641	0.013163	0.015548	0.050567	0.026331	0.029124	
0.537705	0.000958	0.024914	0.002421	0.012207	0.017186	0.071371	0.014752	0.108839	0.055807	0.021398	0.011167	0.052011	0.020198	0.049066	
0.307834	0.007873	0.077036	0.000961	0.020807	0.017208	0.020919	0.069565	0.116375	0.060161	0.020604	0.093413	0.037639	0.125198	0.024407	
0.299313	0.008401	0.087041	0.001098	0.006702	0.013029	0.020872	0.013102	0.141758	0.039558	0.025518	0.111443	0.038539	0.159682	0.033945	
0.423135	0.002602	0.086802	0.003656	0.021487	0.023942	0.093783	0.022292	0.161658	0.020540	0.026098	0.037674	0.018041	0.053069	0.005221	
0.313528	0.006677	0.065426	0.000865	0.019039	0.070272	0.081853	0.028276	0.147271	0.019548	0.017452	0.099162	0.011926	0.113686	0.005018	
0.454291	0.002058	0.050332	0.002125	0.017015	0.051784	0.088893	0.020041	0.117520	0.036623	0.015692	0.032891	0.034525	0.049210	0.027000	
