0.536169	0.011665	0.013849	0.000632	0.023722	0.012178	0.069289	0.056094	0.022863	0.052651	0.005108	0.007253	0.027304	0.140879	0.020342	
0.471744	0.008340	0.044241	0.000730	0.049070	0.024570	0.020903	0.128483	0.025602	0.106587	0.006291	0.023798	0.038237	0.043915	0.007491	
0.494805	0.009771	0.027050	0.000658	0.056446	0.027245	0.016202	0.142274	0.021444	0.124322	0.006144	0.014839	0.022671	0.029199	0.006931	
0.358398	0.001098	0.050980	0.007374	0.027050	0.052626	0.124228	0.017196	0.202844	0.014833	0.019210	0.065673	0.009940	0.041348	0.007203	
0.353032	0.001071	0.086517	0.004451	0.020610	0.034701	0.086478	0.030387	0.142667	0.020763	0.017454	0.062559	0.050505	0.071381	0.017423	
0.373105	0.001086	0.079553	0.004454	0.016864	0.029765	0.090347	0.037483	0.121740	0.012269	0.012090	0.067413	0.066224	0.081480	0.006128	
0.370960	0.000812	0.016603	0.008837	0.029022	0.052823	0.144462	0.012458	0.221336	0.009285	0.021392	0.072733	0.007636	0.026462	0.005178	
0.452804	0.007756	0.088847	0.000827	0.006032	0.019579	0.076791	0.016944	0.057897	0.012670	0.005132	0.022287	0.040104	0.172534	0.019795	
0.366026	0.004769	0.150494	0.001346	0.010168	0.039930	0.065019	0.013550	0.108644	0.018008	0.008832	0.028812	0.020927	0.143633	0.019843	
0.282083	0.001211	0.179661	0.001091	0.019467	0.041494	0.035626	0.018303	0.145148	0.044007	0.024647	0.037677	0.029295	0.091545	0.048743	
0.263229	0.001104	0.244720	0.000651	0.009000	0.055488	0.037131	0.014706	0.135180	0.018998	0.009252	0.037737	0.022038	0.132755	0.018012	
0.270038	0.001246	0.073473	0.000863	0.043599	0.006795	0.015507	0.014058	0.164287	0.096886	0.063430	0.041397	0.056704	0.018680	0.133036	
0.384923	0.005729	0.146997	0.000652	0.024213	0.043258	0.037841	0.061568	0.080129	0.053958	0.004143	0.023282	0.017470	0.108136	0.007700	
0.324354	0.002709	0.179695	0.000650	0.016737	0.038977	0.036021	0.041304	0.096983	0.035573	0.009768	0.039380	0.043347	0.115457	0.019046	
0.378596	0.003877	0.103369	0.000660	0.027586	0.018491	0.030753	0.067904	0.065011	0.060395	0.016221	0.042276	0.068869	0.083840	0.032151	
0.551908	0.003141	0.025979	0.000539	0.015370	0.011091	0.023620	0.129627	0.016623	0.098618	0.005324	0.012251	0.069117	0.030909	0.005883	
0.555735	0.002393	0.026661	0.000586	0.010566	0.009763	0.025884	0.125581	0.018915	0.094281	0.005578	0.012166	0.073093	0.032352	0.006446	
0.544916	0.001089	0.035846	0.000740	0.006840	0.012591	0.025621	0.119366	0.035312	0.093980	0.008161	0.010806	0.069495	0.024630	0.010607	
0.310372	0.002501	0.099185	0.000538	0.031563	0.015123	0.025106	0.018172	0.136760	0.076031	0.045508	0.033223	0.047577	0.060176	0.098166	
0.397029	0.000794	0.071774	0.003342	0.016230	0.023318	0.069643	0.052145	0.107150	0.035593	0.016017	0.054686	0.069531	0.064099	0.018649	
0.462193	0.004431	0.052251	0.001504	0.012821	0.014295	0.060608	0.049840	0.070752	0.047677	0.014971	0.026984	0.055656	0.095383	0.030636	
0.364615	0.000796	0.030205	0.008338	0.028091	0.052904	0.137315	0.013957	0.215345	0.010601	0.020560	0.070877	0.009150	0.031674	0.005571	
0.396419	0.000824	0.085741	0.003463	0.013670	0.029012	0.073258	0.051445	0.108349	0.028902	0.011346	0.053966	0.063086	0.072455	0.008064	
0.369545	0.001676	0.077962	0.005121	0.021805	0.045432	0.095821	0.026515	0.166305	0.026687	0.017459	0.051428	0.019297	0.060242	0.014706	
