0.045687	0.028981	0.241391	0.057620	0.091033	0.028981	0.506308	
0.120826	0.364200	0.094320	0.130465	0.034079	0.024441	0.231670	
0.072285	0.182597	0.031518	0.029120	0.057897	0.021925	0.604659	
0.496745	0.050702	0.146626	0.103460	0.103460	0.072285	0.026721	
0.647258	0.092756	0.031144	0.047732	0.019296	0.109343	0.052471	
0.495599	0.213609	0.064320	0.050102	0.031144	0.111713	0.033514	
0.421513	0.026218	0.028571	0.026218	0.397983	0.052101	0.047395	
0.038527	0.217525	0.234231	0.248551	0.033754	0.172179	0.055234	
0.077640	0.034161	0.584886	0.109041	0.058316	0.116287	0.019669	
0.046576	0.027112	0.051442	0.331248	0.384776	0.114703	0.044143	
0.021412	0.019070	0.040147	0.339913	0.391435	0.152559	0.035463	
0.244848	0.029689	0.147049	0.254628	0.186168	0.112819	0.024799	
0.058472	0.018937	0.142193	0.649169	0.042193	0.049169	0.039867	
0.121262	0.184053	0.056146	0.535216	0.032890	0.039867	0.030565	
0.126798	0.122114	0.037805	0.569421	0.061224	0.058883	0.023754	
0.029120	0.053100	0.048304	0.024323	0.033916	0.139431	0.671805	
0.026786	0.267170	0.033997	0.048420	0.038805	0.029190	0.555632	
0.031593	0.055632	0.046016	0.043613	0.291209	0.062843	0.469093	
0.059864	0.036054	0.147959	0.028912	0.650340	0.038435	0.038435	
0.174565	0.028981	0.062393	0.045687	0.026594	0.549267	0.112513	
0.095806	0.169792	0.062393	0.036140	0.262871	0.332083	0.040914	
0.121411	0.034244	0.060879	0.048772	0.273954	0.431339	0.029402	
0.038898	0.373838	0.036489	0.036489	0.026850	0.443718	0.043718	
0.053228	0.036401	0.283997	0.021978	0.276786	0.303228	0.024382	
