0.024207	0.069553	0.038527	0.613706	0.017047	0.172179	0.064780	
0.060440	0.192651	0.029190	0.425824	0.089286	0.118132	0.084478	
0.041110	0.225762	0.038712	0.467968	0.053100	0.146626	0.026721	
0.074683	0.381638	0.033916	0.031518	0.017129	0.029120	0.431997	
0.618261	0.033356	0.038073	0.040431	0.061658	0.104111	0.104111	
0.400812	0.147258	0.066689	0.052471	0.189912	0.078538	0.064320	
0.574150	0.157483	0.036054	0.026531	0.147959	0.033673	0.024150	
0.065404	0.176248	0.279862	0.041308	0.046127	0.330465	0.060585	
0.136601	0.209593	0.297185	0.034411	0.039277	0.238790	0.044143	
0.036934	0.051568	0.649129	0.088153	0.027178	0.068641	0.078397	
0.030997	0.179582	0.627695	0.030997	0.061658	0.030997	0.038073	
0.242328	0.039859	0.378131	0.032451	0.062081	0.089242	0.155908	
0.028174	0.090819	0.144183	0.079218	0.032814	0.598939	0.025853	
0.085979	0.141534	0.319775	0.060516	0.021164	0.271164	0.099868	
0.150217	0.051857	0.115089	0.047173	0.108063	0.492138	0.035463	
0.045470	0.401765	0.031218	0.157109	0.092976	0.090601	0.180862	
0.026980	0.445866	0.041508	0.109305	0.031823	0.133518	0.211000	
0.066689	0.265741	0.021666	0.263372	0.090386	0.057211	0.234936	
0.029120	0.175403	0.062693	0.043508	0.031518	0.050702	0.607057	
0.086674	0.187393	0.345666	0.098664	0.096266	0.033916	0.151422	
0.050581	0.057758	0.289815	0.072112	0.124744	0.062543	0.342447	
0.126254	0.123833	0.031823	0.031823	0.586302	0.056036	0.043929	
0.045906	0.024323	0.031518	0.057897	0.758136	0.036314	0.045906	
0.300574	0.213104	0.080716	0.035799	0.208376	0.123269	0.038163	
