0.021873	0.036227	0.036227	0.682160	0.172591	0.026658	0.024265	
0.088646	0.093420	0.093420	0.420389	0.036140	0.205592	0.062393	
0.026721	0.081877	0.081877	0.532717	0.033916	0.206578	0.036314	
0.187393	0.151422	0.024323	0.031518	0.026721	0.029120	0.549503	
0.479111	0.042790	0.030997	0.033356	0.071092	0.049865	0.292790	
0.204615	0.083475	0.026468	0.040719	0.152358	0.190363	0.302002	
0.287395	0.030924	0.139160	0.021513	0.030924	0.037983	0.452101	
0.028707	0.430598	0.028707	0.042891	0.229652	0.198919	0.040527	
0.031293	0.478912	0.038435	0.031293	0.162245	0.071769	0.186054	
0.029260	0.031670	0.026850	0.029260	0.622031	0.065404	0.195525	
0.025974	0.135531	0.021312	0.016650	0.720613	0.030636	0.049284	
0.056446	0.034495	0.024739	0.024739	0.371080	0.190592	0.297909	
0.023588	0.121262	0.030565	0.139867	0.163123	0.493355	0.028239	
0.088911	0.130869	0.025974	0.028305	0.070263	0.629704	0.025974	
0.065449	0.032890	0.030565	0.030565	0.018937	0.784053	0.037542	
0.021717	0.028843	0.831693	0.026468	0.026468	0.040719	0.024092	
0.131606	0.026594	0.740198	0.024207	0.024207	0.036140	0.017047	
0.060007	0.045687	0.764064	0.052847	0.026594	0.024207	0.026594	
0.026405	0.052471	0.336831	0.024035	0.355789	0.028775	0.175694	
0.594164	0.109603	0.090601	0.026468	0.033593	0.043095	0.102477	
0.376841	0.139431	0.089072	0.024323	0.163412	0.024323	0.182597	
0.590706	0.091910	0.026850	0.024441	0.034079	0.024441	0.207573	
0.736554	0.031518	0.048304	0.055498	0.036314	0.033916	0.057897	
0.439769	0.325755	0.035969	0.019342	0.097727	0.021717	0.059722	
