0.512005	0.016559	0.017443	0.000951	0.026697	0.008459	0.014776	0.169569	0.019485	0.165996	0.004374	0.007259	0.016884	0.015130	0.004413	
0.455983	0.009733	0.062753	0.000908	0.025565	0.022526	0.035667	0.110306	0.056398	0.108268	0.004287	0.031824	0.029119	0.041658	0.005005	
0.491625	0.010196	0.060262	0.001068	0.025972	0.017930	0.026870	0.117960	0.032692	0.119308	0.005301	0.025460	0.033590	0.027321	0.004446	
0.542366	0.001109	0.037215	0.010103	0.022510	0.059890	0.133889	0.011475	0.032327	0.012226	0.067061	0.019337	0.006952	0.038051	0.005490	
0.358535	0.002750	0.079979	0.003891	0.025955	0.019601	0.073409	0.025601	0.175372	0.014534	0.025363	0.068909	0.019344	0.084144	0.022611	
0.443357	0.001418	0.083413	0.006183	0.020492	0.037965	0.084953	0.016218	0.092273	0.018634	0.040911	0.027772	0.028183	0.066286	0.031941	
0.445598	0.002335	0.053772	0.005763	0.028204	0.025960	0.088297	0.031834	0.119705	0.022633	0.037735	0.060590	0.017999	0.054005	0.005570	
0.305522	0.001674	0.144576	0.001069	0.011912	0.073815	0.083259	0.020446	0.104966	0.025696	0.006104	0.019957	0.037454	0.124048	0.039501	
0.316040	0.001616	0.115320	0.003010	0.010697	0.102301	0.128340	0.017635	0.084278	0.017719	0.019058	0.009936	0.018663	0.129944	0.025444	
0.277107	0.000961	0.122444	0.003211	0.013389	0.020604	0.044661	0.011442	0.193549	0.011394	0.021863	0.012911	0.049817	0.128118	0.088529	
0.234211	0.001206	0.136899	0.000957	0.011652	0.025380	0.032662	0.024699	0.197452	0.024445	0.006565	0.008381	0.060491	0.142997	0.092002	
0.334064	0.001710	0.121421	0.002731	0.019744	0.015002	0.044176	0.016571	0.170333	0.016777	0.017950	0.044858	0.042078	0.097548	0.055038	
0.410369	0.001890	0.132775	0.000888	0.019622	0.039557	0.044774	0.041878	0.067885	0.051359	0.004599	0.033416	0.055571	0.070452	0.024966	
0.417714	0.001193	0.159069	0.000897	0.020306	0.029533	0.035222	0.020793	0.078240	0.035579	0.004669	0.050156	0.055102	0.064952	0.026572	
0.517286	0.001175	0.170503	0.000911	0.025363	0.015066	0.017482	0.021264	0.027953	0.044905	0.004245	0.069047	0.060666	0.019514	0.004619	
0.520409	0.000903	0.015582	0.000709	0.032394	0.006509	0.011899	0.136758	0.017470	0.127748	0.003312	0.007515	0.103120	0.012466	0.003205	
0.513810	0.000907	0.018585	0.000845	0.032224	0.007012	0.014685	0.131499	0.024405	0.122376	0.004245	0.010845	0.099659	0.015307	0.003596	
0.492155	0.001969	0.028486	0.001194	0.029597	0.014064	0.024016	0.121118	0.034540	0.113394	0.006658	0.009962	0.086569	0.027314	0.008965	
0.411756	0.001597	0.067382	0.003492	0.021614	0.018613	0.043213	0.060774	0.103300	0.057931	0.022981	0.009066	0.061457	0.069807	0.047018	
0.329199	0.003316	0.084323	0.001298	0.028644	0.021275	0.065421	0.044670	0.182121	0.029021	0.007436	0.085669	0.024005	0.087843	0.005760	
0.350236	0.002393	0.082481	0.003477	0.024098	0.026376	0.073286	0.029944	0.165164	0.019889	0.022596	0.057530	0.025766	0.090038	0.026727	
0.347928	0.003302	0.079584	0.003414	0.027850	0.027228	0.086618	0.024776	0.181570	0.010178	0.021807	0.086943	0.007514	0.086095	0.005195	
0.299412	0.004256	0.091631	0.000756	0.031182	0.006094	0.056292	0.038559	0.226220	0.019566	0.003810	0.110298	0.015069	0.091870	0.004987	
0.258224	0.002800	0.120344	0.000597	0.018463	0.076446	0.109723	0.022619	0.160090	0.011884	0.002514	0.064669	0.010350	0.133532	0.007745	
