0.453136	0.010466	0.014190	0.001052	0.032781	0.059137	0.048033	0.121018	0.021980	0.196625	0.004767	0.009822	0.007443	0.014967	0.004582	
0.454966	0.003412	0.132283	0.001038	0.028974	0.022487	0.029423	0.078884	0.039496	0.089491	0.006025	0.036642	0.045052	0.024547	0.007280	
0.497503	0.004250	0.073837	0.000858	0.026682	0.025665	0.026334	0.104087	0.027964	0.111468	0.004243	0.022690	0.053897	0.015813	0.004708	
0.505474	0.000909	0.018439	0.013201	0.004547	0.091634	0.219520	0.011442	0.018315	0.011821	0.073228	0.006540	0.007518	0.013470	0.003941	
0.355994	0.003049	0.098546	0.004037	0.026712	0.037206	0.073156	0.027869	0.135527	0.028160	0.021618	0.056447	0.031516	0.073279	0.026885	
0.460011	0.001514	0.078034	0.007020	0.016471	0.051983	0.121240	0.036076	0.052751	0.030180	0.039303	0.028588	0.031207	0.034148	0.011473	
0.275575	0.006438	0.040146	0.003828	0.037891	0.031325	0.069151	0.024747	0.164642	0.018682	0.021385	0.090459	0.021557	0.128327	0.065847	
0.356247	0.000941	0.203104	0.000877	0.005708	0.025436	0.087425	0.018781	0.082908	0.016954	0.020955	0.007239	0.013709	0.136936	0.022780	
0.261848	0.004835	0.145164	0.000961	0.026791	0.021426	0.063334	0.015482	0.140935	0.018674	0.015221	0.061872	0.008885	0.158922	0.055653	
0.331433	0.001850	0.094309	0.002750	0.011261	0.045930	0.078175	0.019597	0.205193	0.024109	0.017821	0.020134	0.030651	0.103865	0.012923	
0.292250	0.001226	0.112330	0.001132	0.006261	0.040095	0.067145	0.010797	0.248790	0.010945	0.011893	0.012981	0.031774	0.137521	0.014859	
0.322009	0.002762	0.178252	0.001227	0.023099	0.020508	0.060673	0.021407	0.109543	0.022298	0.015222	0.049351	0.019944	0.118506	0.035199	
0.409905	0.001714	0.187938	0.001021	0.024561	0.017338	0.040727	0.048551	0.060194	0.050536	0.009929	0.040193	0.038247	0.056399	0.012747	
0.412637	0.001260	0.193981	0.001262	0.028497	0.014986	0.030517	0.047290	0.069679	0.047114	0.007960	0.050862	0.045622	0.038788	0.009545	
0.425076	0.001155	0.217724	0.000712	0.031921	0.008972	0.017547	0.052941	0.048704	0.054513	0.004377	0.055942	0.048508	0.024993	0.006915	
0.571333	0.001152	0.018174	0.001731	0.016495	0.014243	0.030905	0.114552	0.025239	0.068042	0.009479	0.011632	0.090407	0.019441	0.007175	
0.567310	0.000872	0.025316	0.000692	0.015755	0.009802	0.016154	0.118123	0.040740	0.070440	0.003730	0.008701	0.096003	0.022211	0.004152	
0.523416	0.002383	0.020089	0.000898	0.019545	0.016073	0.021948	0.109593	0.059535	0.076304	0.004627	0.017344	0.081774	0.035215	0.011257	
0.378361	0.006523	0.028893	0.000855	0.036382	0.018886	0.023100	0.080570	0.106162	0.074505	0.004476	0.063603	0.046231	0.086075	0.045379	
0.321797	0.006037	0.059421	0.003347	0.036831	0.028874	0.062871	0.039220	0.121163	0.036823	0.019226	0.079850	0.025053	0.104338	0.055151	
0.338163	0.005467	0.054328	0.003006	0.037257	0.022993	0.051230	0.045746	0.122207	0.033431	0.016278	0.081561	0.036423	0.097910	0.054001	
0.250204	0.006223	0.053454	0.001634	0.037922	0.023122	0.036980	0.028898	0.210031	0.023741	0.008685	0.088678	0.030682	0.138105	0.061640	
0.360562	0.001657	0.059345	0.000643	0.013565	0.030866	0.032941	0.048283	0.227121	0.035115	0.003134	0.020877	0.060001	0.095056	0.010833	
0.370192	0.001199	0.050691	0.005221	0.007082	0.058759	0.107988	0.018099	0.196998	0.015642	0.029232	0.012721	0.033674	0.084619	0.007884	
