0.503218	0.001599	0.027810	0.000598	0.022113	0.069418	0.049610	0.040653	0.023735	0.093077	0.003481	0.011640	0.035522	0.013992	0.103534	
0.490277	0.008642	0.058634	0.002538	0.019378	0.024353	0.037839	0.115436	0.033514	0.086391	0.015792	0.018499	0.050818	0.032209	0.005680	
0.495912	0.016278	0.021573	0.001242	0.011222	0.020396	0.018178	0.178825	0.019473	0.144979	0.006521	0.009541	0.035597	0.013390	0.006873	
0.528073	0.001054	0.041680	0.011109	0.005366	0.075134	0.141053	0.012828	0.035454	0.011976	0.063707	0.010758	0.017814	0.039213	0.004781	
0.379665	0.003054	0.062362	0.006026	0.018556	0.042428	0.098681	0.031462	0.138524	0.029092	0.035675	0.053540	0.022647	0.073942	0.004347	
0.470914	0.005082	0.045657	0.007640	0.009727	0.053961	0.104303	0.052092	0.066175	0.045043	0.044080	0.024488	0.020657	0.046217	0.003965	
0.353545	0.000749	0.049371	0.006026	0.019261	0.052520	0.110782	0.009150	0.166863	0.021464	0.034405	0.056903	0.014020	0.082713	0.022225	
0.312002	0.003720	0.168784	0.001038	0.012311	0.018859	0.053208	0.047241	0.133523	0.046392	0.005737	0.018655	0.021633	0.138820	0.018077	
0.317122	0.000718	0.186452	0.003296	0.007629	0.032603	0.081762	0.007359	0.129627	0.019046	0.018857	0.013538	0.012747	0.149735	0.019510	
0.355817	0.001201	0.128271	0.001094	0.016733	0.043112	0.061354	0.016102	0.110691	0.052112	0.007057	0.026252	0.021317	0.100506	0.058380	
0.290994	0.000879	0.160371	0.000923	0.012113	0.036174	0.067197	0.010621	0.151385	0.041258	0.004488	0.022039	0.009429	0.142549	0.049581	
0.389378	0.000969	0.125767	0.002561	0.023490	0.036551	0.063595	0.013108	0.095823	0.034977	0.018667	0.045046	0.039329	0.077708	0.033030	
0.353648	0.001624	0.211124	0.000662	0.028048	0.006506	0.033001	0.017075	0.091439	0.023507	0.011608	0.053376	0.059090	0.104198	0.005093	
0.395243	0.004451	0.175181	0.000736	0.027746	0.008335	0.026077	0.045240	0.066051	0.046696	0.011961	0.052165	0.061174	0.074241	0.004706	
0.440889	0.003777	0.144543	0.000943	0.038739	0.010769	0.020473	0.037872	0.046045	0.045329	0.016557	0.077061	0.080216	0.029717	0.007069	
0.560347	0.001329	0.021993	0.000630	0.042601	0.010062	0.012079	0.129435	0.027005	0.052798	0.003118	0.010880	0.105669	0.017673	0.004380	
0.558621	0.006555	0.014946	0.000716	0.032878	0.012586	0.009701	0.155110	0.011934	0.087131	0.003386	0.006087	0.087039	0.008925	0.004386	
0.548865	0.001047	0.020288	0.000673	0.036974	0.027351	0.023422	0.105420	0.025379	0.062624	0.003085	0.008285	0.086859	0.017022	0.032707	
0.444209	0.001007	0.030686	0.003056	0.016492	0.075139	0.083634	0.015125	0.076273	0.070335	0.016801	0.023873	0.014491	0.040339	0.088539	
0.198616	0.001500	0.096851	0.001048	0.035848	0.009517	0.065186	0.022364	0.273403	0.020027	0.008145	0.103474	0.030140	0.128713	0.005167	
0.353125	0.003539	0.069551	0.002004	0.026985	0.029148	0.059889	0.049452	0.148109	0.051837	0.013023	0.059310	0.035313	0.074606	0.024108	
0.244990	0.000933	0.072116	0.002828	0.027119	0.031046	0.087378	0.014406	0.243382	0.023673	0.016111	0.080776	0.015714	0.118307	0.021219	
0.242873	0.007036	0.061308	0.001033	0.025120	0.013069	0.057718	0.076273	0.235459	0.063911	0.005209	0.077261	0.017247	0.110418	0.006064	
0.281481	0.001631	0.071397	0.001410	0.024319	0.037154	0.072779	0.025058	0.202845	0.046590	0.007293	0.061230	0.015562	0.106405	0.044847	
