0.024207	0.833277	0.017047	0.033754	0.024207	0.017047	0.050460	
0.045578	0.226531	0.019388	0.059864	0.412245	0.109864	0.126531	
0.036314	0.165810	0.026721	0.448784	0.199383	0.065091	0.057897	
0.643197	0.038435	0.019388	0.052721	0.021769	0.169388	0.055102	
0.460429	0.044936	0.028504	0.068410	0.284373	0.077800	0.035547	
0.404140	0.021717	0.026468	0.290126	0.116729	0.102477	0.038344	
0.734454	0.028571	0.026218	0.099160	0.035630	0.037983	0.037983	
0.035630	0.141513	0.165042	0.042689	0.341513	0.228571	0.045042	
0.064626	0.195578	0.121769	0.038435	0.109864	0.445578	0.024150	
0.224739	0.061324	0.551568	0.029617	0.027178	0.039373	0.066202	
0.044726	0.028371	0.745661	0.019025	0.019025	0.100801	0.042390	
0.063919	0.022354	0.477122	0.022354	0.340203	0.049249	0.024799	
0.055757	0.122732	0.166612	0.062686	0.485318	0.064995	0.041900	
0.030636	0.025974	0.063270	0.039960	0.627373	0.158841	0.053946	
0.040053	0.056409	0.037717	0.070427	0.736315	0.026035	0.033044	
0.040914	0.040914	0.021821	0.021821	0.033754	0.055234	0.785544	
0.033916	0.041110	0.024323	0.108256	0.021925	0.048304	0.722165	
0.096036	0.134313	0.048189	0.026658	0.021873	0.031442	0.641490	
0.031293	0.155102	0.071769	0.071769	0.017007	0.307483	0.345578	
0.452721	0.081293	0.050340	0.033673	0.093197	0.136054	0.152721	
0.262871	0.028981	0.040914	0.217525	0.110126	0.179339	0.160245	
0.392598	0.017295	0.099620	0.201314	0.065721	0.164995	0.058457	
0.046351	0.031823	0.172259	0.615358	0.034244	0.043929	0.056036	
0.284350	0.052847	0.162632	0.100580	0.026594	0.317763	0.055234	
