0.551733	0.006823	0.017680	0.000752	0.037366	0.032415	0.016391	0.135779	0.026342	0.117560	0.003164	0.009962	0.020721	0.015771	0.007540	
0.513611	0.005290	0.074211	0.002364	0.031833	0.038188	0.040813	0.091173	0.022320	0.079776	0.014687	0.019945	0.032276	0.028943	0.004569	
0.519851	0.004288	0.045074	0.001028	0.032633	0.030756	0.023232	0.120280	0.021261	0.112468	0.003620	0.010785	0.040848	0.027227	0.006650	
0.494569	0.009098	0.069669	0.007641	0.047996	0.059408	0.102328	0.013113	0.033830	0.012834	0.060500	0.030292	0.009783	0.041965	0.006974	
0.421412	0.005972	0.084878	0.004636	0.032783	0.031887	0.075469	0.030085	0.101987	0.025977	0.037230	0.048174	0.028962	0.053124	0.017424	
0.383980	0.003156	0.127760	0.002756	0.017381	0.028375	0.062370	0.034384	0.113146	0.025798	0.018554	0.051235	0.041132	0.069144	0.020829	
0.458620	0.008277	0.066324	0.006628	0.045741	0.041664	0.077785	0.021149	0.070450	0.021401	0.055062	0.032553	0.023552	0.046353	0.024442	
0.393589	0.000988	0.162924	0.002326	0.005185	0.070765	0.082254	0.029741	0.049058	0.021651	0.002484	0.022814	0.031103	0.110902	0.014216	
0.338095	0.002140	0.125612	0.003242	0.010892	0.072151	0.088281	0.010569	0.102399	0.009518	0.011732	0.019123	0.023907	0.141957	0.040381	
0.202464	0.001526	0.103695	0.001157	0.008537	0.014507	0.018964	0.015669	0.253879	0.014558	0.006893	0.034775	0.056003	0.160919	0.106453	
0.247508	0.001018	0.108468	0.001212	0.008119	0.027892	0.033387	0.024548	0.203824	0.024260	0.003495	0.028953	0.051988	0.151242	0.084086	
0.344311	0.005934	0.076706	0.004754	0.030956	0.032166	0.066318	0.010118	0.159000	0.009866	0.038571	0.040539	0.030092	0.095992	0.054677	
0.430570	0.001282	0.192742	0.001352	0.006481	0.031034	0.036725	0.053676	0.048386	0.035048	0.003454	0.041615	0.055686	0.051362	0.010587	
0.452491	0.004022	0.148981	0.003185	0.021095	0.032950	0.049300	0.045782	0.050814	0.032025	0.022062	0.040067	0.043837	0.041360	0.012029	
0.458379	0.003209	0.173461	0.002426	0.016991	0.017379	0.037105	0.053490	0.052168	0.035175	0.018090	0.053098	0.055260	0.019894	0.003876	
0.492775	0.002355	0.042251	0.001713	0.035325	0.020124	0.029631	0.109851	0.025944	0.117930	0.010487	0.013829	0.064032	0.028264	0.005491	
0.496982	0.001659	0.032938	0.001345	0.036385	0.014720	0.023301	0.120423	0.021239	0.132244	0.007826	0.011306	0.072200	0.023516	0.003917	
0.472848	0.001598	0.022740	0.001232	0.035673	0.012123	0.028322	0.116209	0.047097	0.129238	0.007397	0.016877	0.069719	0.031911	0.007015	
0.345379	0.001373	0.075376	0.001390	0.020246	0.023418	0.029322	0.061665	0.131593	0.067129	0.006275	0.020127	0.059958	0.102439	0.054312	
0.285589	0.001161	0.063212	0.000893	0.012006	0.008854	0.084431	0.040903	0.224342	0.041602	0.004561	0.079953	0.037780	0.096635	0.018078	
0.392506	0.004361	0.088574	0.003686	0.026435	0.031659	0.073711	0.033422	0.115691	0.031278	0.027277	0.047293	0.034109	0.069342	0.020656	
0.258266	0.001179	0.044843	0.001159	0.009861	0.018616	0.120482	0.026618	0.252724	0.029555	0.004458	0.093200	0.020279	0.113408	0.005352	
0.305064	0.001102	0.118843	0.000751	0.006422	0.008477	0.064185	0.037530	0.195793	0.028301	0.003341	0.077078	0.045064	0.085539	0.022511	
0.262627	0.000938	0.075512	0.001622	0.004407	0.043309	0.132745	0.011537	0.220344	0.011937	0.002488	0.079833	0.010978	0.135391	0.006334	
