0.057346	0.045470	0.114354	0.021717	0.031218	0.024092	0.705803	
0.087808	0.362040	0.149274	0.040527	0.248565	0.040527	0.071260	
0.060732	0.669427	0.043823	0.051070	0.029331	0.022084	0.123533	
0.220718	0.128301	0.047732	0.109343	0.215978	0.061950	0.215978	
0.440336	0.148571	0.052101	0.129748	0.110924	0.087395	0.030924	
0.343058	0.120054	0.042589	0.110664	0.228035	0.103622	0.051979	
0.735562	0.026342	0.023978	0.106721	0.021614	0.035799	0.049983	
0.045687	0.167405	0.100580	0.081487	0.114899	0.439482	0.050460	
0.072809	0.188751	0.026915	0.080055	0.084886	0.432712	0.113872	
0.041914	0.024799	0.098149	0.191058	0.068809	0.477122	0.098149	
0.035134	0.132582	0.028174	0.035134	0.060656	0.622141	0.086178	
0.068809	0.037024	0.027244	0.137269	0.063919	0.381767	0.283968	
0.051376	0.139543	0.046735	0.443487	0.062976	0.120981	0.134902	
0.025974	0.170496	0.037629	0.466533	0.049284	0.226440	0.023643	
0.077437	0.047063	0.044726	0.666222	0.084446	0.047063	0.033044	
0.019527	0.194587	0.537513	0.060295	0.132237	0.033916	0.021925	
0.026786	0.074863	0.779190	0.026786	0.046016	0.019574	0.026786	
0.057897	0.043508	0.686194	0.024323	0.084275	0.036314	0.067489	
0.052471	0.175694	0.040623	0.085647	0.040623	0.061950	0.542993	
0.050340	0.024150	0.045578	0.128912	0.543197	0.076531	0.131293	
0.038898	0.036489	0.079862	0.113597	0.328055	0.202754	0.200344	
0.119569	0.022245	0.056309	0.066041	0.572124	0.109837	0.053876	
0.106883	0.060879	0.029402	0.053615	0.632307	0.077828	0.039087	
0.328847	0.077640	0.055901	0.094548	0.229814	0.193582	0.019669	
