0.016886	0.035799	0.019250	0.016886	0.033435	0.849037	0.028707	
0.040719	0.223617	0.100102	0.031218	0.280624	0.254496	0.069223	
0.219326	0.156065	0.068474	0.046576	0.207160	0.246090	0.056309	
0.028912	0.019388	0.021769	0.097959	0.397959	0.028912	0.405102	
0.224924	0.111449	0.151638	0.031071	0.019250	0.033435	0.428234	
0.037894	0.411133	0.089537	0.037894	0.026157	0.028504	0.368880	
0.040527	0.031071	0.028707	0.023978	0.047619	0.026342	0.801756	
0.105605	0.328093	0.289815	0.055366	0.110390	0.067327	0.043404	
0.031823	0.046351	0.244898	0.051193	0.402283	0.056036	0.167416	
0.027244	0.032134	0.144604	0.648271	0.051694	0.044359	0.051694	
0.033199	0.253856	0.218645	0.408786	0.019115	0.037894	0.028504	
0.054139	0.078589	0.433112	0.247293	0.032134	0.073699	0.081034	
0.202627	0.115271	0.223317	0.191133	0.140558	0.078489	0.048604	
0.098465	0.079773	0.434913	0.110147	0.182577	0.056409	0.037717	
0.117706	0.176392	0.270288	0.244467	0.049631	0.054326	0.087190	
0.026721	0.053100	0.029120	0.055498	0.770127	0.019527	0.045906	
0.076349	0.083475	0.024092	0.026468	0.729555	0.021717	0.038344	
0.115728	0.211882	0.036401	0.132555	0.413805	0.043613	0.046016	
0.019669	0.019669	0.029331	0.430297	0.401311	0.038992	0.060732	
0.067167	0.069553	0.262871	0.033754	0.270031	0.064780	0.231845	
0.021978	0.127747	0.303228	0.202266	0.211882	0.021978	0.110920	
0.525522	0.053100	0.029120	0.033916	0.163412	0.031518	0.163412	
0.451803	0.255201	0.044036	0.080444	0.046463	0.024619	0.097434	
0.361530	0.039663	0.032292	0.152685	0.206739	0.029835	0.177255	
