0.485409	0.009014	0.019322	0.000853	0.032495	0.040702	0.014069	0.163974	0.027601	0.156154	0.003944	0.007172	0.006318	0.024184	0.008789	
0.465184	0.005120	0.041638	0.001621	0.025760	0.041321	0.048068	0.108247	0.036420	0.098918	0.004954	0.015311	0.023268	0.072773	0.011398	
0.462697	0.006976	0.053545	0.001053	0.031532	0.036887	0.025567	0.134045	0.038885	0.128948	0.003732	0.017687	0.020318	0.033017	0.005112	
0.523579	0.000879	0.066699	0.009057	0.004184	0.041359	0.121646	0.011802	0.047665	0.010725	0.068081	0.022593	0.006314	0.059605	0.005810	
0.393349	0.001692	0.090668	0.003380	0.022035	0.015930	0.098947	0.028680	0.161244	0.030951	0.025817	0.058514	0.031533	0.032321	0.004941	
0.514796	0.001000	0.058482	0.007592	0.012046	0.030603	0.098500	0.032548	0.058316	0.027220	0.059056	0.030336	0.023087	0.038204	0.008214	
0.442558	0.003296	0.057997	0.005107	0.015170	0.036613	0.064201	0.043114	0.088442	0.036831	0.039725	0.027530	0.029794	0.074762	0.034860	
0.374551	0.002317	0.125445	0.002552	0.013070	0.054564	0.087777	0.017491	0.071896	0.020431	0.004769	0.024065	0.029018	0.152817	0.019237	
0.397651	0.001260	0.137583	0.003712	0.013777	0.046353	0.094733	0.011213	0.070272	0.016100	0.016189	0.031761	0.032649	0.118949	0.007797	
0.263162	0.005309	0.162703	0.001614	0.019720	0.040845	0.024932	0.010331	0.169819	0.020317	0.010869	0.045286	0.050188	0.116809	0.058097	
0.231309	0.008059	0.119595	0.001056	0.011118	0.063406	0.025427	0.010784	0.180391	0.017880	0.004111	0.023151	0.024691	0.190269	0.088753	
0.354781	0.000808	0.207244	0.003649	0.027559	0.014294	0.045082	0.009450	0.123586	0.022016	0.027915	0.067754	0.073853	0.017016	0.004994	
0.337210	0.002178	0.190844	0.001391	0.028948	0.026442	0.036924	0.031580	0.105027	0.040932	0.004197	0.054540	0.068083	0.061878	0.009826	
0.323002	0.001197	0.199977	0.001150	0.031326	0.017207	0.040829	0.022697	0.128804	0.032573	0.003761	0.066282	0.077532	0.047044	0.006618	
0.329769	0.001282	0.210962	0.001453	0.031451	0.018374	0.035989	0.023998	0.116161	0.035336	0.006041	0.064795	0.078448	0.041868	0.004072	
0.499879	0.000640	0.026652	0.001018	0.037581	0.010239	0.029695	0.113106	0.033239	0.088741	0.004376	0.039361	0.079644	0.027847	0.007983	
0.503017	0.001045	0.021280	0.001184	0.036543	0.012019	0.033063	0.114808	0.034332	0.091053	0.005827	0.037211	0.073143	0.027761	0.007715	
0.471046	0.002104	0.025798	0.000839	0.035701	0.015728	0.019626	0.110861	0.051221	0.088264	0.004409	0.035840	0.073686	0.042526	0.022352	
0.416909	0.004176	0.055376	0.004042	0.015093	0.043213	0.054404	0.046940	0.090452	0.039735	0.029486	0.022168	0.029734	0.103026	0.045248	
0.404857	0.002946	0.078717	0.001447	0.027333	0.030092	0.031555	0.069171	0.078950	0.059105	0.006723	0.034600	0.060249	0.082909	0.031345	
0.308305	0.007100	0.064024	0.002298	0.011467	0.054712	0.043386	0.029719	0.162395	0.028580	0.016519	0.021437	0.017534	0.155382	0.077142	
0.342345	0.000865	0.036294	0.001516	0.019182	0.009611	0.158089	0.008957	0.254892	0.008297	0.009122	0.071855	0.011133	0.063015	0.004826	
0.377723	0.002181	0.035234	0.001037	0.024139	0.016742	0.106746	0.047617	0.182893	0.041082	0.004820	0.055078	0.026658	0.064777	0.013274	
0.349401	0.002882	0.058497	0.001470	0.015814	0.037539	0.106623	0.024600	0.163284	0.021849	0.003266	0.039902	0.018787	0.127631	0.028454	
