0.019434	0.556427	0.143539	0.024207	0.031367	0.150699	0.074327	
0.028981	0.499148	0.055234	0.055234	0.098193	0.062393	0.200818	
0.024382	0.507555	0.038805	0.074863	0.079670	0.067651	0.207074	
0.226531	0.064626	0.059864	0.024150	0.097959	0.038435	0.488435	
0.483827	0.056941	0.033356	0.061658	0.028639	0.028639	0.306941	
0.330526	0.097035	0.030997	0.189016	0.073450	0.082884	0.196092	
0.242689	0.021513	0.103866	0.030924	0.023866	0.066218	0.510924	
0.028912	0.126531	0.078912	0.090816	0.076531	0.352721	0.245578	
0.043823	0.031746	0.195997	0.036577	0.092133	0.266046	0.333678	
0.027178	0.032056	0.119861	0.114983	0.044251	0.619861	0.041812	
0.021412	0.030780	0.129140	0.030780	0.054199	0.716962	0.016728	
0.037298	0.039761	0.054539	0.034835	0.022519	0.492963	0.318086	
0.018893	0.155784	0.144183	0.035134	0.081538	0.496851	0.067617	
0.023479	0.136905	0.139220	0.046627	0.062831	0.560516	0.030423	
0.030924	0.242689	0.045042	0.094454	0.040336	0.412101	0.134454	
0.040719	0.028843	0.071598	0.028843	0.772311	0.028843	0.028843	
0.050460	0.040914	0.181725	0.067167	0.601773	0.026594	0.031367	
0.017007	0.033673	0.043197	0.047959	0.607483	0.024150	0.226531	
0.047732	0.019296	0.789438	0.019296	0.061950	0.033514	0.028775	
0.478912	0.176531	0.114626	0.097959	0.069388	0.028912	0.033673	
0.026280	0.021563	0.045148	0.667790	0.177224	0.026280	0.035714	
0.497920	0.048890	0.128988	0.029473	0.048890	0.024619	0.221221	
0.266530	0.060295	0.038712	0.460774	0.029120	0.125043	0.019527	
0.261847	0.034244	0.240055	0.024559	0.092356	0.046351	0.300588	
