0.024323	0.041110	0.043508	0.072285	0.038712	0.758136	0.021925	
0.114899	0.019434	0.141152	0.339243	0.052847	0.305830	0.026594	
0.061026	0.036755	0.075589	0.068308	0.128988	0.609570	0.019764	
0.028912	0.038435	0.650340	0.174150	0.036054	0.033673	0.038435	
0.455941	0.047063	0.040053	0.040053	0.030708	0.033044	0.353138	
0.213609	0.050102	0.284699	0.234936	0.026405	0.050102	0.140149	
0.061803	0.035799	0.302938	0.057075	0.023978	0.023978	0.494428	
0.136054	0.514626	0.086054	0.026531	0.038435	0.143197	0.055102	
0.043613	0.401786	0.204670	0.106113	0.026786	0.178228	0.038805	
0.074061	0.494208	0.184626	0.086346	0.044577	0.074061	0.042120	
0.037717	0.722296	0.096128	0.037717	0.042390	0.028371	0.035381	
0.214983	0.436934	0.178397	0.034495	0.019861	0.024739	0.090592	
0.058472	0.104983	0.032890	0.537542	0.030565	0.202658	0.032890	
0.211960	0.044518	0.028239	0.630565	0.035216	0.032890	0.016611	
0.145534	0.026096	0.028438	0.595182	0.047173	0.028438	0.129140	
0.017170	0.077266	0.072459	0.021978	0.714286	0.060440	0.036401	
0.093868	0.043508	0.053100	0.065091	0.563892	0.041110	0.139431	
0.022031	0.031670	0.036489	0.029260	0.756971	0.070224	0.053356	
0.058176	0.053356	0.426850	0.053356	0.296730	0.070224	0.041308	
0.174454	0.216807	0.045042	0.023866	0.228571	0.026218	0.285042	
0.204180	0.158616	0.216170	0.024323	0.206578	0.098664	0.091470	
0.024619	0.126560	0.201803	0.133842	0.039182	0.022191	0.451803	
0.224983	0.055901	0.022084	0.113872	0.060732	0.048654	0.473775	
0.031218	0.294876	0.069223	0.035969	0.038344	0.052596	0.477774	
