0.465845	0.000963	0.024252	0.000886	0.032796	0.040189	0.039327	0.118395	0.032798	0.106752	0.006040	0.012122	0.035092	0.058452	0.026091	
0.465572	0.001048	0.051349	0.000722	0.040331	0.031091	0.030083	0.118221	0.028801	0.103724	0.009487	0.022154	0.042007	0.038569	0.016839	
0.496033	0.007084	0.032067	0.000961	0.031797	0.016905	0.014799	0.126430	0.038136	0.127459	0.005820	0.011941	0.061140	0.019191	0.010237	
0.577535	0.000883	0.022298	0.014841	0.013970	0.070512	0.137647	0.018025	0.020540	0.014237	0.059826	0.022739	0.008303	0.015004	0.003641	
0.407305	0.000860	0.109807	0.004979	0.026814	0.028543	0.068133	0.036117	0.124362	0.026786	0.028814	0.055726	0.031396	0.046128	0.004231	
0.489686	0.000947	0.031530	0.007959	0.018415	0.046020	0.089208	0.050531	0.087338	0.044842	0.033627	0.036107	0.018580	0.038752	0.006458	
0.412535	0.002722	0.077430	0.006262	0.011284	0.033491	0.078488	0.028170	0.154526	0.028835	0.026688	0.043552	0.027016	0.060968	0.008031	
0.306509	0.000947	0.105939	0.000706	0.010106	0.052155	0.076013	0.030240	0.135675	0.027650	0.003803	0.019331	0.026002	0.150448	0.054476	
0.333626	0.001830	0.088147	0.002474	0.007015	0.058829	0.094536	0.017002	0.118892	0.017477	0.010568	0.020918	0.023236	0.148645	0.056806	
0.262464	0.000927	0.168131	0.001742	0.006045	0.031783	0.057113	0.013936	0.221999	0.012967	0.007566	0.029567	0.030793	0.126835	0.028132	
0.277580	0.000862	0.112731	0.000744	0.004599	0.059104	0.089986	0.010321	0.147921	0.009766	0.003397	0.019786	0.021766	0.176254	0.065184	
0.293822	0.000983	0.232758	0.001891	0.031125	0.011584	0.034980	0.021683	0.172458	0.010786	0.020286	0.052120	0.050205	0.061834	0.003485	
0.364643	0.000865	0.153417	0.000831	0.038553	0.026397	0.043236	0.056455	0.082370	0.042306	0.016191	0.043135	0.046289	0.064930	0.020382	
0.367338	0.001003	0.187586	0.000887	0.051264	0.031837	0.059970	0.034701	0.018922	0.015737	0.025520	0.057308	0.052939	0.064620	0.030369	
0.371755	0.001249	0.186017	0.000804	0.047955	0.013504	0.028557	0.060086	0.076527	0.042939	0.020676	0.053473	0.056348	0.034024	0.006085	
0.484725	0.011756	0.023935	0.000697	0.023051	0.018838	0.030538	0.100319	0.031521	0.114200	0.004213	0.012843	0.071495	0.044366	0.027503	
0.523806	0.015123	0.013866	0.000641	0.024706	0.006244	0.011314	0.120103	0.016908	0.140070	0.002928	0.006773	0.086821	0.013593	0.017104	
0.464879	0.009539	0.049826	0.000870	0.027750	0.026068	0.041913	0.085924	0.019178	0.093487	0.008528	0.018564	0.065969	0.054765	0.032739	
0.439803	0.006881	0.035531	0.002536	0.015083	0.046423	0.072357	0.061244	0.045341	0.068613	0.010501	0.011212	0.044813	0.093985	0.045677	
0.337756	0.002652	0.157075	0.000890	0.032282	0.016220	0.047226	0.033384	0.134575	0.025315	0.017051	0.062920	0.048193	0.068796	0.015664	
0.364891	0.004418	0.126551	0.001392	0.024962	0.019593	0.044970	0.046657	0.126849	0.045083	0.013390	0.043805	0.049986	0.069179	0.018275	
0.324810	0.000920	0.069550	0.003298	0.006131	0.018155	0.074443	0.010457	0.268633	0.009440	0.016935	0.085961	0.015290	0.090996	0.004980	
0.309546	0.001432	0.015409	0.000766	0.005007	0.008595	0.073214	0.014721	0.308846	0.015061	0.008369	0.116233	0.010457	0.104719	0.007627	
0.309731	0.000821	0.036657	0.000910	0.005080	0.042045	0.095283	0.010892	0.205952	0.010021	0.007002	0.070799	0.010627	0.149555	0.044625	
