0.499173	0.000966	0.020206	0.000793	0.036283	0.026200	0.015216	0.188573	0.031375	0.129927	0.003290	0.012888	0.009440	0.019248	0.006423	
0.503115	0.004163	0.069945	0.003142	0.025837	0.034191	0.038967	0.104273	0.021840	0.080465	0.018366	0.019958	0.024749	0.042695	0.008293	
0.500557	0.003638	0.049019	0.002005	0.025942	0.024332	0.030940	0.125488	0.019984	0.097857	0.011092	0.014409	0.038697	0.037408	0.018632	
0.612270	0.001205	0.022590	0.013077	0.005477	0.107015	0.074401	0.024135	0.019837	0.012114	0.063011	0.009202	0.009807	0.016406	0.009454	
0.369081	0.002051	0.119974	0.002735	0.026498	0.027617	0.058093	0.029802	0.120040	0.042942	0.022134	0.060191	0.039465	0.065434	0.013941	
0.364780	0.010918	0.108526	0.001517	0.013624	0.027640	0.090714	0.015497	0.126129	0.011944	0.006777	0.029018	0.026697	0.149192	0.017027	
0.313519	0.000898	0.097932	0.000892	0.026379	0.042273	0.070199	0.030514	0.173270	0.030058	0.005526	0.034339	0.042090	0.088554	0.043556	
0.452380	0.015752	0.111276	0.001251	0.010935	0.013560	0.079917	0.043084	0.038394	0.031726	0.005659	0.013650	0.027152	0.150531	0.004733	
0.378583	0.008223	0.121198	0.001256	0.020182	0.030559	0.076347	0.026918	0.106086	0.024780	0.008147	0.028091	0.030286	0.119072	0.020272	
0.275536	0.001092	0.110806	0.000791	0.026856	0.047527	0.081140	0.012495	0.206895	0.013336	0.004935	0.040065	0.031680	0.105972	0.040875	
0.320381	0.001188	0.098181	0.001709	0.025068	0.044652	0.073208	0.024662	0.173442	0.025368	0.010102	0.039085	0.036589	0.089441	0.036925	
0.357541	0.000941	0.158075	0.002053	0.031640	0.035168	0.056131	0.012560	0.113046	0.033632	0.021165	0.055291	0.042549	0.058212	0.021995	
0.395010	0.004300	0.170304	0.001201	0.032524	0.012439	0.044557	0.035539	0.062617	0.055150	0.019875	0.060870	0.041600	0.060059	0.003954	
0.395801	0.006987	0.187277	0.001012	0.028494	0.014632	0.055409	0.012475	0.054530	0.037230	0.017845	0.050937	0.045469	0.082631	0.009270	
0.402002	0.004447	0.203620	0.001197	0.034075	0.010886	0.041613	0.016502	0.040690	0.049713	0.023465	0.063651	0.050394	0.052722	0.005024	
0.496307	0.002309	0.031379	0.002390	0.020064	0.021905	0.031452	0.108230	0.025351	0.095514	0.011873	0.010670	0.072021	0.028791	0.041744	
0.486404	0.002344	0.030777	0.001985	0.019334	0.016343	0.030752	0.105916	0.029101	0.097335	0.010031	0.012272	0.080866	0.030350	0.046189	
0.478440	0.000677	0.020266	0.001323	0.021705	0.014506	0.023884	0.119582	0.034537	0.108317	0.006221	0.009981	0.087407	0.019301	0.053854	
0.424756	0.001150	0.072886	0.002492	0.023353	0.034526	0.047922	0.063210	0.082807	0.062105	0.014859	0.025822	0.058326	0.046580	0.039207	
0.250362	0.003056	0.049712	0.000996	0.018880	0.011743	0.081361	0.041611	0.245408	0.039136	0.004997	0.073472	0.035352	0.124195	0.019720	
0.353254	0.004994	0.074643	0.002296	0.017816	0.024642	0.073574	0.038638	0.150390	0.037540	0.012662	0.047974	0.037684	0.103827	0.020066	
0.251221	0.001454	0.052998	0.002121	0.019985	0.025474	0.084601	0.031582	0.255358	0.029291	0.010972	0.075334	0.026114	0.115780	0.017716	
0.291797	0.005905	0.072733	0.001331	0.017257	0.016063	0.084206	0.032131	0.202380	0.030112	0.007091	0.061458	0.030357	0.132180	0.014998	
0.271203	0.001335	0.048873	0.004353	0.016551	0.042739	0.094855	0.013879	0.259173	0.011186	0.021400	0.076170	0.012099	0.115950	0.010235	
