0.259247	0.026468	0.468273	0.028843	0.069223	0.019342	0.128605	
0.040816	0.047959	0.419388	0.193197	0.171769	0.086054	0.040816	
0.028843	0.028843	0.660672	0.173736	0.043095	0.026468	0.038344	
0.472895	0.031367	0.040914	0.301057	0.038527	0.021821	0.093420	
0.443733	0.314016	0.049865	0.021563	0.052224	0.101752	0.016846	
0.467968	0.098664	0.098664	0.091470	0.041110	0.125043	0.077081	
0.157483	0.147959	0.026531	0.045578	0.021769	0.040816	0.559864	
0.060007	0.069553	0.124446	0.143539	0.050460	0.429935	0.122059	
0.085298	0.044036	0.078017	0.230929	0.022191	0.468793	0.070735	
0.148766	0.061175	0.039277	0.029545	0.044143	0.540494	0.136601	
0.107060	0.102420	0.016573	0.111700	0.042095	0.427246	0.192907	
0.235068	0.071254	0.029689	0.037024	0.027244	0.552917	0.046804	
0.067774	0.053821	0.260797	0.209635	0.042193	0.318937	0.046844	
0.023588	0.139867	0.211960	0.153821	0.035216	0.374751	0.060797	
0.053821	0.221262	0.288704	0.042193	0.032890	0.325914	0.035216	
0.024323	0.036314	0.024323	0.134635	0.717369	0.029120	0.033916	
0.026721	0.019527	0.057897	0.091470	0.750942	0.024323	0.029120	
0.041110	0.043508	0.043508	0.079479	0.659815	0.029120	0.103460	
0.052721	0.036054	0.052721	0.152721	0.026531	0.038435	0.640816	
0.024150	0.559864	0.031293	0.164626	0.138435	0.047959	0.033673	
0.130670	0.367637	0.092756	0.104604	0.076168	0.114083	0.114083	
0.077453	0.520826	0.022031	0.144923	0.055766	0.048537	0.130465	
0.097434	0.459085	0.294036	0.046463	0.031900	0.029473	0.041609	
0.138107	0.280624	0.031218	0.342382	0.069223	0.085850	0.052596	
