0.486582	0.009146	0.017860	0.001096	0.029512	0.008966	0.020167	0.202489	0.016666	0.167970	0.004525	0.007093	0.008498	0.015566	0.003863	
0.483310	0.004810	0.051810	0.001561	0.027151	0.021775	0.048972	0.128737	0.025772	0.102903	0.006751	0.015471	0.039857	0.036942	0.004178	
0.476596	0.006568	0.043065	0.000857	0.029321	0.014996	0.030335	0.158415	0.028632	0.129164	0.003618	0.014558	0.029562	0.030135	0.004178	
0.500259	0.000902	0.090224	0.010848	0.005141	0.046894	0.172495	0.013874	0.015354	0.011978	0.047370	0.032286	0.011518	0.037645	0.003212	
0.425769	0.000827	0.091355	0.005830	0.019185	0.021482	0.090488	0.031055	0.114872	0.023309	0.025652	0.059924	0.042156	0.043664	0.004432	
0.479262	0.001064	0.086158	0.011664	0.007145	0.034787	0.155232	0.015488	0.050954	0.014164	0.051688	0.044983	0.015170	0.026187	0.006053	
0.390849	0.003263	0.065063	0.005305	0.016779	0.038561	0.082444	0.030825	0.121783	0.037700	0.031137	0.035471	0.029263	0.076031	0.035524	
0.435353	0.001782	0.082478	0.001192	0.009278	0.078801	0.146362	0.012102	0.046770	0.016196	0.007920	0.011541	0.009358	0.125341	0.015525	
0.426341	0.000947	0.130451	0.002400	0.014944	0.054834	0.120379	0.008973	0.056602	0.009323	0.010793	0.036659	0.027717	0.094141	0.005494	
0.289898	0.004962	0.145605	0.000963	0.025376	0.038029	0.019856	0.012152	0.154462	0.035533	0.017468	0.043540	0.039956	0.115366	0.056834	
0.282758	0.006071	0.109985	0.000645	0.022091	0.052593	0.027784	0.013503	0.157430	0.043306	0.020016	0.025140	0.029178	0.136817	0.072683	
0.355427	0.002237	0.170692	0.002920	0.024422	0.026859	0.051059	0.009494	0.112977	0.017664	0.017588	0.059487	0.048785	0.077384	0.023006	
0.392022	0.002136	0.165642	0.001278	0.026829	0.023908	0.050201	0.037787	0.081771	0.033082	0.006110	0.055322	0.050322	0.067397	0.006193	
0.375138	0.001211	0.207871	0.000935	0.031470	0.014169	0.029114	0.023422	0.087644	0.019886	0.004292	0.068009	0.070237	0.061941	0.004662	
0.382698	0.002221	0.191991	0.001236	0.032086	0.008629	0.022396	0.045610	0.085786	0.038153	0.005278	0.066296	0.063480	0.050713	0.003427	
0.534475	0.000704	0.023716	0.000727	0.037184	0.009306	0.019457	0.122208	0.019939	0.082965	0.002996	0.009093	0.115663	0.018395	0.003172	
0.541399	0.000835	0.015815	0.000878	0.037356	0.007945	0.018760	0.128762	0.017171	0.087682	0.003498	0.007409	0.115697	0.014256	0.002539	
0.440370	0.003422	0.032878	0.000877	0.031358	0.026999	0.018040	0.090508	0.074805	0.078111	0.012164	0.006998	0.082025	0.064255	0.037190	
0.286769	0.007153	0.073302	0.002386	0.016258	0.062768	0.049135	0.014612	0.157944	0.050022	0.030455	0.012642	0.009975	0.142652	0.083926	
0.337560	0.004589	0.080938	0.001412	0.024590	0.031805	0.031451	0.045687	0.157883	0.053844	0.015890	0.040797	0.037145	0.093467	0.042942	
0.265734	0.007959	0.062967	0.000727	0.021219	0.058617	0.015917	0.027458	0.175748	0.063464	0.025928	0.008056	0.022212	0.149138	0.094854	
0.272674	0.000862	0.037191	0.001037	0.018690	0.014594	0.065974	0.009907	0.346079	0.009128	0.004128	0.117127	0.007128	0.092180	0.003300	
0.320067	0.002942	0.034662	0.000829	0.021953	0.017015	0.049687	0.051072	0.260480	0.045665	0.005308	0.083487	0.014206	0.081095	0.011533	
0.325264	0.002804	0.055077	0.000740	0.015806	0.048816	0.083011	0.013775	0.206239	0.023584	0.009462	0.054324	0.010858	0.120697	0.029543	
