0.417480	0.003569	0.090106	0.000743	0.022411	0.028776	0.030391	0.083056	0.044675	0.097000	0.004322	0.014456	0.038926	0.093106	0.030983	
0.493912	0.005388	0.070291	0.001480	0.029498	0.020407	0.032045	0.106202	0.017830	0.102843	0.013675	0.020354	0.042593	0.032688	0.010795	
0.488019	0.004584	0.081336	0.000849	0.023283	0.014545	0.018291	0.105601	0.045181	0.117792	0.006166	0.017032	0.046036	0.023559	0.007726	
0.642712	0.000698	0.015568	0.013407	0.013827	0.078361	0.118740	0.012674	0.019627	0.010211	0.045807	0.006448	0.010701	0.008513	0.002707	
0.433886	0.004161	0.080338	0.003954	0.023627	0.028439	0.068480	0.065798	0.121123	0.038706	0.023557	0.047296	0.034261	0.021328	0.005048	
0.486924	0.001438	0.074963	0.007610	0.013300	0.049044	0.077402	0.029188	0.113435	0.029489	0.026651	0.028144	0.031241	0.023799	0.007371	
0.403518	0.005247	0.083868	0.004364	0.028655	0.030189	0.083423	0.070037	0.133714	0.012483	0.031332	0.061558	0.029066	0.018829	0.003718	
0.273856	0.002168	0.122057	0.000764	0.019061	0.037903	0.053042	0.037836	0.139259	0.038780	0.005662	0.038386	0.037366	0.146229	0.047632	
0.270422	0.000897	0.109468	0.002954	0.016575	0.058926	0.079389	0.012133	0.121659	0.012048	0.010835	0.030924	0.022690	0.189254	0.061826	
0.270651	0.000824	0.152517	0.003207	0.010689	0.034992	0.049532	0.010085	0.234391	0.012841	0.011713	0.054133	0.052872	0.076251	0.025302	
0.167773	0.000782	0.164845	0.000827	0.013897	0.044938	0.051086	0.009441	0.204397	0.010146	0.003325	0.047291	0.042776	0.178940	0.059536	
0.289548	0.006041	0.150461	0.002319	0.030541	0.019117	0.050329	0.080093	0.192684	0.008834	0.027302	0.077008	0.050302	0.011609	0.003813	
0.391990	0.002853	0.096932	0.000852	0.017494	0.024059	0.036287	0.068317	0.106813	0.082481	0.003309	0.026777	0.039770	0.077544	0.024523	
0.387329	0.005691	0.092787	0.000636	0.032679	0.031220	0.042166	0.103723	0.021491	0.076869	0.013437	0.025718	0.032207	0.100496	0.033549	
0.405885	0.006342	0.107145	0.001110	0.030963	0.015129	0.033345	0.112040	0.086420	0.073031	0.017486	0.044086	0.043852	0.017498	0.005668	
0.529006	0.003390	0.050444	0.000803	0.030262	0.010455	0.026854	0.043895	0.048774	0.103235	0.012469	0.028983	0.081843	0.022380	0.007206	
0.627495	0.000867	0.017332	0.000876	0.023281	0.008326	0.013666	0.010197	0.021306	0.140831	0.003568	0.006976	0.099120	0.019693	0.006467	
0.442819	0.006412	0.065691	0.000799	0.040442	0.017538	0.052012	0.084222	0.042041	0.063924	0.023387	0.047335	0.054174	0.045227	0.013977	
0.388985	0.003122	0.080570	0.001726	0.028839	0.039515	0.055290	0.041519	0.048853	0.055534	0.014580	0.027429	0.047432	0.125041	0.041565	
0.287311	0.008059	0.129643	0.001139	0.043034	0.025624	0.059753	0.106075	0.102783	0.013358	0.030686	0.070304	0.038822	0.062596	0.020813	
0.317811	0.006179	0.102854	0.001600	0.037143	0.036224	0.070178	0.083322	0.075087	0.022285	0.024933	0.052585	0.029825	0.105692	0.034281	
0.404082	0.001102	0.053071	0.003725	0.008309	0.023566	0.101564	0.013683	0.237185	0.014303	0.014195	0.063090	0.021230	0.036410	0.004487	
0.369823	0.001288	0.031762	0.000835	0.007431	0.008778	0.112133	0.015649	0.275676	0.019290	0.004729	0.075950	0.012624	0.056811	0.007222	
0.311785	0.001065	0.066361	0.001066	0.012721	0.031775	0.095126	0.012404	0.195715	0.019991	0.005033	0.053362	0.018439	0.136582	0.038575	
