0.568035	0.026468	0.021717	0.021717	0.104852	0.016966	0.240244	
0.029190	0.096497	0.262363	0.149382	0.091690	0.033997	0.336882	
0.024207	0.028981	0.172179	0.036140	0.048074	0.024207	0.666212	
0.574150	0.076531	0.228912	0.031293	0.026531	0.028912	0.033673	
0.307666	0.061803	0.047619	0.127997	0.106721	0.314759	0.033435	
0.432322	0.141152	0.114899	0.114899	0.038527	0.095806	0.062393	
0.458376	0.026721	0.069887	0.096266	0.026721	0.295307	0.026721	
0.153277	0.369748	0.101513	0.040336	0.129748	0.120336	0.085042	
0.117567	0.495557	0.172591	0.088859	0.041012	0.021873	0.062543	
0.217212	0.364200	0.053356	0.128055	0.106368	0.077453	0.053356	
0.072934	0.496822	0.190030	0.075276	0.051857	0.072934	0.040147	
0.274188	0.276633	0.027244	0.217953	0.024799	0.132379	0.046804	
0.223317	0.207225	0.069294	0.299179	0.076190	0.021018	0.103777	
0.030283	0.288348	0.140882	0.350560	0.030283	0.057933	0.101712	
0.026035	0.105474	0.037717	0.586782	0.054072	0.138184	0.051736	
0.021978	0.038805	0.158997	0.137363	0.577266	0.031593	0.033997	
0.050702	0.021925	0.122645	0.026721	0.638232	0.019527	0.120247	
0.029050	0.024265	0.076897	0.041012	0.686945	0.045796	0.096036	
0.286054	0.050340	0.364626	0.078912	0.031293	0.021769	0.167007	
0.026531	0.093197	0.219388	0.136054	0.045578	0.455102	0.024150	
0.142513	0.236489	0.130465	0.103959	0.026850	0.231670	0.128055	
0.199368	0.106002	0.113373	0.096174	0.088803	0.376272	0.020007	
0.058176	0.113597	0.038898	0.050947	0.038898	0.501549	0.197935	
0.092356	0.206157	0.261847	0.041508	0.082670	0.269111	0.046351	
