0.021821	0.036140	0.036140	0.036140	0.083873	0.017047	0.768837	
0.130465	0.113597	0.197935	0.118417	0.024441	0.118417	0.296730	
0.043929	0.053615	0.317537	0.017295	0.039087	0.063300	0.465237	
0.588435	0.269388	0.021769	0.036054	0.028912	0.031293	0.024150	
0.425870	0.023978	0.047619	0.104357	0.028707	0.310030	0.059439	
0.460054	0.078538	0.052471	0.057211	0.033514	0.287068	0.031144	
0.468571	0.045042	0.021513	0.042689	0.334454	0.045042	0.042689	
0.036054	0.212245	0.114626	0.283673	0.121769	0.186054	0.045578	
0.058176	0.144923	0.022031	0.195525	0.132874	0.169019	0.277453	
0.029545	0.024678	0.027112	0.423705	0.423705	0.044143	0.027112	
0.035381	0.068091	0.019025	0.318091	0.467623	0.070427	0.021362	
0.154384	0.029689	0.034579	0.239958	0.220398	0.210618	0.110374	
0.025914	0.035216	0.037542	0.770100	0.030565	0.049169	0.051495	
0.032967	0.035298	0.037629	0.475857	0.023643	0.342990	0.051615	
0.091669	0.030780	0.033121	0.492138	0.028438	0.267313	0.056541	
0.026721	0.405618	0.451182	0.021925	0.029120	0.045906	0.019527	
0.029190	0.192651	0.666209	0.024382	0.021978	0.031593	0.033997	
0.046016	0.110920	0.546016	0.033997	0.195055	0.026786	0.041209	
0.117007	0.186054	0.031293	0.024150	0.407483	0.019388	0.214626	
0.036140	0.250938	0.031367	0.031367	0.045687	0.573133	0.031367	
0.048074	0.167405	0.126833	0.031367	0.270031	0.334470	0.021821	
0.029402	0.303009	0.024559	0.031823	0.307852	0.271532	0.031823	
0.021925	0.266530	0.050702	0.031518	0.026721	0.559096	0.043508	
0.053228	0.365728	0.029190	0.041209	0.308036	0.084478	0.118132	
