0.494380	0.001370	0.059879	0.001147	0.009590	0.018563	0.019674	0.112183	0.052229	0.100463	0.006167	0.016925	0.017092	0.056485	0.033852	
0.533575	0.001740	0.032467	0.002489	0.012251	0.026066	0.039001	0.124200	0.031608	0.093929	0.011990	0.011408	0.025858	0.037163	0.016255	
0.527004	0.002196	0.037219	0.001729	0.008022	0.018807	0.028760	0.147684	0.040107	0.100646	0.010421	0.013214	0.015854	0.040368	0.007970	
0.447236	0.001019	0.038508	0.009869	0.013634	0.092897	0.178064	0.019201	0.070298	0.014948	0.041926	0.031480	0.015744	0.018506	0.006672	
0.262981	0.001526	0.106450	0.000699	0.041367	0.006914	0.111511	0.020594	0.242514	0.017047	0.004891	0.114630	0.034176	0.028243	0.006458	
0.360199	0.005407	0.066542	0.001771	0.024487	0.017521	0.066729	0.062311	0.131972	0.047283	0.017596	0.051302	0.031339	0.099656	0.015886	
0.307382	0.003437	0.095386	0.003527	0.028094	0.036769	0.113925	0.019296	0.174909	0.016482	0.020996	0.073422	0.028862	0.066427	0.011087	
0.392689	0.002607	0.102108	0.003870	0.015596	0.048779	0.072467	0.042421	0.100107	0.044442	0.020391	0.031877	0.027845	0.069980	0.024822	
0.413911	0.002845	0.077252	0.006340	0.011894	0.069839	0.100054	0.015913	0.066792	0.038238	0.031091	0.017196	0.023655	0.086254	0.038727	
0.300336	0.003517	0.195512	0.000863	0.018494	0.037651	0.013917	0.020876	0.146127	0.036010	0.009970	0.036513	0.044580	0.102678	0.032956	
0.335883	0.002154	0.181048	0.001736	0.020673	0.044158	0.027642	0.018460	0.130610	0.036248	0.010148	0.034832	0.049308	0.075105	0.031995	
0.332628	0.001754	0.158000	0.003399	0.020654	0.053076	0.071245	0.015442	0.142704	0.023721	0.016602	0.046590	0.038578	0.055546	0.020062	
0.380613	0.001443	0.153473	0.001204	0.019795	0.033464	0.026038	0.056301	0.120826	0.051969	0.006391	0.036959	0.043260	0.048374	0.019890	
0.364191	0.002372	0.162325	0.002694	0.015889	0.049243	0.041903	0.045539	0.118196	0.037577	0.014984	0.030684	0.039982	0.060444	0.013976	
0.357774	0.001717	0.174862	0.000852	0.018810	0.033270	0.020435	0.059419	0.135902	0.046877	0.005828	0.040028	0.042675	0.048938	0.012613	
0.567444	0.003439	0.014256	0.000806	0.048589	0.007150	0.010765	0.094559	0.016325	0.074554	0.004392	0.011499	0.114380	0.023601	0.008240	
0.554624	0.003370	0.018890	0.000661	0.043875	0.006082	0.011437	0.100645	0.024995	0.078011	0.004319	0.014240	0.101243	0.028517	0.009089	
0.549038	0.002502	0.011203	0.003629	0.031526	0.033442	0.056229	0.079718	0.015748	0.069694	0.016063	0.009525	0.071505	0.032295	0.017883	
0.477033	0.001626	0.018393	0.001135	0.018392	0.014103	0.022300	0.025629	0.031094	0.108977	0.005528	0.013531	0.025368	0.128457	0.108433	
0.315020	0.003288	0.083694	0.001019	0.035579	0.009893	0.086709	0.036282	0.185938	0.033128	0.009647	0.083783	0.037837	0.062952	0.015230	
0.143159	0.022881	0.065786	0.001000	0.010205	0.007871	0.014975	0.021520	0.139086	0.018482	0.054334	0.009861	0.020205	0.425647	0.044989	
0.328631	0.001418	0.080647	0.003317	0.034377	0.031401	0.125463	0.016215	0.180830	0.020000	0.015210	0.085567	0.033336	0.030510	0.013079	
0.357194	0.002982	0.077933	0.001029	0.026515	0.011095	0.071970	0.067609	0.157598	0.050707	0.009450	0.068885	0.025939	0.058724	0.012368	
0.388932	0.001859	0.062589	0.004473	0.022853	0.045148	0.107116	0.017721	0.112260	0.040421	0.020951	0.048906	0.025805	0.063870	0.037096	
