0.520391	0.004926	0.015545	0.001141	0.018828	0.036707	0.049671	0.129498	0.030375	0.106409	0.007033	0.008794	0.043134	0.017443	0.010106	
0.463658	0.005964	0.035036	0.001743	0.019420	0.035241	0.037596	0.138868	0.031858	0.118405	0.011064	0.015559	0.038220	0.032346	0.015022	
0.430478	0.008827	0.030150	0.001342	0.007975	0.041993	0.020314	0.195489	0.025641	0.166611	0.007582	0.012744	0.013179	0.027099	0.010576	
0.463325	0.001904	0.052950	0.008739	0.026830	0.049516	0.030639	0.012700	0.041424	0.065921	0.071342	0.014507	0.007211	0.058507	0.094486	
0.324435	0.002962	0.102917	0.003094	0.021026	0.023130	0.097274	0.023610	0.151788	0.033126	0.020011	0.070427	0.020532	0.078839	0.026828	
0.314522	0.003447	0.112351	0.001437	0.016927	0.018014	0.115413	0.030823	0.163916	0.027022	0.005070	0.078945	0.021795	0.083265	0.007054	
0.369021	0.001091	0.041362	0.001249	0.022911	0.019751	0.135411	0.026793	0.209698	0.025643	0.007907	0.080138	0.029278	0.018777	0.010970	
0.462060	0.002906	0.112013	0.001659	0.006040	0.037264	0.090215	0.014066	0.092656	0.013595	0.007052	0.032220	0.014943	0.100572	0.012738	
0.415216	0.004329	0.152397	0.001716	0.009428	0.026884	0.088421	0.020773	0.054576	0.015912	0.004600	0.040952	0.023260	0.134242	0.007295	
0.343472	0.001539	0.097169	0.001066	0.021154	0.044745	0.022740	0.034343	0.228627	0.025457	0.004957	0.033622	0.045962	0.078106	0.017043	
0.346593	0.002172	0.099458	0.001067	0.004648	0.055724	0.033645	0.030272	0.251761	0.027426	0.005100	0.033508	0.008651	0.081331	0.018644	
0.316463	0.001352	0.101972	0.002516	0.011989	0.055039	0.024662	0.012300	0.264910	0.022334	0.017729	0.038214	0.012578	0.082802	0.035139	
0.471657	0.003344	0.105230	0.001349	0.009873	0.034621	0.081795	0.032890	0.071193	0.025485	0.004476	0.027592	0.026670	0.095114	0.008711	
0.339994	0.004686	0.165856	0.002286	0.027647	0.022045	0.033709	0.045726	0.058213	0.035351	0.009085	0.037836	0.059926	0.143382	0.014259	
0.312492	0.004824	0.164536	0.001649	0.024086	0.022779	0.039632	0.050220	0.094148	0.036363	0.003970	0.045692	0.052817	0.138393	0.008398	
0.526484	0.001174	0.017012	0.001291	0.054565	0.017550	0.034754	0.086563	0.029068	0.060276	0.008614	0.009725	0.124411	0.016691	0.011823	
0.504520	0.001767	0.041949	0.001560	0.052702	0.016809	0.031022	0.081598	0.018089	0.057192	0.009420	0.011464	0.120149	0.039021	0.012738	
0.531275	0.001591	0.019197	0.001816	0.043427	0.024379	0.046775	0.078327	0.034871	0.061092	0.013034	0.011120	0.095211	0.020120	0.017763	
0.490000	0.001445	0.024618	0.008892	0.029321	0.051331	0.029515	0.020873	0.042008	0.074823	0.074280	0.009943	0.010306	0.034447	0.098198	
0.307471	0.004578	0.160940	0.002742	0.024719	0.025557	0.035859	0.041989	0.095487	0.038447	0.013676	0.045618	0.045568	0.136348	0.021001	
0.269539	0.005188	0.192015	0.005271	0.017706	0.034082	0.024355	0.017546	0.087119	0.038691	0.033838	0.046260	0.013398	0.167390	0.047600	
0.362971	0.001366	0.056904	0.002152	0.017272	0.024909	0.132775	0.013724	0.204552	0.022561	0.014875	0.078359	0.012151	0.034948	0.020482	
0.337109	0.003570	0.070008	0.000949	0.011330	0.026464	0.113273	0.057199	0.192127	0.049968	0.003542	0.073399	0.009118	0.045652	0.006291	
0.402408	0.001968	0.076472	0.001808	0.012491	0.030944	0.112858	0.016654	0.165509	0.020433	0.010718	0.058704	0.013653	0.058896	0.016484	
