0.023978	0.825397	0.021614	0.019250	0.028707	0.049983	0.031071	
0.071940	0.441868	0.026594	0.160245	0.105353	0.165019	0.028981	
0.041508	0.528191	0.043929	0.196472	0.072985	0.082670	0.034244	
0.089072	0.074683	0.074683	0.091470	0.031518	0.408016	0.230558	
0.239108	0.109085	0.035799	0.038163	0.042891	0.021614	0.513340	
0.098193	0.028981	0.136379	0.079100	0.048074	0.205592	0.403682	
0.030924	0.019160	0.054454	0.019160	0.127395	0.049748	0.699160	
0.054454	0.085042	0.313277	0.035630	0.082689	0.374454	0.054454	
0.276531	0.031293	0.188435	0.028912	0.021769	0.347959	0.105102	
0.111726	0.024559	0.695261	0.046351	0.056036	0.024559	0.041508	
0.098235	0.049284	0.592408	0.039960	0.030636	0.133200	0.056277	
0.252774	0.031900	0.432386	0.119279	0.027046	0.048890	0.087725	
0.030353	0.071923	0.108875	0.506104	0.025734	0.210492	0.046519	
0.175158	0.028305	0.051615	0.552781	0.032967	0.114552	0.044622	
0.025914	0.042193	0.056146	0.749169	0.042193	0.039867	0.044518	
0.028981	0.045687	0.019434	0.033754	0.814183	0.031367	0.026594	
0.040914	0.081487	0.024207	0.036140	0.480055	0.305830	0.031367	
0.045796	0.033835	0.026658	0.024265	0.694122	0.124744	0.050581	
0.041012	0.036227	0.419002	0.045796	0.404648	0.024265	0.029050	
0.493230	0.095125	0.047732	0.102234	0.033514	0.092756	0.135410	
0.380491	0.056036	0.230370	0.070564	0.070564	0.104462	0.087513	
0.079862	0.031670	0.048537	0.026850	0.019621	0.149742	0.643718	
0.133195	0.022084	0.060732	0.292616	0.109041	0.038992	0.343340	
0.114899	0.133992	0.069553	0.021821	0.017047	0.236618	0.406069	
