0.512029	0.015311	0.033697	0.001005	0.048584	0.010394	0.020410	0.119677	0.027696	0.116875	0.005324	0.008567	0.041223	0.031734	0.007475	
0.410984	0.007294	0.058641	0.001001	0.036997	0.015622	0.051437	0.075339	0.093416	0.073566	0.006596	0.052179	0.037322	0.072388	0.007217	
0.509534	0.010364	0.021478	0.000866	0.038668	0.013161	0.033963	0.124070	0.035780	0.115716	0.004133	0.014698	0.054780	0.016650	0.006139	
0.463251	0.001123	0.032159	0.010349	0.021061	0.044764	0.058536	0.027143	0.069271	0.024181	0.063604	0.040512	0.020073	0.040928	0.083044	
0.393132	0.001349	0.066190	0.001022	0.028371	0.043870	0.115826	0.024184	0.149795	0.032596	0.005339	0.060532	0.030822	0.035651	0.011320	
0.424665	0.001354	0.041674	0.006148	0.024708	0.035019	0.062737	0.040036	0.104932	0.037120	0.037710	0.057792	0.030797	0.045889	0.049420	
0.481574	0.001380	0.041849	0.004737	0.025018	0.061483	0.161914	0.015015	0.055281	0.028521	0.028128	0.015306	0.015377	0.024779	0.039639	
0.274799	0.001603	0.172835	0.001028	0.015695	0.030579	0.062178	0.012780	0.142263	0.014224	0.009347	0.049376	0.025893	0.173804	0.013595	
0.278101	0.001216	0.194508	0.003283	0.007744	0.028897	0.065754	0.013388	0.064127	0.011678	0.025434	0.020342	0.017374	0.238543	0.029611	
0.347612	0.002749	0.175108	0.002336	0.009457	0.054221	0.027524	0.015360	0.180024	0.015335	0.013668	0.012631	0.041410	0.069316	0.033249	
0.315685	0.002139	0.194379	0.001260	0.006339	0.045745	0.025591	0.022483	0.165750	0.019393	0.008410	0.012850	0.044021	0.112575	0.023379	
0.333822	0.001791	0.135024	0.003348	0.017510	0.046851	0.023370	0.008632	0.217406	0.008949	0.019679	0.057273	0.036826	0.051765	0.037756	
0.389885	0.007629	0.123367	0.000885	0.026913	0.028736	0.048482	0.057043	0.088398	0.057657	0.006341	0.015493	0.034106	0.103048	0.012017	
0.328088	0.002724	0.144818	0.002405	0.018182	0.034937	0.060920	0.020950	0.123047	0.022375	0.016758	0.038273	0.026300	0.135758	0.024465	
0.398431	0.005656	0.070785	0.001018	0.034799	0.032325	0.066602	0.044672	0.148978	0.049283	0.005350	0.058118	0.033726	0.038673	0.011586	
0.455295	0.003037	0.046312	0.000928	0.017706	0.007174	0.023213	0.133298	0.033317	0.110904	0.006101	0.019167	0.074947	0.062320	0.006281	
0.480931	0.000841	0.026210	0.000838	0.016386	0.019138	0.065950	0.121879	0.032781	0.104301	0.004588	0.016801	0.073308	0.030425	0.005622	
0.482812	0.001300	0.032072	0.000622	0.014602	0.015211	0.051335	0.133746	0.022817	0.112630	0.003445	0.009650	0.078786	0.036851	0.004118	
0.463847	0.002040	0.061995	0.005508	0.015852	0.038771	0.060055	0.063836	0.049549	0.056228	0.033719	0.009797	0.042587	0.049563	0.046652	
0.279214	0.000906	0.091481	0.000908	0.028414	0.006604	0.033947	0.043954	0.182156	0.037357	0.007866	0.113144	0.038397	0.129827	0.005825	
0.331147	0.001388	0.105662	0.003498	0.020635	0.023238	0.040419	0.036276	0.132051	0.030973	0.023453	0.066747	0.033036	0.121887	0.029588	
0.357131	0.001335	0.034660	0.003557	0.036843	0.027764	0.069771	0.019934	0.195631	0.023851	0.021478	0.115700	0.025102	0.039658	0.027585	
0.392195	0.001385	0.055866	0.000870	0.030613	0.038901	0.120636	0.028906	0.139952	0.036956	0.004796	0.067170	0.029737	0.043939	0.008077	
0.355717	0.001498	0.117361	0.000945	0.019689	0.036024	0.106811	0.029594	0.094362	0.033627	0.007543	0.035157	0.028272	0.123310	0.010092	
