0.019250	0.851402	0.023978	0.016886	0.045255	0.021614	0.021614	
0.041110	0.328880	0.096266	0.096266	0.316889	0.043508	0.077081	
0.087091	0.313597	0.099139	0.041308	0.164200	0.024441	0.270224	
0.409433	0.031442	0.021873	0.052973	0.426179	0.019481	0.038619	
0.288073	0.030997	0.196092	0.189016	0.028639	0.038073	0.229111	
0.200809	0.023922	0.625337	0.049865	0.030997	0.030997	0.038073	
0.357983	0.023866	0.023866	0.045042	0.026218	0.045042	0.477983	
0.031293	0.024150	0.307483	0.062245	0.228912	0.188435	0.157483	
0.106625	0.060732	0.089717	0.167012	0.420635	0.130780	0.024500	
0.205728	0.024799	0.022354	0.044359	0.037024	0.628711	0.037024	
0.131482	0.023754	0.058883	0.028438	0.033121	0.651388	0.072934	
0.112819	0.076144	0.076144	0.330423	0.032134	0.342648	0.029689	
0.023810	0.091885	0.047284	0.084842	0.164655	0.401744	0.185781	
0.028305	0.025974	0.098235	0.154179	0.137862	0.429237	0.126207	
0.048942	0.060516	0.129960	0.141534	0.044312	0.391534	0.183201	
0.072285	0.026721	0.019527	0.033916	0.779719	0.021925	0.045906	
0.021978	0.033997	0.077266	0.021978	0.661401	0.026786	0.156593	
0.078912	0.055102	0.038435	0.026531	0.543197	0.114626	0.143197	
0.173838	0.055766	0.022031	0.036489	0.544923	0.132874	0.034079	
0.038435	0.031293	0.028912	0.507483	0.295578	0.040816	0.057483	
0.091470	0.017129	0.132237	0.376841	0.314491	0.038712	0.029120	
0.053615	0.029402	0.036666	0.135939	0.118990	0.041508	0.583881	
0.065091	0.026721	0.228160	0.036314	0.048304	0.069887	0.525522	
0.157859	0.031367	0.038527	0.069553	0.219911	0.052847	0.429935	
