0.031218	0.050221	0.024092	0.021717	0.028843	0.026468	0.817441	
0.148571	0.473277	0.035630	0.040336	0.096807	0.030924	0.174454	
0.114147	0.632307	0.048772	0.022138	0.104462	0.034244	0.043929	
0.139431	0.062693	0.184995	0.031518	0.031518	0.420007	0.129839	
0.047063	0.182577	0.215287	0.135848	0.030708	0.308745	0.079773	
0.064935	0.419002	0.033835	0.062543	0.031442	0.325701	0.062543	
0.047619	0.057075	0.016886	0.312394	0.021614	0.255657	0.288754	
0.449510	0.045255	0.047619	0.258021	0.120905	0.057075	0.021614	
0.806562	0.019481	0.021873	0.036227	0.019481	0.064935	0.031442	
0.058742	0.036844	0.153632	0.523462	0.031978	0.061175	0.134168	
0.133824	0.035463	0.117431	0.501506	0.042489	0.094011	0.075276	
0.034495	0.019861	0.217422	0.588153	0.032056	0.083275	0.024739	
0.420653	0.268228	0.032662	0.141208	0.037281	0.046519	0.053448	
0.237542	0.277076	0.046844	0.228239	0.037542	0.025914	0.146844	
0.051736	0.439586	0.040053	0.332109	0.030708	0.042390	0.063418	
0.017088	0.029050	0.033835	0.048189	0.792208	0.029050	0.050581	
0.154190	0.243132	0.146978	0.026786	0.377747	0.026786	0.024382	
0.033514	0.035884	0.154367	0.071429	0.602234	0.054841	0.047732	
0.033835	0.029050	0.789815	0.026658	0.057758	0.026658	0.036227	
0.124446	0.024207	0.067167	0.439482	0.124446	0.196045	0.024207	
0.118822	0.088016	0.175694	0.351049	0.133040	0.106974	0.026405	
0.112819	0.037024	0.061474	0.027244	0.027244	0.694726	0.039469	
0.029260	0.299139	0.026850	0.246127	0.038898	0.316007	0.043718	
0.210868	0.031442	0.076897	0.043404	0.055366	0.548189	0.033835	
