0.026594	0.019434	0.028981	0.021821	0.026594	0.038527	0.838050	
0.028912	0.131293	0.040816	0.426531	0.036054	0.047959	0.288435	
0.043613	0.058036	0.046016	0.353709	0.288805	0.029190	0.180632	
0.017007	0.817007	0.026531	0.040816	0.043197	0.021769	0.033673	
0.427893	0.059722	0.100102	0.294876	0.031218	0.057346	0.028843	
0.071598	0.425517	0.038344	0.244995	0.123855	0.069223	0.026468	
0.706218	0.045042	0.028571	0.023866	0.129748	0.033277	0.033277	
0.023866	0.042689	0.035630	0.037983	0.023866	0.802689	0.033277	
0.095578	0.193197	0.067007	0.128912	0.028912	0.386054	0.100340	
0.061175	0.151199	0.625652	0.044143	0.029545	0.046576	0.041710	
0.047063	0.091455	0.656876	0.023698	0.033044	0.126502	0.021362	
0.110374	0.046804	0.037024	0.115264	0.024799	0.638491	0.027244	
0.037542	0.070100	0.170100	0.493355	0.058472	0.067774	0.102658	
0.030852	0.073105	0.089537	0.641180	0.073105	0.063716	0.028504	
0.051736	0.023698	0.042390	0.747997	0.063418	0.037717	0.033044	
0.053356	0.125645	0.024441	0.029260	0.253356	0.031670	0.482272	
0.021925	0.041110	0.033916	0.031518	0.770127	0.029120	0.072285	
0.045796	0.029050	0.122351	0.031442	0.184552	0.031442	0.555366	
0.171769	0.055102	0.109864	0.043197	0.421769	0.043197	0.155102	
0.350340	0.219388	0.047959	0.083673	0.109864	0.059864	0.128912	
0.119959	0.249146	0.038619	0.033835	0.196514	0.251538	0.110390	
0.657417	0.129839	0.101062	0.024323	0.033916	0.033916	0.019527	
0.230370	0.048772	0.109305	0.039087	0.378070	0.145624	0.048772	
0.293897	0.317763	0.153086	0.021821	0.136379	0.048074	0.028981	
