0.517602	0.001192	0.015435	0.000695	0.043878	0.022700	0.043294	0.038609	0.020003	0.114183	0.002433	0.008174	0.008987	0.009937	0.152879	
0.478763	0.003328	0.052889	0.006289	0.014853	0.058151	0.077651	0.093253	0.022956	0.066237	0.023960	0.015919	0.020352	0.039195	0.026204	
0.478682	0.003365	0.043379	0.005620	0.021706	0.047163	0.072182	0.087257	0.064491	0.063776	0.021423	0.029808	0.021556	0.024602	0.014989	
0.440976	0.002396	0.060729	0.007914	0.008378	0.066245	0.081093	0.098466	0.051737	0.052247	0.033492	0.019753	0.018950	0.051640	0.005985	
0.452198	0.001659	0.090726	0.005515	0.020298	0.045572	0.064653	0.070038	0.076928	0.046502	0.023699	0.028571	0.026464	0.035485	0.011691	
0.438756	0.002229	0.054628	0.007769	0.011523	0.061229	0.076261	0.096198	0.073812	0.052215	0.033583	0.024906	0.019230	0.043485	0.004174	
0.448435	0.001582	0.027871	0.003787	0.034898	0.030707	0.075976	0.056523	0.151454	0.052731	0.015090	0.063329	0.010378	0.021904	0.005334	
0.357593	0.002591	0.132898	0.000813	0.015560	0.042061	0.090858	0.028073	0.070338	0.027893	0.007081	0.044932	0.034281	0.134956	0.010073	
0.306415	0.000770	0.140641	0.000680	0.007071	0.061673	0.130303	0.010697	0.051553	0.012935	0.005999	0.053205	0.013254	0.194991	0.009812	
0.234063	0.001135	0.085812	0.000822	0.025624	0.011194	0.033832	0.019628	0.267980	0.031655	0.024444	0.066789	0.049855	0.123538	0.023630	
0.229554	0.000968	0.096665	0.001013	0.019499	0.022451	0.048187	0.019373	0.229525	0.029443	0.024027	0.059896	0.045081	0.146181	0.028136	
0.238516	0.000815	0.124460	0.000799	0.023710	0.009959	0.022683	0.015202	0.249198	0.025569	0.025142	0.056000	0.059506	0.122446	0.025997	
0.442712	0.001044	0.208769	0.000833	0.024625	0.028754	0.060839	0.014759	0.037789	0.017625	0.003315	0.029386	0.046978	0.072701	0.009869	
0.431909	0.001077	0.188070	0.001412	0.025920	0.025794	0.052823	0.021520	0.069415	0.021662	0.007831	0.032613	0.047498	0.063056	0.009401	
0.447056	0.001927	0.172125	0.003032	0.024377	0.025309	0.035263	0.044445	0.076813	0.030955	0.015972	0.022836	0.055391	0.036412	0.008087	
0.504148	0.015077	0.022942	0.000869	0.022425	0.007888	0.016658	0.133035	0.030512	0.106361	0.004582	0.010228	0.099869	0.019566	0.005841	
0.485483	0.010090	0.028622	0.001144	0.029662	0.012643	0.041042	0.096987	0.077899	0.084515	0.004364	0.034874	0.066391	0.022201	0.004082	
0.479436	0.010976	0.026119	0.001875	0.022596	0.019097	0.031263	0.112110	0.044364	0.097031	0.009753	0.014252	0.074111	0.031266	0.025748	
0.502353	0.002084	0.023872	0.000873	0.039757	0.024530	0.046683	0.044457	0.025240	0.106444	0.003626	0.011398	0.015597	0.021417	0.131668	
0.188603	0.001849	0.112883	0.000704	0.015456	0.019325	0.043477	0.019798	0.255993	0.018717	0.026073	0.064984	0.058125	0.166445	0.007568	
0.308275	0.003019	0.095846	0.001680	0.019973	0.024200	0.048951	0.041585	0.175027	0.037589	0.020184	0.049990	0.050496	0.110010	0.013175	
0.302680	0.000867	0.094447	0.000609	0.027735	0.021235	0.067327	0.014816	0.205243	0.025711	0.013551	0.072050	0.032058	0.113809	0.007862	
0.382657	0.001335	0.073833	0.000842	0.040178	0.007899	0.051700	0.023675	0.212767	0.037464	0.009892	0.074572	0.032031	0.046691	0.004466	
0.315272	0.000979	0.116348	0.001024	0.017228	0.040884	0.089685	0.018667	0.119678	0.025516	0.011871	0.054380	0.025983	0.144176	0.018308	
