0.016966	0.404140	0.261622	0.045470	0.035969	0.192738	0.043095	
0.278249	0.392263	0.031218	0.095351	0.052596	0.128605	0.021717	
0.173736	0.553784	0.026468	0.040719	0.045470	0.035969	0.123855	
0.643882	0.026658	0.026658	0.072112	0.079289	0.110390	0.041012	
0.390409	0.038163	0.019250	0.090172	0.104357	0.085444	0.272205	
0.425870	0.125633	0.026342	0.040527	0.139818	0.151638	0.090172	
0.219160	0.023866	0.056807	0.035630	0.037983	0.030924	0.595630	
0.045255	0.177643	0.057075	0.052347	0.331307	0.220196	0.116177	
0.038619	0.036227	0.289815	0.038619	0.493165	0.026658	0.076897	
0.031670	0.046127	0.142513	0.036489	0.041308	0.672633	0.029260	
0.054582	0.040431	0.181941	0.026280	0.134771	0.434299	0.127695	
0.034495	0.022300	0.151568	0.056446	0.029617	0.573519	0.132056	
0.292282	0.135961	0.110673	0.112972	0.025616	0.287685	0.034811	
0.209635	0.032890	0.125914	0.093355	0.298007	0.191030	0.049169	
0.382275	0.039683	0.065146	0.035053	0.028108	0.335979	0.113757	
0.043095	0.038344	0.026468	0.617917	0.021717	0.216491	0.035969	
0.024323	0.297705	0.024323	0.537513	0.031518	0.038712	0.045906	
0.019481	0.045796	0.170198	0.509911	0.026658	0.024265	0.203691	
0.026658	0.033835	0.617567	0.218045	0.043404	0.029050	0.031442	
0.067007	0.028912	0.031293	0.050340	0.236054	0.226531	0.359864	
0.048074	0.114899	0.074327	0.126833	0.207978	0.198432	0.229458	
0.048890	0.031900	0.034327	0.022191	0.039182	0.092580	0.730929	
0.051070	0.241891	0.041408	0.026915	0.147688	0.111456	0.379572	
0.029050	0.033835	0.191729	0.117567	0.160629	0.167806	0.299385	
