0.480519	0.001960	0.048360	0.000527	0.042713	0.010233	0.028912	0.074921	0.069986	0.074174	0.010279	0.011436	0.070060	0.059762	0.016157	
0.441937	0.006536	0.115082	0.000986	0.021891	0.032156	0.019240	0.098924	0.039283	0.090839	0.008464	0.031947	0.041749	0.037750	0.013216	
0.434773	0.009912	0.070074	0.000855	0.013458	0.033030	0.016502	0.153962	0.022816	0.139386	0.005346	0.020303	0.024029	0.038870	0.016683	
0.452929	0.001243	0.055561	0.012551	0.023781	0.042490	0.093285	0.016543	0.112867	0.015363	0.048073	0.076257	0.031866	0.012821	0.004371	
0.357658	0.002408	0.071794	0.005468	0.014022	0.042211	0.097292	0.024383	0.162069	0.022415	0.025810	0.057256	0.022368	0.072140	0.022708	
0.431552	0.004146	0.068931	0.008009	0.019038	0.037642	0.067810	0.057539	0.089523	0.052292	0.033187	0.055625	0.028574	0.034249	0.011884	
0.352270	0.001818	0.036407	0.002648	0.014364	0.052645	0.113329	0.035563	0.202544	0.033429	0.010450	0.055653	0.021067	0.050429	0.017382	
0.341572	0.006275	0.153207	0.000823	0.004046	0.006449	0.054146	0.014152	0.222552	0.013073	0.041638	0.025092	0.029301	0.078353	0.009321	
0.230619	0.002142	0.148815	0.000737	0.015933	0.016973	0.062678	0.015319	0.063994	0.014831	0.010370	0.025224	0.027890	0.274452	0.090022	
0.390741	0.001383	0.129145	0.002520	0.025153	0.038857	0.063007	0.017609	0.109906	0.017926	0.013992	0.053347	0.045889	0.069090	0.021435	
0.337409	0.001762	0.123646	0.001152	0.015597	0.043387	0.084930	0.008100	0.171582	0.008390	0.012240	0.054320	0.032532	0.081018	0.023936	
0.333978	0.004032	0.158990	0.000949	0.012065	0.017813	0.056137	0.009095	0.164651	0.009064	0.027967	0.034607	0.035354	0.109233	0.026066	
0.418987	0.002812	0.165949	0.001076	0.026972	0.038498	0.033146	0.036083	0.062019	0.034503	0.008227	0.050299	0.052922	0.051982	0.016524	
0.408968	0.002121	0.175871	0.000864	0.029704	0.037339	0.029732	0.030961	0.040613	0.030176	0.005263	0.049458	0.056297	0.076877	0.025755	
0.447517	0.002809	0.187212	0.001105	0.030162	0.036045	0.019770	0.032082	0.049718	0.031196	0.010557	0.051466	0.061141	0.030991	0.008229	
0.528599	0.001830	0.024006	0.002386	0.047599	0.017198	0.026802	0.092100	0.038636	0.089926	0.009792	0.018366	0.072856	0.022549	0.007356	
0.524940	0.003495	0.017473	0.000883	0.043762	0.017742	0.020261	0.116013	0.037208	0.111185	0.004529	0.011304	0.067699	0.017314	0.006192	
0.503511	0.002161	0.014927	0.000664	0.042302	0.024157	0.039960	0.094249	0.078060	0.091488	0.003205	0.019201	0.065350	0.015571	0.005196	
0.334919	0.003397	0.056905	0.000782	0.024615	0.018939	0.054453	0.078474	0.052569	0.073923	0.004202	0.013927	0.034963	0.184691	0.063241	
0.411700	0.001105	0.068911	0.006570	0.029669	0.030233	0.069665	0.034245	0.076827	0.033460	0.025436	0.047878	0.043160	0.090583	0.030559	
0.335080	0.003243	0.084128	0.003850	0.019400	0.018578	0.064248	0.044945	0.086202	0.042198	0.022856	0.028700	0.030534	0.163588	0.052451	
0.315678	0.000929	0.033227	0.002648	0.006970	0.065155	0.145117	0.009375	0.274073	0.008763	0.010848	0.070049	0.010176	0.035324	0.011668	
0.378739	0.006466	0.040963	0.000923	0.009734	0.040536	0.072097	0.096752	0.148366	0.088094	0.009026	0.033005	0.017444	0.043241	0.014614	
0.327864	0.002543	0.042368	0.002787	0.009669	0.051881	0.115370	0.036385	0.204504	0.033348	0.012352	0.054889	0.013992	0.068741	0.023306	
