0.019250	0.023978	0.040527	0.023978	0.016886	0.841945	0.033435	
0.064626	0.331293	0.024150	0.112245	0.024150	0.281293	0.162245	
0.024092	0.625042	0.066848	0.021717	0.019342	0.111978	0.130981	
0.633040	0.024035	0.016926	0.035884	0.024035	0.230196	0.035884	
0.348571	0.037983	0.042689	0.190924	0.237983	0.016807	0.125042	
0.737305	0.028775	0.028775	0.097495	0.024035	0.021666	0.061950	
0.321851	0.201283	0.187099	0.028707	0.210740	0.023978	0.026342	
0.026218	0.037983	0.223866	0.367395	0.023866	0.289748	0.030924	
0.110920	0.026786	0.041209	0.507555	0.041209	0.247940	0.024382	
0.034411	0.102537	0.469934	0.272854	0.034411	0.034411	0.051442	
0.028371	0.089119	0.572764	0.156876	0.033044	0.086782	0.033044	
0.192094	0.090153	0.274619	0.357143	0.036755	0.019764	0.029473	
0.028044	0.335203	0.141208	0.256681	0.030353	0.185087	0.023425	
0.039867	0.504983	0.018937	0.281728	0.037542	0.046844	0.070100	
0.044518	0.465449	0.030565	0.360797	0.042193	0.021262	0.035216	
0.029190	0.108516	0.120536	0.029190	0.036401	0.046016	0.630151	
0.035969	0.035969	0.019342	0.033593	0.019342	0.026468	0.829318	
0.028912	0.078912	0.140816	0.024150	0.050340	0.050340	0.626531	
0.136054	0.031293	0.450340	0.024150	0.047959	0.136054	0.174150	
0.038163	0.068896	0.286390	0.243837	0.198919	0.023978	0.139818	
0.029050	0.052973	0.677375	0.041012	0.033835	0.031442	0.134313	
0.036314	0.019527	0.038712	0.033916	0.822885	0.026721	0.021925	
0.045687	0.265257	0.131606	0.033754	0.432322	0.043300	0.048074	
0.021717	0.024092	0.173736	0.028843	0.465898	0.263997	0.021717	
