0.038712	0.029120	0.511134	0.038712	0.024323	0.033916	0.324084	
0.033593	0.240244	0.031218	0.173736	0.031218	0.123855	0.366135	
0.021821	0.179339	0.026594	0.038527	0.048074	0.019434	0.666212	
0.189337	0.253930	0.462064	0.017088	0.029050	0.019481	0.029050	
0.385681	0.040527	0.189463	0.206011	0.092536	0.040527	0.045255	
0.272636	0.082495	0.291415	0.117706	0.077800	0.094232	0.063716	
0.594613	0.045687	0.179339	0.093420	0.024207	0.033754	0.028981	
0.042689	0.110924	0.235630	0.066218	0.045042	0.376807	0.122689	
0.056036	0.189208	0.189208	0.123833	0.039087	0.317537	0.085092	
0.019958	0.024860	0.255252	0.235644	0.051821	0.382703	0.029762	
0.030494	0.111700	0.183626	0.069937	0.032814	0.536294	0.035134	
0.042224	0.054539	0.249120	0.276214	0.029909	0.320549	0.027445	
0.077076	0.072425	0.186379	0.416611	0.044518	0.093355	0.109635	
0.044831	0.098695	0.037805	0.475744	0.063566	0.222817	0.056541	
0.042390	0.051736	0.033044	0.656876	0.068091	0.089119	0.058745	
0.031593	0.113324	0.038805	0.113324	0.634959	0.041209	0.026786	
0.101305	0.096497	0.029190	0.029190	0.589286	0.024382	0.130151	
0.031442	0.091251	0.029050	0.021873	0.639098	0.026658	0.160629	
0.040623	0.106974	0.398443	0.083277	0.284699	0.038253	0.047732	
0.224150	0.214626	0.021769	0.190816	0.138435	0.186054	0.024150	
0.055766	0.079862	0.243718	0.130465	0.116007	0.287091	0.087091	
0.261733	0.067489	0.125043	0.170606	0.117849	0.235355	0.021925	
0.405164	0.029260	0.046127	0.024441	0.050947	0.291910	0.152151	
0.223364	0.278520	0.084275	0.048304	0.029120	0.302501	0.033916	
