0.497707	0.005700	0.011830	0.001310	0.035229	0.010057	0.035664	0.146424	0.022752	0.108687	0.004746	0.010737	0.028063	0.074478	0.006615	
0.513997	0.005393	0.023823	0.001532	0.034330	0.029076	0.026137	0.125888	0.041090	0.098630	0.008597	0.016555	0.030667	0.031850	0.012435	
0.526494	0.005274	0.028628	0.002776	0.033063	0.026716	0.010711	0.135783	0.043068	0.099731	0.009657	0.020899	0.028907	0.017626	0.010667	
0.525846	0.002135	0.041736	0.006115	0.015837	0.037678	0.039044	0.049361	0.074946	0.034048	0.021126	0.046409	0.030475	0.057299	0.017945	
0.202965	0.002571	0.124287	0.003502	0.033855	0.009238	0.145404	0.042243	0.209070	0.036326	0.018131	0.078458	0.032682	0.039760	0.021507	
0.341819	0.002071	0.089066	0.003704	0.027591	0.013881	0.119691	0.063124	0.156568	0.037112	0.010153	0.063446	0.016713	0.048344	0.006716	
0.299680	0.001230	0.121350	0.000827	0.025753	0.030369	0.153059	0.024381	0.191920	0.016185	0.004401	0.062589	0.013319	0.048220	0.006717	
0.409023	0.002849	0.106596	0.001708	0.018718	0.027627	0.049275	0.065847	0.104809	0.049628	0.006814	0.031961	0.030404	0.082374	0.012369	
0.424208	0.002461	0.075760	0.000835	0.020585	0.033540	0.088301	0.044410	0.100041	0.038430	0.006673	0.032336	0.026030	0.094476	0.011914	
0.338374	0.001416	0.157408	0.001262	0.008807	0.029478	0.064384	0.020193	0.140261	0.018770	0.006711	0.038042	0.034791	0.124093	0.016008	
0.304798	0.001077	0.213649	0.000848	0.006421	0.039885	0.043641	0.016040	0.180603	0.013683	0.004207	0.043255	0.034338	0.081437	0.016118	
0.198619	0.002557	0.205035	0.001051	0.020013	0.029992	0.072166	0.019235	0.206671	0.031676	0.014308	0.055450	0.050033	0.062369	0.030826	
0.425917	0.003018	0.125034	0.002255	0.019257	0.033801	0.021508	0.081369	0.115923	0.056262	0.006151	0.034541	0.028172	0.036028	0.010764	
0.356438	0.002714	0.114531	0.002689	0.016270	0.027898	0.054782	0.031523	0.116003	0.037180	0.017386	0.039586	0.047224	0.108422	0.027353	
0.336197	0.002896	0.138043	0.004627	0.018877	0.029780	0.032292	0.043689	0.146633	0.042052	0.022537	0.054328	0.049320	0.048086	0.030642	
0.548402	0.004540	0.022068	0.000863	0.025303	0.060495	0.023681	0.052501	0.033787	0.066804	0.018029	0.012282	0.047136	0.053649	0.030461	
0.526910	0.005120	0.011113	0.001694	0.026679	0.049192	0.019115	0.059363	0.020599	0.075603	0.022827	0.011931	0.056041	0.077871	0.035942	
0.470524	0.004999	0.017510	0.000757	0.027540	0.032537	0.048429	0.064568	0.027467	0.075897	0.017623	0.011075	0.051981	0.118860	0.030233	
0.316451	0.006280	0.033426	0.000977	0.033093	0.027157	0.064035	0.022571	0.052783	0.078315	0.036791	0.020199	0.090562	0.154648	0.062711	
0.276383	0.005440	0.082047	0.003238	0.031950	0.021515	0.053136	0.038339	0.107191	0.071623	0.035609	0.042217	0.079940	0.096429	0.054941	
0.265288	0.006802	0.062325	0.003845	0.035117	0.016657	0.031163	0.042937	0.078994	0.089536	0.045162	0.035921	0.099960	0.116783	0.069511	
0.441438	0.001094	0.082687	0.003953	0.018666	0.036624	0.095266	0.039208	0.137584	0.018466	0.010076	0.057726	0.013018	0.038300	0.005895	
0.539659	0.001063	0.021673	0.011832	0.012246	0.006402	0.037904	0.078432	0.076679	0.027124	0.026655	0.071938	0.018282	0.063109	0.007001	
0.572865	0.001218	0.052308	0.001270	0.013023	0.064489	0.068157	0.023864	0.078912	0.017346	0.004908	0.028742	0.013126	0.053812	0.005959	
