0.479700	0.009011	0.032574	0.001135	0.039887	0.021423	0.033380	0.144312	0.028869	0.110188	0.011875	0.012202	0.024037	0.036999	0.014409	
0.482883	0.008516	0.059301	0.001102	0.040497	0.018747	0.026944	0.129329	0.026883	0.105339	0.010358	0.019410	0.040037	0.022936	0.007718	
0.489279	0.009922	0.025646	0.000816	0.044273	0.018534	0.026876	0.158319	0.027761	0.120392	0.010495	0.013336	0.023960	0.023382	0.007011	
0.540259	0.000904	0.022488	0.010958	0.006003	0.097270	0.155714	0.010206	0.032224	0.009645	0.068880	0.011557	0.008966	0.019431	0.005495	
0.400699	0.002765	0.089094	0.004780	0.026729	0.046034	0.090296	0.022212	0.123372	0.022315	0.029463	0.052504	0.030215	0.052231	0.007290	
0.449298	0.001600	0.052161	0.007126	0.013365	0.067530	0.119980	0.020093	0.082033	0.017084	0.044734	0.027410	0.014520	0.062849	0.020218	
0.436257	0.001196	0.048189	0.007659	0.014670	0.073654	0.124187	0.012899	0.120296	0.011211	0.047869	0.039253	0.015016	0.043295	0.004348	
0.322039	0.001245	0.123237	0.000751	0.009452	0.010248	0.079389	0.014623	0.043930	0.013320	0.003567	0.013993	0.013776	0.235581	0.114849	
0.282087	0.001173	0.129808	0.001081	0.008290	0.027781	0.066782	0.012266	0.118111	0.010414	0.005561	0.026612	0.028102	0.194477	0.087456	
0.202235	0.001428	0.137007	0.001539	0.008862	0.065072	0.029262	0.018858	0.297224	0.015378	0.008479	0.060134	0.065372	0.077876	0.011272	
0.277494	0.001153	0.117993	0.000988	0.006428	0.048893	0.022874	0.039093	0.227751	0.041370	0.004803	0.045541	0.069411	0.077682	0.018526	
0.283070	0.002875	0.142822	0.002671	0.018186	0.059629	0.041939	0.020071	0.213526	0.018950	0.015703	0.054818	0.064303	0.054284	0.007152	
0.384877	0.006776	0.186730	0.000784	0.042527	0.011096	0.031369	0.038580	0.037064	0.040011	0.004089	0.044807	0.066177	0.072321	0.032792	
0.385434	0.006660	0.198454	0.000888	0.043621	0.009203	0.033888	0.029475	0.029243	0.034125	0.004286	0.047173	0.068250	0.074731	0.034570	
0.411392	0.007590	0.191280	0.001628	0.050182	0.015604	0.031510	0.038058	0.041510	0.041733	0.009323	0.055972	0.074199	0.023882	0.006135	
0.544422	0.003200	0.037177	0.000744	0.016140	0.008716	0.014465	0.120684	0.019270	0.127327	0.004644	0.012258	0.069497	0.015910	0.005547	
0.558221	0.001517	0.025893	0.000804	0.007958	0.007404	0.015901	0.116798	0.018051	0.130761	0.004166	0.008574	0.072961	0.022104	0.008887	
0.570472	0.000961	0.015759	0.001374	0.005081	0.012269	0.021068	0.115323	0.020665	0.130915	0.007611	0.007517	0.072596	0.013985	0.004405	
0.430294	0.000948	0.069762	0.001507	0.008849	0.015793	0.057095	0.056458	0.056492	0.063157	0.008332	0.018700	0.039783	0.119715	0.053115	
0.262931	0.001939	0.078777	0.000734	0.036779	0.011095	0.068161	0.028843	0.266790	0.024583	0.004095	0.095247	0.015521	0.099057	0.005446	
0.413917	0.002881	0.089120	0.002516	0.021024	0.026668	0.064310	0.047914	0.075528	0.048128	0.015368	0.032322	0.037648	0.088485	0.034173	
0.291152	0.001084	0.070713	0.002482	0.031235	0.023379	0.090905	0.014026	0.241328	0.012186	0.014788	0.086935	0.008690	0.101052	0.010047	
0.303983	0.001776	0.082025	0.000650	0.029093	0.014622	0.052042	0.041081	0.228069	0.041553	0.003220	0.077919	0.033883	0.083448	0.006636	
0.368353	0.001282	0.061010	0.003868	0.022737	0.037616	0.091696	0.026222	0.170414	0.025776	0.023713	0.059940	0.018649	0.077287	0.011435	
