0.527579	0.001171	0.016220	0.000911	0.040680	0.096327	0.095070	0.053320	0.016607	0.112965	0.003979	0.006773	0.013523	0.011199	0.003675	
0.489726	0.008723	0.028355	0.001515	0.047041	0.015988	0.020656	0.165261	0.021644	0.103513	0.010981	0.008436	0.059817	0.014754	0.003590	
0.485008	0.007764	0.027799	0.001194	0.045102	0.015479	0.021096	0.158247	0.026711	0.104104	0.008509	0.010976	0.058588	0.017746	0.011677	
0.572312	0.000931	0.020833	0.012264	0.017269	0.071803	0.139117	0.011280	0.022881	0.011420	0.081753	0.009544	0.009972	0.015100	0.003521	
0.408368	0.003036	0.067877	0.005568	0.023789	0.037939	0.095586	0.036954	0.105206	0.029621	0.036564	0.046640	0.028501	0.066768	0.007583	
0.459566	0.001689	0.104318	0.005521	0.017188	0.034033	0.086641	0.019209	0.076422	0.021406	0.035956	0.036620	0.047866	0.047257	0.006309	
0.326703	0.002545	0.058438	0.006318	0.023044	0.041737	0.124226	0.013080	0.161213	0.012467	0.041352	0.073006	0.008083	0.100919	0.006869	
0.262532	0.005879	0.137321	0.000944	0.014665	0.028284	0.036406	0.039747	0.191680	0.029855	0.005425	0.051262	0.030260	0.142344	0.023395	
0.252893	0.004985	0.134232	0.001269	0.011334	0.047322	0.049290	0.016809	0.203800	0.027233	0.007159	0.049126	0.014003	0.154568	0.025978	
0.306604	0.004298	0.141759	0.001944	0.010694	0.039096	0.048371	0.017833	0.170313	0.023974	0.011777	0.043427	0.029701	0.127950	0.022258	
0.227478	0.005376	0.145030	0.000677	0.009994	0.035916	0.038163	0.022069	0.218390	0.024316	0.003273	0.054469	0.019685	0.164492	0.030672	
0.314464	0.004274	0.109825	0.004330	0.011362	0.048860	0.071215	0.014433	0.171155	0.016245	0.028027	0.043483	0.012523	0.128443	0.021360	
0.492903	0.001255	0.185488	0.000702	0.012123	0.024023	0.032957	0.017034	0.046276	0.039021	0.002978	0.018945	0.088389	0.031574	0.006332	
0.461265	0.002690	0.179620	0.001728	0.010485	0.017745	0.028077	0.027311	0.067989	0.029513	0.010380	0.020908	0.082092	0.049879	0.010319	
0.423177	0.003312	0.162373	0.001800	0.012546	0.023928	0.035039	0.029987	0.091879	0.031385	0.010919	0.026870	0.067224	0.067616	0.011945	
0.526358	0.000755	0.016430	0.000624	0.027781	0.006386	0.013477	0.120501	0.020030	0.106716	0.002779	0.008835	0.059384	0.012912	0.077031	
0.524274	0.000973	0.078798	0.000817	0.021586	0.007422	0.016025	0.087727	0.023184	0.081363	0.004063	0.010748	0.074651	0.015027	0.053343	
0.521739	0.000932	0.018364	0.000946	0.027879	0.010979	0.019701	0.114850	0.023568	0.103051	0.004968	0.009861	0.056128	0.015486	0.071550	
0.506665	0.000948	0.018016	0.002998	0.029881	0.045387	0.069648	0.073144	0.038005	0.084760	0.018617	0.017779	0.031897	0.023644	0.038610	
0.228958	0.005328	0.062623	0.000711	0.037335	0.008907	0.081987	0.071759	0.197961	0.048326	0.003997	0.095843	0.026771	0.120000	0.009495	
0.280709	0.004129	0.115202	0.002436	0.014517	0.031766	0.061128	0.025557	0.185816	0.023707	0.015158	0.057883	0.022951	0.132813	0.026229	
0.239491	0.003662	0.110979	0.001091	0.022992	0.015839	0.075991	0.029572	0.202945	0.026802	0.005970	0.086826	0.031245	0.130384	0.016212	
0.293533	0.002550	0.113919	0.000716	0.024552	0.022791	0.079398	0.024190	0.167738	0.035756	0.003151	0.078031	0.039114	0.104108	0.010453	
0.254703	0.002465	0.063954	0.001324	0.032144	0.030726	0.106823	0.030147	0.191235	0.042895	0.007200	0.094045	0.015580	0.115062	0.011697	
