0.026594	0.021821	0.114899	0.673372	0.091033	0.024207	0.048074	
0.107483	0.024150	0.040816	0.464626	0.033673	0.271769	0.057483	
0.064472	0.021717	0.028843	0.553784	0.071598	0.159484	0.100102	
0.447710	0.198906	0.036227	0.045796	0.060150	0.167806	0.043404	
0.529889	0.040527	0.049983	0.033435	0.191827	0.101993	0.052347	
0.433988	0.166215	0.033514	0.052471	0.151997	0.140149	0.021666	
0.026342	0.028707	0.042891	0.019250	0.823033	0.042891	0.016886	
0.064626	0.107483	0.381293	0.036054	0.109864	0.255102	0.045578	
0.026786	0.255151	0.358516	0.067651	0.055632	0.207074	0.029190	
0.034411	0.061175	0.428571	0.090372	0.131734	0.080640	0.173097	
0.028438	0.138508	0.461693	0.026096	0.096353	0.161927	0.086986	
0.242403	0.173943	0.293748	0.044359	0.191058	0.024799	0.029689	
0.034972	0.025734	0.730122	0.076542	0.062686	0.044210	0.025734	
0.191475	0.086580	0.287046	0.049284	0.042291	0.310356	0.032967	
0.215791	0.030780	0.337571	0.047173	0.117431	0.206424	0.044831	
0.038805	0.079670	0.024382	0.091690	0.033997	0.144574	0.586882	
0.171016	0.041209	0.031593	0.084478	0.026786	0.219093	0.425824	
0.038992	0.087302	0.019669	0.251553	0.065562	0.150104	0.386818	
0.038619	0.045796	0.033835	0.038619	0.191729	0.189337	0.462064	
0.105102	0.336054	0.045578	0.024150	0.100340	0.250340	0.138435	
0.200818	0.241391	0.031367	0.045687	0.050460	0.083873	0.346403	
0.041609	0.553745	0.041609	0.053745	0.136269	0.131415	0.041609	
0.261733	0.362453	0.048304	0.065091	0.192189	0.026721	0.043508	
0.024265	0.251538	0.052973	0.026658	0.167806	0.426179	0.050581	
