0.434248	0.016101	0.015139	0.001075	0.041046	0.043207	0.042810	0.131091	0.027896	0.204018	0.004075	0.007787	0.008163	0.017464	0.005880	
0.420845	0.006291	0.129277	0.000924	0.031987	0.019939	0.026978	0.099223	0.028316	0.102286	0.005292	0.030878	0.043607	0.044056	0.010104	
0.411899	0.007851	0.091562	0.001058	0.034444	0.026071	0.041300	0.095893	0.056580	0.114419	0.005040	0.038206	0.031245	0.035974	0.008458	
0.480342	0.001578	0.017262	0.013338	0.005405	0.086165	0.161153	0.014005	0.021976	0.016733	0.049486	0.005539	0.007813	0.113847	0.005357	
0.379221	0.001347	0.094390	0.003961	0.022197	0.038061	0.085419	0.032450	0.132305	0.023062	0.016966	0.062740	0.026504	0.072070	0.009307	
0.430784	0.001400	0.081290	0.007602	0.015728	0.051170	0.109247	0.032659	0.058923	0.022640	0.031190	0.035197	0.024354	0.091122	0.006692	
0.310464	0.000882	0.034468	0.001073	0.036469	0.022838	0.113845	0.010263	0.275859	0.010140	0.004471	0.141089	0.007177	0.026838	0.004123	
0.329676	0.006529	0.143381	0.000922	0.007764	0.009300	0.061572	0.012957	0.110702	0.012947	0.049883	0.006460	0.028464	0.194684	0.024760	
0.369744	0.005961	0.101409	0.002073	0.019697	0.034014	0.057898	0.047235	0.110313	0.058263	0.022112	0.025540	0.026405	0.102469	0.016866	
0.313011	0.001441	0.124152	0.001200	0.007092	0.065204	0.021291	0.015133	0.228176	0.016455	0.005256	0.012395	0.039068	0.112723	0.037403	
0.300653	0.001099	0.132837	0.000828	0.003719	0.067562	0.013187	0.008447	0.243595	0.008428	0.005520	0.005049	0.041747	0.125195	0.042133	
0.330060	0.004253	0.135306	0.000920	0.013918	0.018177	0.058892	0.019082	0.143909	0.014275	0.032227	0.032895	0.030086	0.145066	0.020933	
0.391797	0.002865	0.147069	0.001006	0.025240	0.025291	0.026260	0.071457	0.081466	0.059088	0.004840	0.037244	0.048785	0.061110	0.016481	
0.402131	0.001477	0.202486	0.001150	0.025782	0.013270	0.019736	0.078795	0.031720	0.048090	0.006292	0.041516	0.056064	0.064585	0.006907	
0.399685	0.001494	0.203106	0.000802	0.026538	0.007870	0.020698	0.077949	0.032885	0.045639	0.007561	0.045289	0.056767	0.066518	0.007199	
0.507577	0.001387	0.017767	0.002224	0.026729	0.018701	0.032203	0.094441	0.032369	0.076264	0.008740	0.009276	0.085273	0.028364	0.058684	
0.511480	0.001571	0.024717	0.001060	0.028575	0.010338	0.017233	0.104208	0.024492	0.083340	0.005721	0.006877	0.093651	0.023421	0.063315	
0.499839	0.002402	0.023393	0.000948	0.029330	0.014603	0.018264	0.103693	0.036618	0.089917	0.003998	0.009100	0.086856	0.021464	0.059575	
0.426187	0.003930	0.042157	0.001115	0.029169	0.026689	0.042626	0.075989	0.106408	0.078752	0.005270	0.036088	0.052316	0.036918	0.036387	
0.437339	0.001758	0.048971	0.005526	0.020815	0.042097	0.091160	0.045955	0.081600	0.039050	0.022445	0.038160	0.036598	0.067191	0.021336	
0.402068	0.003077	0.073673	0.003414	0.019295	0.029206	0.076737	0.039780	0.101480	0.034742	0.026314	0.034891	0.036664	0.094502	0.024157	
0.351522	0.001183	0.040646	0.002890	0.028872	0.035291	0.104412	0.019682	0.212902	0.018957	0.010866	0.099051	0.016481	0.046097	0.011147	
0.328051	0.002982	0.073760	0.000929	0.026576	0.021869	0.084157	0.020756	0.206811	0.021736	0.016153	0.085052	0.019599	0.077313	0.014257	
0.401291	0.001840	0.040952	0.007066	0.015961	0.061990	0.115937	0.018524	0.131478	0.022229	0.026525	0.044692	0.014902	0.084494	0.012119	
