0.038344	0.161860	0.665422	0.016966	0.026468	0.028843	0.062097	
0.050340	0.471769	0.026531	0.233673	0.031293	0.100340	0.086054	
0.031367	0.804637	0.026594	0.028981	0.026594	0.036140	0.045687	
0.802721	0.031293	0.038435	0.031293	0.038435	0.026531	0.031293	
0.446092	0.054582	0.040431	0.174865	0.219677	0.033356	0.030997	
0.375337	0.054582	0.026280	0.071092	0.370620	0.054582	0.047507	
0.559864	0.040816	0.074150	0.050340	0.214626	0.021769	0.038435	
0.055102	0.055102	0.274150	0.428912	0.090816	0.057483	0.038435	
0.110390	0.024265	0.136705	0.512303	0.036227	0.151059	0.029050	
0.175958	0.046690	0.483275	0.066202	0.024739	0.171080	0.032056	
0.077618	0.030780	0.494480	0.161927	0.166611	0.047173	0.021412	
0.310105	0.017422	0.351568	0.190592	0.051568	0.041812	0.036934	
0.037110	0.037110	0.044007	0.071593	0.046305	0.731363	0.032512	
0.072934	0.094011	0.019070	0.288391	0.035463	0.440616	0.049515	
0.114286	0.142193	0.093355	0.184053	0.053821	0.372425	0.039867	
0.035969	0.040719	0.024092	0.021717	0.028843	0.040719	0.807940	
0.024207	0.048074	0.021821	0.019434	0.274804	0.043300	0.568360	
0.038253	0.170955	0.033514	0.024035	0.028775	0.033514	0.670955	
0.201760	0.028775	0.208869	0.019296	0.035884	0.024035	0.481381	
0.071769	0.136054	0.031293	0.264626	0.352721	0.026531	0.117007	
0.097495	0.142519	0.151997	0.197021	0.315504	0.031144	0.064320	
0.150832	0.034327	0.029473	0.199376	0.471221	0.027046	0.087725	
0.038898	0.077453	0.178657	0.034079	0.588296	0.048537	0.034079	
0.115174	0.043404	0.198906	0.143882	0.308954	0.060150	0.129528	
