0.026342	0.016886	0.534617	0.021614	0.028707	0.326579	0.045255	
0.247395	0.030924	0.056807	0.028571	0.026218	0.532101	0.077983	
0.180862	0.033593	0.069223	0.016966	0.045470	0.591788	0.062097	
0.145926	0.148312	0.055234	0.052847	0.050460	0.045687	0.501534	
0.254496	0.140482	0.028843	0.038344	0.107228	0.057346	0.373261	
0.213260	0.194122	0.072112	0.043404	0.074504	0.076897	0.325701	
0.038344	0.050221	0.031218	0.047845	0.040719	0.021717	0.769936	
0.155102	0.167007	0.097959	0.314626	0.081293	0.157483	0.026531	
0.022300	0.195470	0.144251	0.368641	0.046690	0.144251	0.078397	
0.024921	0.034749	0.250965	0.516322	0.032292	0.029835	0.110916	
0.035463	0.089328	0.300100	0.454667	0.030780	0.040147	0.049515	
0.278397	0.017422	0.039373	0.454007	0.051568	0.032056	0.127178	
0.039591	0.097328	0.106565	0.284395	0.034972	0.362917	0.074233	
0.338294	0.123016	0.028108	0.222553	0.072090	0.190146	0.025794	
0.325809	0.066375	0.045148	0.137129	0.125337	0.259771	0.040431	
0.024323	0.101062	0.021925	0.024323	0.746146	0.036314	0.045906	
0.143539	0.048074	0.062393	0.028981	0.429935	0.114899	0.172179	
0.031518	0.021925	0.218568	0.031518	0.585474	0.041110	0.069887	
0.026721	0.057897	0.367249	0.050702	0.328880	0.033916	0.134635	
0.173736	0.508653	0.035969	0.026468	0.138107	0.031218	0.085850	
0.202294	0.187696	0.090372	0.153632	0.187696	0.039277	0.139034	
0.094320	0.393115	0.041308	0.089501	0.050947	0.055766	0.275043	
0.246164	0.296284	0.026594	0.019434	0.129219	0.040914	0.241391	
0.051070	0.377157	0.145273	0.022084	0.080055	0.101794	0.222567	
