0.165019	0.604160	0.036140	0.028981	0.107740	0.019434	0.038527	
0.081877	0.417609	0.165810	0.194587	0.057897	0.043508	0.038712	
0.120826	0.585886	0.070224	0.091910	0.029260	0.024441	0.077453	
0.344016	0.060007	0.036140	0.310603	0.160245	0.048074	0.040914	
0.221769	0.057483	0.340816	0.143197	0.119388	0.057483	0.059864	
0.151422	0.067489	0.302501	0.235355	0.144227	0.057897	0.041110	
0.446895	0.031218	0.204615	0.214116	0.028843	0.035969	0.038344	
0.036054	0.174150	0.128912	0.088435	0.090816	0.383673	0.097959	
0.195055	0.130151	0.036401	0.031593	0.322459	0.197459	0.086882	
0.219861	0.105226	0.036934	0.144251	0.078397	0.397909	0.017422	
0.180433	0.021666	0.076168	0.128301	0.111713	0.374746	0.106974	
0.285714	0.032056	0.044251	0.027178	0.019861	0.539373	0.051568	
0.092709	0.115803	0.044210	0.351369	0.182778	0.150445	0.062686	
0.074405	0.046627	0.099868	0.393849	0.208664	0.148479	0.028108	
0.082109	0.047063	0.142857	0.392857	0.044726	0.229306	0.061081	
0.021978	0.053228	0.031593	0.324863	0.094093	0.036401	0.437843	
0.028843	0.109603	0.283000	0.133356	0.043095	0.016966	0.385137	
0.164596	0.036577	0.034161	0.181504	0.026915	0.017253	0.538992	
0.244947	0.139431	0.031518	0.113052	0.081877	0.026721	0.362453	
0.133673	0.038435	0.074150	0.038435	0.576531	0.043197	0.095578	
0.202754	0.082272	0.173838	0.062995	0.303959	0.060585	0.113597	
0.106526	0.032451	0.501587	0.044797	0.207760	0.071958	0.034921	
0.079100	0.055234	0.408456	0.222298	0.157859	0.038527	0.038527	
0.223106	0.039087	0.305431	0.116569	0.237634	0.031823	0.046351	
