0.045796	0.718045	0.036227	0.091251	0.026658	0.045796	0.036227	
0.052347	0.295846	0.120905	0.026342	0.154002	0.139818	0.210740	
0.062843	0.625343	0.074863	0.029190	0.031593	0.110920	0.065247	
0.829722	0.031144	0.024035	0.021666	0.028775	0.026405	0.038253	
0.206908	0.103622	0.061368	0.141180	0.366533	0.068410	0.051979	
0.237869	0.038344	0.083475	0.035969	0.427893	0.069223	0.107228	
0.246201	0.021614	0.023978	0.052347	0.605539	0.021614	0.028707	
0.052721	0.059864	0.036054	0.259864	0.090816	0.440816	0.059864	
0.250343	0.048420	0.029190	0.060440	0.060440	0.502747	0.048420	
0.185714	0.100348	0.036934	0.468641	0.039373	0.110105	0.058885	
0.075100	0.049399	0.051736	0.591455	0.044726	0.156876	0.030708	
0.239373	0.029617	0.024739	0.580836	0.044251	0.027178	0.054007	
0.044518	0.163123	0.037542	0.035216	0.051495	0.132890	0.535216	
0.051495	0.025914	0.025914	0.028239	0.104983	0.146844	0.616611	
0.047173	0.049515	0.037805	0.096353	0.140850	0.030780	0.597524	
0.084275	0.055498	0.683796	0.077081	0.021925	0.053100	0.024323	
0.062693	0.021925	0.640630	0.048304	0.096266	0.089072	0.041110	
0.036489	0.038898	0.771429	0.031670	0.065404	0.026850	0.029260	
0.202721	0.145578	0.309864	0.026531	0.036054	0.257483	0.021769	
0.023866	0.033277	0.150924	0.543866	0.061513	0.153277	0.033277	
0.163846	0.085647	0.163846	0.218348	0.080907	0.258632	0.028775	
0.208274	0.032532	0.042433	0.094413	0.515205	0.064710	0.042433	
0.034161	0.024500	0.183920	0.031746	0.604210	0.067978	0.053485	
0.073624	0.161094	0.064168	0.101993	0.369132	0.165822	0.064168	
