0.060295	0.031518	0.115450	0.038712	0.031518	0.043508	0.679000	
0.028707	0.302938	0.028707	0.090172	0.045255	0.035799	0.468423	
0.041209	0.267170	0.019574	0.055632	0.108516	0.033997	0.473901	
0.433356	0.294600	0.134313	0.033835	0.033835	0.021873	0.048189	
0.665431	0.019205	0.035714	0.118261	0.056941	0.061658	0.042790	
0.266846	0.203167	0.172507	0.078167	0.028639	0.104111	0.146563	
0.281662	0.016886	0.477879	0.035799	0.040527	0.054711	0.092536	
0.026342	0.224924	0.090172	0.484971	0.049983	0.097264	0.026342	
0.133195	0.263630	0.229814	0.266046	0.043823	0.046239	0.017253	
0.141467	0.031978	0.370177	0.255822	0.080640	0.095238	0.024678	
0.277331	0.120054	0.392354	0.094232	0.021462	0.075453	0.019115	
0.044251	0.024739	0.473519	0.344251	0.039373	0.049129	0.024739	
0.039867	0.239867	0.098007	0.472425	0.072425	0.039867	0.037542	
0.021312	0.179820	0.030636	0.667000	0.028305	0.035298	0.037629	
0.053821	0.074751	0.039867	0.591030	0.037542	0.051495	0.151495	
0.050702	0.242549	0.043508	0.031518	0.400822	0.141829	0.089072	
0.069887	0.254539	0.021925	0.029120	0.561494	0.036314	0.026721	
0.193658	0.033754	0.033754	0.031367	0.582680	0.045687	0.079100	
0.065091	0.220966	0.343268	0.024323	0.132237	0.060295	0.153820	
0.024092	0.119104	0.024092	0.054971	0.142857	0.539532	0.095351	
0.033514	0.076168	0.182803	0.175694	0.211239	0.291808	0.028775	
0.068143	0.257004	0.114147	0.026980	0.058457	0.411968	0.063300	
0.062995	0.038898	0.026850	0.137694	0.135284	0.390706	0.207573	
0.286390	0.371496	0.040527	0.033435	0.028707	0.180007	0.059439	
