0.074683	0.652621	0.060295	0.031518	0.029120	0.019527	0.132237	
0.026218	0.266218	0.087395	0.266218	0.228571	0.077983	0.047395	
0.026594	0.358336	0.060007	0.219911	0.262871	0.045687	0.026594	
0.021873	0.074504	0.052973	0.031442	0.174983	0.086466	0.557758	
0.220196	0.033435	0.137454	0.154002	0.023978	0.061803	0.369132	
0.040431	0.045148	0.130054	0.108827	0.125337	0.181941	0.368261	
0.042891	0.106721	0.116177	0.035799	0.023978	0.028707	0.645728	
0.055102	0.024150	0.224150	0.045578	0.102721	0.486054	0.062245	
0.026658	0.026658	0.043404	0.029050	0.057758	0.584074	0.232399	
0.243065	0.024619	0.311026	0.031900	0.036755	0.068308	0.284327	
0.493293	0.023810	0.122401	0.026157	0.047284	0.136486	0.150570	
0.254007	0.019861	0.422300	0.056446	0.019861	0.019861	0.207666	
0.030494	0.025853	0.431886	0.042095	0.090819	0.290355	0.088499	
0.028239	0.093355	0.484053	0.037542	0.111960	0.204983	0.039867	
0.079402	0.051495	0.549169	0.165449	0.067774	0.044518	0.042193	
0.084275	0.141829	0.021925	0.043508	0.640630	0.031518	0.036314	
0.019434	0.067167	0.021821	0.036140	0.778384	0.033754	0.043300	
0.033835	0.081681	0.038619	0.275461	0.359193	0.024265	0.186945	
0.045906	0.165810	0.021925	0.033916	0.240151	0.093868	0.398424	
0.038344	0.104852	0.026468	0.354259	0.088225	0.368510	0.019342	
0.029190	0.033997	0.108516	0.202266	0.067651	0.348901	0.209478	
0.216366	0.143551	0.044036	0.170250	0.116852	0.184813	0.124133	
0.177101	0.148046	0.046351	0.453130	0.063300	0.065721	0.046351	
0.262363	0.134959	0.029190	0.026786	0.175824	0.320055	0.050824	
