0.379522	0.006548	0.072020	0.000883	0.032719	0.022958	0.041130	0.117782	0.063037	0.105367	0.005881	0.008249	0.077610	0.041499	0.024792	
0.546429	0.005468	0.062546	0.002639	0.021494	0.018220	0.041553	0.084919	0.033640	0.074221	0.016518	0.009676	0.048032	0.028348	0.006297	
0.457283	0.009506	0.015449	0.001552	0.041032	0.011443	0.023618	0.162221	0.025891	0.140643	0.008497	0.006354	0.078149	0.013010	0.005354	
0.569148	0.000851	0.021430	0.010004	0.029433	0.059015	0.137731	0.014865	0.023645	0.008581	0.062560	0.011569	0.029092	0.018229	0.003847	
0.389085	0.001859	0.062185	0.008344	0.031539	0.051675	0.116163	0.028115	0.087516	0.022008	0.052004	0.050708	0.027702	0.066976	0.004119	
0.476837	0.002465	0.043747	0.007158	0.026244	0.046442	0.103083	0.034531	0.071488	0.029855	0.044275	0.034085	0.024154	0.048211	0.007426	
0.307895	0.000962	0.052399	0.006486	0.026431	0.068153	0.132636	0.014625	0.147292	0.020911	0.040178	0.042555	0.020943	0.079352	0.039183	
0.534833	0.001820	0.130371	0.000953	0.009290	0.013040	0.026288	0.024665	0.076954	0.022449	0.006943	0.035814	0.031713	0.073520	0.011346	
0.366407	0.000701	0.140278	0.001230	0.011269	0.036484	0.063951	0.011348	0.134675	0.017376	0.009109	0.038158	0.034478	0.096118	0.038417	
0.300761	0.001426	0.151313	0.000926	0.013783	0.037208	0.064126	0.025026	0.142545	0.029782	0.007483	0.039145	0.043484	0.101821	0.041171	
0.300232	0.001690	0.141911	0.000681	0.014367	0.037291	0.062489	0.029082	0.147143	0.034278	0.005654	0.039172	0.042158	0.100748	0.043105	
0.293640	0.000886	0.142852	0.002693	0.018157	0.039187	0.073221	0.014980	0.146583	0.017815	0.018026	0.057560	0.034534	0.110169	0.029697	
0.438250	0.001097	0.250575	0.000855	0.005977	0.007084	0.025304	0.022313	0.037680	0.013333	0.010137	0.023575	0.072092	0.087403	0.004325	
0.463338	0.002754	0.163971	0.000932	0.011641	0.007595	0.018980	0.040486	0.073786	0.033598	0.007543	0.043190	0.044098	0.084399	0.003690	
0.385404	0.002104	0.173904	0.002083	0.015893	0.014422	0.033930	0.031860	0.094099	0.025041	0.014820	0.058738	0.043373	0.101539	0.002791	
0.552298	0.007224	0.022378	0.000568	0.036072	0.005151	0.009136	0.128431	0.023863	0.110030	0.002336	0.010383	0.068872	0.017992	0.005266	
0.534635	0.008561	0.016027	0.000890	0.035311	0.006005	0.011967	0.144325	0.022195	0.125142	0.004212	0.006837	0.067761	0.012321	0.003812	
0.344948	0.007954	0.016901	0.000734	0.040713	0.029344	0.046955	0.142534	0.083786	0.130675	0.003433	0.008331	0.075927	0.033824	0.033940	
0.366233	0.001349	0.012689	0.001798	0.013235	0.072515	0.117935	0.018213	0.184055	0.038914	0.010063	0.007197	0.011677	0.062378	0.081751	
0.269851	0.001529	0.132617	0.000847	0.025884	0.012857	0.015824	0.022888	0.195438	0.021013	0.004127	0.121381	0.014076	0.154605	0.007064	
0.346317	0.002240	0.071931	0.001282	0.018709	0.036745	0.057663	0.030406	0.175430	0.037336	0.006780	0.062768	0.012967	0.102220	0.037206	
0.300960	0.002022	0.073852	0.000844	0.015278	0.044252	0.067241	0.024293	0.201906	0.036484	0.004068	0.061354	0.007864	0.109681	0.049902	
0.488647	0.005766	0.065154	0.000911	0.012616	0.009369	0.013846	0.070661	0.116057	0.067939	0.003969	0.057474	0.007212	0.074981	0.005399	
0.406821	0.001748	0.061069	0.000908	0.015905	0.040789	0.064108	0.025765	0.156613	0.034895	0.004769	0.039479	0.017771	0.082775	0.046585	
