0.107997	0.041012	0.069720	0.574504	0.148667	0.021873	0.036227	
0.038435	0.028912	0.081293	0.497959	0.083673	0.052721	0.217007	
0.071940	0.043300	0.081487	0.425162	0.110126	0.076713	0.191272	
0.420007	0.031518	0.307297	0.029120	0.060295	0.024323	0.127441	
0.300574	0.031071	0.049983	0.127997	0.217832	0.243837	0.028707	
0.361586	0.079289	0.215653	0.038619	0.043404	0.177375	0.084074	
0.808395	0.031144	0.031144	0.028775	0.031144	0.042993	0.026405	
0.045255	0.265113	0.324215	0.045255	0.135089	0.045255	0.139818	
0.022084	0.055901	0.768461	0.036577	0.036577	0.053485	0.026915	
0.053876	0.586722	0.092805	0.036844	0.087939	0.107404	0.034411	
0.040241	0.598927	0.228035	0.047284	0.028504	0.033199	0.023810	
0.073699	0.587146	0.081034	0.017464	0.093259	0.095704	0.051694	
0.025794	0.021164	0.065146	0.041997	0.757275	0.058201	0.030423	
0.030423	0.046627	0.055886	0.037368	0.530423	0.208664	0.090608	
0.098695	0.103379	0.037805	0.035463	0.609234	0.026096	0.089328	
0.029331	0.022084	0.019669	0.138026	0.188751	0.024500	0.577640	
0.036401	0.029190	0.101305	0.058036	0.019574	0.031593	0.723901	
0.076531	0.033673	0.131293	0.297959	0.140816	0.040816	0.278912	
0.099139	0.426850	0.053356	0.062995	0.031670	0.026850	0.299139	
0.069388	0.064626	0.033673	0.102721	0.202721	0.314626	0.212245	
0.041012	0.184552	0.174983	0.033835	0.064935	0.189337	0.311347	
0.037206	0.074061	0.187083	0.054405	0.150228	0.477009	0.020007	
0.240151	0.036314	0.031518	0.084275	0.057897	0.487153	0.062693	
0.158730	0.087808	0.137454	0.042891	0.047619	0.298210	0.227288	
