0.109864	0.019388	0.074150	0.026531	0.028912	0.109864	0.631293	
0.028707	0.260385	0.031071	0.040527	0.120905	0.026342	0.492063	
0.043613	0.238324	0.024382	0.048420	0.151786	0.021978	0.471497	
0.560440	0.211882	0.021978	0.048420	0.043613	0.036401	0.077266	
0.399865	0.092536	0.191827	0.127997	0.033435	0.049983	0.104357	
0.364851	0.208976	0.141829	0.053100	0.041110	0.084275	0.105858	
0.720336	0.028571	0.059160	0.035630	0.026218	0.028571	0.101513	
0.043197	0.369388	0.097959	0.209864	0.028912	0.202721	0.047959	
0.237184	0.600820	0.055366	0.029050	0.017088	0.033835	0.026658	
0.185262	0.024678	0.233924	0.331248	0.044143	0.122002	0.058742	
0.030852	0.145875	0.547284	0.143528	0.068410	0.033199	0.030852	
0.222300	0.036934	0.275958	0.397909	0.019861	0.024739	0.022300	
0.062976	0.264833	0.025853	0.480610	0.037454	0.044415	0.083858	
0.030565	0.242193	0.016611	0.481728	0.037542	0.065449	0.125914	
0.025914	0.098007	0.093355	0.577076	0.042193	0.035216	0.128239	
0.029120	0.149024	0.019527	0.029120	0.609455	0.096266	0.067489	
0.029050	0.225222	0.019481	0.041012	0.581681	0.057758	0.045796	
0.038619	0.050581	0.079289	0.033835	0.715653	0.024265	0.057758	
0.181504	0.130780	0.099379	0.024500	0.478606	0.026915	0.058316	
0.033593	0.164235	0.028843	0.047845	0.211741	0.458772	0.054971	
0.167416	0.179523	0.034244	0.097198	0.060879	0.426496	0.034244	
0.175104	0.206657	0.209085	0.027046	0.165395	0.126560	0.090153	
0.024441	0.058176	0.154561	0.024441	0.094320	0.378657	0.265404	
0.038344	0.394639	0.297251	0.031218	0.054971	0.088225	0.095351	
