0.090816	0.021769	0.112245	0.121769	0.047959	0.550340	0.055102	
0.028707	0.243837	0.031071	0.035799	0.033435	0.522796	0.104357	
0.031593	0.231113	0.019574	0.026786	0.048420	0.512363	0.130151	
0.569388	0.190816	0.026531	0.047959	0.047959	0.028912	0.088435	
0.388045	0.023978	0.260385	0.035799	0.137454	0.097264	0.057075	
0.340870	0.187393	0.168208	0.089072	0.062693	0.110654	0.041110	
0.797983	0.026218	0.021513	0.037983	0.049748	0.040336	0.026218	
0.019388	0.352721	0.074150	0.240816	0.257483	0.036054	0.019388	
0.256323	0.579289	0.038619	0.041012	0.024265	0.038619	0.021873	
0.153259	0.031900	0.352288	0.044036	0.332871	0.034327	0.051318	
0.019115	0.192824	0.594232	0.016767	0.122401	0.019115	0.035547	
0.246690	0.032056	0.249129	0.051568	0.363763	0.036934	0.019861	
0.086178	0.250912	0.025853	0.016573	0.480610	0.074577	0.065297	
0.030565	0.202658	0.035216	0.088704	0.486379	0.091030	0.065449	
0.044518	0.070100	0.025914	0.065449	0.630565	0.132890	0.030565	
0.029120	0.141829	0.019527	0.091470	0.033916	0.110654	0.573484	
0.082074	0.146978	0.024382	0.122940	0.024382	0.029190	0.570055	
0.067327	0.024265	0.103213	0.033835	0.021873	0.033835	0.715653	
0.184995	0.264132	0.115450	0.031518	0.024323	0.127441	0.252141	
0.031218	0.199864	0.028843	0.527655	0.038344	0.085850	0.088225	
0.135410	0.234936	0.047732	0.327353	0.071429	0.095125	0.088016	
0.116852	0.160541	0.260055	0.165395	0.029473	0.046463	0.221221	
0.046239	0.038992	0.174258	0.497930	0.017253	0.058316	0.167012	
0.067651	0.344093	0.336882	0.084478	0.019574	0.065247	0.082074	
