0.469763	0.004406	0.026112	0.001188	0.049239	0.017855	0.022867	0.123110	0.061345	0.130427	0.010882	0.013889	0.013166	0.035953	0.019798	
0.523156	0.004166	0.028067	0.000729	0.044124	0.021267	0.024277	0.107274	0.033770	0.114377	0.009168	0.016577	0.010794	0.057213	0.005040	
0.533580	0.004032	0.024541	0.000685	0.045247	0.019531	0.019306	0.119848	0.028826	0.126171	0.009421	0.009410	0.015843	0.034792	0.008768	
0.393755	0.001300	0.061845	0.006566	0.009357	0.051775	0.141608	0.017785	0.155441	0.016608	0.023466	0.009981	0.012057	0.065799	0.032657	
0.275741	0.001435	0.131558	0.010881	0.014889	0.027915	0.220467	0.020993	0.186189	0.019616	0.004675	0.024080	0.030263	0.021804	0.009495	
0.338517	0.002264	0.093973	0.007125	0.017624	0.035356	0.151297	0.026651	0.156100	0.026518	0.012419	0.028270	0.020919	0.065933	0.017035	
0.339377	0.001458	0.056856	0.003922	0.016969	0.058745	0.077426	0.033450	0.185230	0.032877	0.037380	0.014042	0.012053	0.057384	0.072832	
0.364833	0.003824	0.110316	0.001020	0.019268	0.036829	0.043839	0.014039	0.112695	0.011660	0.016657	0.069461	0.033711	0.145957	0.015891	
0.484896	0.001112	0.073497	0.001677	0.008703	0.060435	0.057263	0.009971	0.095361	0.008159	0.030404	0.024288	0.017139	0.093537	0.033560	
0.334413	0.001499	0.100691	0.001476	0.017455	0.056798	0.034135	0.025458	0.164174	0.022690	0.037535	0.036733	0.029194	0.065779	0.071971	
0.383747	0.001130	0.078481	0.002225	0.012490	0.061421	0.052920	0.020333	0.152791	0.017725	0.037543	0.023952	0.021450	0.068951	0.064840	
0.304554	0.001151	0.157086	0.000893	0.018362	0.052946	0.027423	0.011363	0.156934	0.008078	0.034147	0.057413	0.041049	0.063361	0.065242	
0.404558	0.002194	0.168596	0.000696	0.030360	0.028101	0.033987	0.039715	0.067140	0.040408	0.011540	0.062184	0.044245	0.055688	0.010587	
0.358805	0.002257	0.212641	0.000948	0.024787	0.022238	0.040454	0.026347	0.074425	0.021992	0.007126	0.079842	0.068256	0.055053	0.004830	
0.332206	0.001483	0.257277	0.000979	0.034200	0.018889	0.040238	0.028562	0.071266	0.028753	0.005284	0.086964	0.063900	0.024964	0.005034	
0.496166	0.004276	0.049129	0.001002	0.014471	0.022591	0.029581	0.080749	0.053135	0.068796	0.010274	0.026074	0.071184	0.063116	0.009455	
0.504931	0.004977	0.029992	0.001638	0.006974	0.015935	0.037882	0.092466	0.051651	0.073760	0.006313	0.019494	0.093139	0.056013	0.004837	
0.497211	0.004808	0.029386	0.002777	0.011574	0.010025	0.053331	0.111236	0.054654	0.093475	0.003344	0.008841	0.094524	0.019249	0.005564	
0.430482	0.002637	0.032981	0.002620	0.016816	0.046835	0.056921	0.055196	0.124894	0.051746	0.027644	0.012130	0.026085	0.066715	0.046298	
0.209885	0.008434	0.078617	0.000764	0.029970	0.011200	0.030001	0.033726	0.165398	0.029420	0.004789	0.108443	0.043626	0.237816	0.007911	
0.309471	0.005202	0.075185	0.001146	0.017526	0.031786	0.033328	0.034472	0.148666	0.026762	0.018821	0.066326	0.048936	0.149457	0.032916	
0.374508	0.002643	0.093620	0.004924	0.022410	0.033174	0.109714	0.038284	0.125835	0.038745	0.012734	0.033592	0.023982	0.070174	0.015660	
0.299055	0.007116	0.064479	0.001160	0.038581	0.008993	0.030308	0.073321	0.124863	0.072826	0.004203	0.074263	0.037483	0.154195	0.009155	
0.407582	0.001864	0.073088	0.007334	0.013031	0.038013	0.158443	0.029948	0.130826	0.028851	0.011885	0.013261	0.020027	0.056462	0.009386	
