0.611377	0.001196	0.015125	0.000861	0.057747	0.006096	0.026382	0.058612	0.015257	0.151228	0.003278	0.006010	0.030069	0.011067	0.005696	
0.539013	0.009898	0.063297	0.001057	0.025133	0.010566	0.017820	0.098364	0.026597	0.080068	0.013445	0.021755	0.064237	0.015667	0.013083	
0.538592	0.010463	0.054534	0.000982	0.024166	0.009395	0.021625	0.093647	0.041607	0.082148	0.010629	0.023803	0.056981	0.024480	0.006948	
0.535459	0.000871	0.018154	0.011389	0.024668	0.119357	0.164515	0.012674	0.025607	0.012488	0.033328	0.010317	0.009397	0.016584	0.005194	
0.390174	0.002972	0.102924	0.003811	0.034210	0.038594	0.074242	0.032802	0.109860	0.021858	0.026097	0.061364	0.039152	0.058330	0.003609	
0.463360	0.004308	0.072409	0.005454	0.028264	0.056978	0.088976	0.040845	0.068657	0.028012	0.025729	0.037451	0.035628	0.038573	0.005353	
0.506590	0.000817	0.022629	0.010806	0.023567	0.113125	0.161147	0.011402	0.046703	0.011386	0.031671	0.018320	0.008671	0.028499	0.004667	
0.389067	0.005723	0.102419	0.000855	0.011473	0.027375	0.048362	0.052851	0.126429	0.052396	0.005663	0.012836	0.026785	0.110148	0.027617	
0.301143	0.000830	0.130161	0.002035	0.013401	0.045432	0.077237	0.016921	0.169052	0.026540	0.009758	0.019492	0.009874	0.144290	0.033835	
0.321770	0.003372	0.112727	0.001424	0.007739	0.034186	0.061437	0.044171	0.155028	0.036996	0.008081	0.024525	0.025399	0.127537	0.035608	
0.268673	0.002423	0.143189	0.001205	0.005364	0.039815	0.069433	0.023741	0.187985	0.018351	0.007676	0.021245	0.012899	0.160521	0.037479	
0.328874	0.000828	0.183557	0.000883	0.041707	0.021999	0.040091	0.022553	0.118601	0.015714	0.026308	0.048152	0.043664	0.086751	0.020318	
0.373254	0.001014	0.176582	0.000651	0.052073	0.013270	0.028163	0.029569	0.090222	0.028385	0.028888	0.053468	0.052975	0.057978	0.013507	
0.396618	0.003490	0.167955	0.000853	0.047482	0.012400	0.024246	0.044604	0.075385	0.025261	0.030198	0.055060	0.062086	0.043357	0.011006	
0.425906	0.002785	0.174730	0.001142	0.057127	0.012039	0.019450	0.044998	0.045931	0.026196	0.035718	0.056838	0.070157	0.018476	0.008507	
0.445315	0.001237	0.056218	0.000836	0.019660	0.011031	0.013766	0.117065	0.026663	0.107292	0.011560	0.020857	0.081031	0.023500	0.063967	
0.517677	0.006450	0.015203	0.000755	0.009615	0.009373	0.013517	0.131115	0.020214	0.121921	0.002932	0.006964	0.072677	0.021310	0.050277	
0.452561	0.001044	0.020095	0.001165	0.006792	0.015816	0.018273	0.135700	0.021706	0.126133	0.004951	0.008284	0.081548	0.026668	0.079266	
0.450119	0.000850	0.036456	0.002793	0.012664	0.036259	0.050363	0.093819	0.045286	0.096189	0.009115	0.007350	0.055194	0.045169	0.058373	
0.242577	0.001021	0.119040	0.000817	0.026561	0.008140	0.053986	0.035441	0.203456	0.028275	0.016398	0.093842	0.040359	0.115075	0.015011	
0.330078	0.002194	0.103767	0.001216	0.023165	0.017173	0.047647	0.053860	0.140526	0.046810	0.014733	0.057782	0.045215	0.089524	0.026309	
0.239379	0.002957	0.067032	0.002624	0.008575	0.027383	0.091776	0.027385	0.244848	0.023886	0.008302	0.090778	0.015351	0.143624	0.006099	
0.343897	0.008612	0.050677	0.000830	0.003987	0.008031	0.051465	0.071972	0.183211	0.053672	0.002975	0.067966	0.036494	0.108100	0.008111	
0.244364	0.000951	0.063896	0.003008	0.013185	0.031064	0.095893	0.022538	0.235861	0.029767	0.009403	0.088443	0.013960	0.138148	0.009518	
