0.031071	0.016886	0.026342	0.040527	0.021614	0.820669	0.042891	
0.048074	0.026594	0.021821	0.239004	0.200818	0.312990	0.150699	
0.038898	0.024441	0.108778	0.140103	0.224441	0.048537	0.414802	
0.538253	0.028775	0.016926	0.329722	0.040623	0.024035	0.021666	
0.266218	0.247395	0.035630	0.028571	0.362689	0.023866	0.035630	
0.725457	0.045362	0.059580	0.019296	0.083277	0.033514	0.033514	
0.508612	0.109085	0.232016	0.040527	0.028707	0.047619	0.033435	
0.035630	0.045042	0.421513	0.212101	0.042689	0.155630	0.087395	
0.101305	0.175824	0.428228	0.132555	0.036401	0.098901	0.026786	
0.132056	0.027178	0.568641	0.049129	0.090592	0.046690	0.085714	
0.035381	0.023698	0.745661	0.100801	0.028371	0.037717	0.028371	
0.277311	0.032213	0.162115	0.027311	0.441527	0.022409	0.037115	
0.030353	0.053448	0.192016	0.131970	0.448367	0.120422	0.023425	
0.023588	0.049169	0.232890	0.095681	0.549169	0.021262	0.028239	
0.109635	0.035216	0.030565	0.037542	0.723588	0.028239	0.035216	
0.019342	0.026468	0.031218	0.703427	0.033593	0.024092	0.161860	
0.024092	0.033593	0.021717	0.489650	0.026468	0.107228	0.297251	
0.035884	0.026405	0.024035	0.035884	0.021666	0.035884	0.820244	
0.304170	0.024265	0.088859	0.127136	0.052973	0.021873	0.380725	
0.031218	0.140482	0.268748	0.126230	0.311503	0.024092	0.097727	
0.158237	0.019481	0.430964	0.017088	0.031442	0.021873	0.320916	
0.085092	0.780007	0.026980	0.024559	0.036666	0.024559	0.022138	
0.029120	0.472765	0.137033	0.019527	0.036314	0.053100	0.252141	
0.035969	0.432643	0.107228	0.209365	0.047845	0.033593	0.133356	
