0.035799	0.090172	0.019250	0.057075	0.064168	0.064168	0.669368	
0.052596	0.104852	0.092976	0.325755	0.031218	0.033593	0.359009	
0.043823	0.084886	0.053485	0.195997	0.046239	0.072809	0.502761	
0.040816	0.786054	0.024150	0.036054	0.036054	0.036054	0.040816	
0.408786	0.082495	0.042589	0.178739	0.096579	0.150570	0.040241	
0.632412	0.137129	0.038073	0.089960	0.038073	0.035714	0.028639	
0.630924	0.054454	0.047395	0.042689	0.075630	0.077983	0.070924	
0.064168	0.038163	0.588990	0.182371	0.066532	0.026342	0.033435	
0.031442	0.182160	0.584074	0.017088	0.024265	0.098428	0.062543	
0.087939	0.027112	0.654849	0.022245	0.085506	0.075773	0.046576	
0.030852	0.091885	0.765594	0.019115	0.035547	0.021462	0.035547	
0.049249	0.024799	0.486902	0.132379	0.044359	0.237513	0.024799	
0.114286	0.091030	0.202658	0.344518	0.060797	0.081728	0.104983	
0.021362	0.105474	0.133511	0.603138	0.035381	0.063418	0.037717	
0.046844	0.032890	0.021262	0.563123	0.044518	0.211960	0.079402	
0.021978	0.106113	0.026786	0.043613	0.240728	0.046016	0.514766	
0.026721	0.081877	0.029120	0.129839	0.676602	0.021925	0.033916	
0.089072	0.050702	0.029120	0.026721	0.256937	0.033916	0.513532	
0.040623	0.057211	0.040623	0.024035	0.637779	0.111713	0.088016	
0.064780	0.045687	0.055234	0.060007	0.138766	0.585066	0.050460	
0.069059	0.021666	0.054841	0.047732	0.296547	0.460054	0.050102	
0.361790	0.116007	0.041308	0.038898	0.029260	0.376248	0.036489	
0.676602	0.048304	0.043508	0.048304	0.105858	0.050702	0.026721	
0.279577	0.422775	0.050460	0.028981	0.081487	0.093420	0.043300	
