0.028707	0.031071	0.026342	0.021614	0.026342	0.844309	0.021614	
0.026531	0.636054	0.105102	0.036054	0.031293	0.126531	0.038435	
0.086882	0.618132	0.065247	0.019574	0.031593	0.134959	0.043613	
0.481381	0.047732	0.033514	0.054841	0.042993	0.035884	0.303656	
0.297063	0.105474	0.180240	0.105474	0.033044	0.026035	0.252670	
0.324279	0.284373	0.040241	0.044936	0.042589	0.023810	0.239772	
0.786218	0.037983	0.040336	0.030924	0.021513	0.023866	0.059160	
0.019342	0.309128	0.085850	0.366135	0.026468	0.123855	0.069223	
0.107997	0.021873	0.062543	0.588859	0.024265	0.155844	0.038619	
0.264268	0.043929	0.133518	0.390176	0.051193	0.070564	0.046351	
0.056673	0.026157	0.023810	0.622401	0.063716	0.028504	0.178739	
0.041710	0.034411	0.815433	0.036844	0.019812	0.024678	0.027112	
0.035381	0.381175	0.049399	0.320427	0.023698	0.147530	0.042390	
0.042193	0.218937	0.135216	0.339867	0.051495	0.035216	0.177076	
0.044312	0.498016	0.236442	0.129960	0.030423	0.025794	0.035053	
0.043095	0.031218	0.054971	0.016966	0.781812	0.038344	0.033593	
0.038805	0.173420	0.029190	0.024382	0.594093	0.094093	0.046016	
0.076531	0.033673	0.031293	0.031293	0.759864	0.026531	0.040816	
0.166215	0.045362	0.040623	0.090386	0.509817	0.097495	0.050102	
0.037983	0.033277	0.256807	0.028571	0.219160	0.026218	0.397983	
0.069553	0.107740	0.277191	0.050460	0.212751	0.033754	0.248551	
0.231670	0.024441	0.038898	0.024441	0.026850	0.029260	0.624441	
0.138766	0.239004	0.038527	0.024207	0.117286	0.028981	0.413229	
0.081487	0.036140	0.019434	0.107740	0.043300	0.019434	0.692465	
