0.045796	0.785031	0.029050	0.033835	0.019481	0.041012	0.045796	
0.023978	0.352584	0.061803	0.042891	0.106721	0.120905	0.291118	
0.077266	0.440247	0.055632	0.079670	0.154190	0.033997	0.158997	
0.050702	0.021925	0.055498	0.144227	0.031518	0.460774	0.235355	
0.264488	0.049865	0.023922	0.040431	0.035714	0.547507	0.038073	
0.029120	0.026721	0.036314	0.086674	0.132237	0.592669	0.096266	
0.612101	0.026218	0.030924	0.129748	0.019160	0.143866	0.037983	
0.080055	0.043823	0.041408	0.304693	0.034161	0.145273	0.350587	
0.053356	0.070224	0.091910	0.253356	0.060585	0.026850	0.443718	
0.246090	0.061175	0.061175	0.494265	0.083073	0.024678	0.029545	
0.033121	0.028438	0.112747	0.651388	0.042489	0.023754	0.108063	
0.274188	0.085924	0.027244	0.359762	0.034579	0.176388	0.041914	
0.081538	0.253232	0.065297	0.436526	0.035134	0.060656	0.067617	
0.041997	0.164683	0.072090	0.419312	0.069775	0.051257	0.180886	
0.127395	0.197983	0.068571	0.393277	0.125042	0.052101	0.035630	
0.045470	0.031218	0.798439	0.024092	0.040719	0.019342	0.040719	
0.043300	0.031367	0.780771	0.021821	0.043300	0.055234	0.024207	
0.026658	0.210868	0.442925	0.024265	0.043404	0.057758	0.194122	
0.187542	0.054841	0.614083	0.026405	0.050102	0.033514	0.033514	
0.110920	0.103709	0.074863	0.084478	0.137363	0.413805	0.074863	
0.040623	0.021666	0.047732	0.026405	0.794177	0.033514	0.035884	
0.551318	0.027046	0.080444	0.041609	0.031900	0.179958	0.087725	
0.200344	0.034079	0.046127	0.024441	0.038898	0.549742	0.106368	
0.337662	0.021873	0.139098	0.026658	0.057758	0.093643	0.323308	
