0.031367	0.826117	0.026594	0.028981	0.021821	0.033754	0.031367	
0.019342	0.035969	0.271123	0.537156	0.069223	0.035969	0.031218	
0.060879	0.085092	0.046351	0.675891	0.068143	0.024559	0.039087	
0.028912	0.052721	0.026531	0.040816	0.776531	0.024150	0.050340	
0.030997	0.042790	0.193733	0.085243	0.564016	0.047507	0.035714	
0.090386	0.059580	0.066689	0.187542	0.479012	0.095125	0.021666	
0.052721	0.021769	0.050340	0.024150	0.681293	0.024150	0.145578	
0.073974	0.028843	0.038344	0.107228	0.069223	0.627418	0.054971	
0.207573	0.123236	0.053356	0.026850	0.055766	0.513597	0.019621	
0.404241	0.036844	0.022245	0.036844	0.039277	0.411540	0.049009	
0.260899	0.023810	0.028504	0.030852	0.127096	0.497988	0.030852	
0.226075	0.056172	0.128988	0.022191	0.213939	0.311026	0.041609	
0.037281	0.095018	0.046519	0.212801	0.023425	0.533817	0.051138	
0.023643	0.102897	0.298701	0.198468	0.086580	0.252081	0.037629	
0.051736	0.037717	0.117156	0.341455	0.154539	0.262016	0.035381	
0.024092	0.043095	0.043095	0.031218	0.019342	0.019342	0.819817	
0.021821	0.019434	0.021821	0.174565	0.028981	0.019434	0.713945	
0.050702	0.451182	0.017129	0.053100	0.041110	0.024323	0.362453	
0.388435	0.062245	0.026531	0.052721	0.133673	0.026531	0.309864	
0.111978	0.057346	0.644045	0.050221	0.066848	0.028843	0.040719	
0.330444	0.027046	0.291609	0.085298	0.131415	0.029473	0.104716	
0.199376	0.075589	0.179958	0.073162	0.281900	0.034327	0.155687	
0.147332	0.099139	0.185886	0.284682	0.050947	0.026850	0.205164	
0.111449	0.092536	0.059439	0.026342	0.551165	0.038163	0.120905	
