0.031071	0.023978	0.246201	0.035799	0.028707	0.596082	0.038163	
0.104357	0.172915	0.019250	0.177643	0.021614	0.406957	0.097264	
0.041110	0.101062	0.024323	0.110654	0.105858	0.559096	0.057897	
0.024265	0.105605	0.024265	0.744361	0.017088	0.048189	0.036227	
0.200809	0.054582	0.047507	0.330526	0.198450	0.026280	0.141846	
0.106974	0.147258	0.024035	0.483751	0.085647	0.085647	0.066689	
0.035630	0.033277	0.028571	0.292101	0.550924	0.028571	0.030924	
0.177643	0.298210	0.033435	0.061803	0.109085	0.198919	0.120905	
0.086054	0.628912	0.155102	0.043197	0.026531	0.021769	0.038435	
0.716007	0.046127	0.120826	0.031670	0.026850	0.036489	0.022031	
0.485112	0.145534	0.168953	0.035463	0.086986	0.030780	0.047173	
0.724739	0.022300	0.090592	0.063763	0.027178	0.036934	0.034495	
0.297315	0.116341	0.176666	0.134902	0.076898	0.155784	0.042095	
0.223831	0.193878	0.122449	0.170836	0.078670	0.138578	0.071758	
0.479306	0.040053	0.037717	0.320427	0.028371	0.044726	0.049399	
0.104852	0.059722	0.038344	0.059722	0.024092	0.028843	0.684425	
0.019342	0.024092	0.076349	0.019342	0.031218	0.197489	0.632168	
0.036314	0.024323	0.168208	0.024323	0.041110	0.043508	0.662213	
0.021873	0.031442	0.794600	0.033835	0.043404	0.031442	0.043404	
0.289124	0.172179	0.045687	0.033754	0.310603	0.081487	0.067167	
0.233827	0.172507	0.106469	0.026280	0.155997	0.172507	0.132412	
0.119279	0.141123	0.022191	0.063454	0.578017	0.039182	0.036755	
0.112544	0.032056	0.088153	0.032056	0.346690	0.329617	0.058885	
0.168613	0.240728	0.175824	0.031593	0.228709	0.026786	0.127747	
