0.019250	0.031071	0.016886	0.016886	0.035799	0.856130	0.023978	
0.036054	0.667007	0.131293	0.055102	0.038435	0.028912	0.043197	
0.058036	0.658997	0.091690	0.048420	0.024382	0.038805	0.079670	
0.332092	0.038253	0.021666	0.047732	0.066689	0.019296	0.474272	
0.313418	0.119493	0.177904	0.100801	0.040053	0.033044	0.215287	
0.251509	0.228035	0.019115	0.152918	0.026157	0.042589	0.279678	
0.037983	0.023866	0.042689	0.028571	0.026218	0.021513	0.819160	
0.054971	0.382762	0.147608	0.299627	0.026468	0.054971	0.033593	
0.062543	0.045796	0.019481	0.564935	0.019481	0.155844	0.131921	
0.060879	0.024559	0.128675	0.370806	0.063300	0.102041	0.249741	
0.209256	0.021462	0.028504	0.641180	0.037894	0.016767	0.044936	
0.027112	0.027112	0.594022	0.029545	0.019812	0.119569	0.182829	
0.025974	0.067932	0.021312	0.673993	0.018981	0.151848	0.039960	
0.206424	0.077618	0.098695	0.475744	0.065908	0.051857	0.023754	
0.053571	0.162368	0.236442	0.430886	0.051257	0.028108	0.037368	
0.036140	0.045687	0.050460	0.026594	0.775997	0.033754	0.031367	
0.031593	0.214286	0.021978	0.026786	0.615728	0.055632	0.033997	
0.100340	0.043197	0.033673	0.026531	0.731293	0.028912	0.036054	
0.066689	0.035884	0.021666	0.042993	0.580907	0.097495	0.154367	
0.346218	0.028571	0.287395	0.037983	0.240336	0.026218	0.033277	
0.179339	0.129219	0.317763	0.026594	0.203205	0.060007	0.083873	
0.660585	0.026850	0.024441	0.024441	0.031670	0.024441	0.207573	
0.451182	0.175403	0.038712	0.045906	0.175403	0.021925	0.091470	
0.733038	0.062393	0.024207	0.045687	0.069553	0.040914	0.024207	
