0.405307	0.006333	0.072308	0.000968	0.018454	0.030947	0.020039	0.194717	0.016915	0.153963	0.004169	0.029622	0.022090	0.013132	0.011035	
0.419819	0.005371	0.043193	0.003293	0.017244	0.047916	0.043968	0.148557	0.049824	0.118072	0.016090	0.019159	0.023228	0.032415	0.011852	
0.406491	0.006688	0.038463	0.002688	0.017155	0.047029	0.021155	0.196352	0.030309	0.153584	0.013345	0.013456	0.018208	0.026439	0.008637	
0.570799	0.001645	0.058000	0.008281	0.006610	0.073242	0.102112	0.014823	0.033589	0.011047	0.038316	0.019313	0.029075	0.028911	0.004235	
0.304153	0.002862	0.126132	0.000775	0.015202	0.016092	0.200298	0.025985	0.124979	0.016996	0.003731	0.061578	0.035398	0.061004	0.004816	
0.335222	0.003371	0.126653	0.002744	0.008246	0.026271	0.219425	0.031854	0.063373	0.021899	0.013606	0.038914	0.041923	0.059412	0.007090	
0.337093	0.001554	0.068172	0.000563	0.028126	0.026553	0.110655	0.011734	0.233139	0.009090	0.002458	0.079186	0.020647	0.065199	0.005832	
0.394569	0.003843	0.122472	0.002072	0.022691	0.024230	0.033970	0.045907	0.098945	0.041854	0.017099	0.038218	0.040465	0.099062	0.014605	
0.404075	0.003742	0.102226	0.003783	0.019882	0.038952	0.048562	0.030429	0.116530	0.025251	0.025763	0.029567	0.034510	0.110602	0.006126	
0.233225	0.006335	0.159910	0.000865	0.028130	0.010038	0.017745	0.029052	0.169548	0.025705	0.023811	0.019784	0.048367	0.219355	0.008130	
0.309386	0.004672	0.123641	0.001930	0.028614	0.021726	0.014985	0.018475	0.168935	0.021224	0.023840	0.027231	0.045210	0.174989	0.015143	
0.282160	0.004286	0.143738	0.000759	0.025099	0.012132	0.076835	0.015611	0.162845	0.014786	0.014883	0.042859	0.043432	0.150948	0.009627	
0.554758	0.001317	0.156931	0.002768	0.015983	0.024651	0.035861	0.017757	0.025555	0.018676	0.013139	0.064566	0.037385	0.021719	0.008935	
0.371534	0.003667	0.153796	0.001565	0.020855	0.015092	0.064779	0.024055	0.093318	0.023834	0.015562	0.042811	0.046223	0.109539	0.013370	
0.417163	0.002768	0.126519	0.001428	0.021963	0.015900	0.067234	0.044152	0.059088	0.048185	0.009600	0.045982	0.051716	0.056387	0.031916	
0.516164	0.001179	0.024489	0.004151	0.029217	0.038234	0.018755	0.054474	0.021954	0.083397	0.018730	0.015472	0.074833	0.012330	0.086622	
0.509762	0.001887	0.032104	0.004493	0.025404	0.043014	0.025488	0.063922	0.024647	0.081553	0.021000	0.014935	0.063754	0.019707	0.068331	
0.437470	0.002655	0.037501	0.002692	0.027075	0.029909	0.052834	0.088459	0.026675	0.102638	0.012117	0.017110	0.068434	0.019291	0.075140	
0.409872	0.001769	0.049220	0.001755	0.031637	0.021777	0.055287	0.049670	0.080825	0.073057	0.008881	0.032299	0.069668	0.039117	0.075166	
0.362266	0.002640	0.080388	0.001830	0.027796	0.023281	0.072466	0.029537	0.127580	0.041025	0.013176	0.037892	0.053571	0.084747	0.041807	
0.352217	0.003422	0.099518	0.002053	0.027000	0.018948	0.061667	0.033469	0.092036	0.048219	0.017494	0.022488	0.065213	0.106320	0.049935	
0.418739	0.001038	0.042209	0.001905	0.031132	0.039108	0.040797	0.013551	0.228055	0.014939	0.008951	0.073627	0.018263	0.056963	0.010722	
0.369136	0.001542	0.030810	0.000644	0.035463	0.035123	0.030110	0.028872	0.273958	0.024814	0.003506	0.080875	0.011184	0.067285	0.006678	
0.472235	0.001509	0.054754	0.004597	0.019698	0.052270	0.076539	0.014514	0.139295	0.013155	0.021800	0.048116	0.024491	0.049358	0.007670	
