0.512103	0.000952	0.017993	0.000966	0.022188	0.031983	0.043513	0.076307	0.035947	0.126140	0.015631	0.008419	0.088739	0.014204	0.004914	
0.446828	0.004837	0.055547	0.000942	0.024302	0.012180	0.037567	0.075468	0.043671	0.094696	0.005027	0.026533	0.077820	0.081668	0.012914	
0.502827	0.002820	0.022268	0.002188	0.024341	0.019694	0.039284	0.073154	0.054017	0.110588	0.009095	0.016733	0.076992	0.035477	0.010521	
0.471999	0.005999	0.024243	0.004946	0.006771	0.073845	0.126837	0.011428	0.123344	0.008469	0.037178	0.028316	0.009417	0.062931	0.004277	
0.302371	0.001923	0.102438	0.001052	0.014454	0.073308	0.100911	0.050337	0.092621	0.022713	0.037829	0.046784	0.042557	0.093746	0.016956	
0.361513	0.003845	0.080294	0.006105	0.004731	0.050350	0.083099	0.026711	0.163608	0.007381	0.025595	0.058892	0.031703	0.092602	0.003571	
0.427542	0.001014	0.024057	0.001545	0.026349	0.101875	0.142326	0.043199	0.075957	0.033298	0.052580	0.013406	0.007398	0.016342	0.033112	
0.419151	0.009581	0.119818	0.001065	0.011073	0.018839	0.069820	0.021936	0.100259	0.014262	0.007700	0.038303	0.024180	0.136262	0.007750	
0.446015	0.008990	0.101163	0.000911	0.007452	0.042085	0.096895	0.010191	0.097252	0.007540	0.019810	0.028704	0.014270	0.114821	0.003901	
0.377720	0.000884	0.122626	0.003345	0.019409	0.035675	0.054193	0.036604	0.159938	0.031784	0.017913	0.045120	0.020382	0.050835	0.023572	
0.369508	0.002510	0.163323	0.001019	0.015800	0.029458	0.051359	0.026638	0.148202	0.022892	0.014181	0.042829	0.017744	0.075483	0.019053	
0.304758	0.001262	0.194423	0.000800	0.011255	0.030271	0.042898	0.030131	0.159363	0.017180	0.014948	0.056062	0.029711	0.092415	0.014524	
0.378367	0.003713	0.182976	0.000965	0.008276	0.013901	0.033884	0.018654	0.156087	0.023747	0.005734	0.046727	0.027689	0.093011	0.006269	
0.359558	0.003052	0.136843	0.001124	0.027197	0.022129	0.047240	0.050698	0.120174	0.037663	0.010542	0.042879	0.025104	0.082919	0.032878	
0.273598	0.001774	0.203062	0.000879	0.011174	0.014740	0.023116	0.043047	0.151962	0.026166	0.006929	0.065597	0.048944	0.117004	0.012009	
0.476841	0.002097	0.016366	0.001740	0.049970	0.009102	0.031505	0.102722	0.039177	0.119567	0.003927	0.014797	0.057950	0.025030	0.049211	
0.506310	0.004372	0.023449	0.000786	0.029125	0.011093	0.035716	0.081827	0.024268	0.118050	0.004346	0.012332	0.081158	0.052074	0.015094	
0.420062	0.001211	0.014576	0.002117	0.073538	0.020018	0.052514	0.118269	0.049053	0.096154	0.010185	0.018348	0.015173	0.016395	0.092387	
0.433748	0.002968	0.021097	0.000748	0.048844	0.060758	0.105145	0.076923	0.043248	0.060420	0.030933	0.011511	0.009801	0.033268	0.060588	
0.212359	0.002823	0.148379	0.001120	0.039005	0.005843	0.023470	0.100743	0.089814	0.048167	0.002934	0.071391	0.060630	0.143954	0.049367	
0.287541	0.003512	0.110226	0.001217	0.035178	0.028845	0.057800	0.081485	0.082240	0.041766	0.014589	0.053353	0.043037	0.115283	0.043926	
0.459396	0.002442	0.023137	0.012795	0.018444	0.011994	0.039795	0.031063	0.245335	0.026170	0.005868	0.062990	0.009765	0.029492	0.021314	
0.350308	0.001895	0.074761	0.009154	0.022808	0.010178	0.029879	0.055988	0.201437	0.031774	0.005202	0.072423	0.033141	0.073266	0.027787	
0.455471	0.005294	0.034613	0.008649	0.012767	0.033196	0.075482	0.022698	0.182083	0.015335	0.016315	0.049314	0.011980	0.064027	0.012778	
