0.606941	0.000909	0.015417	0.000907	0.035698	0.045626	0.058790	0.071617	0.018389	0.099131	0.007204	0.014712	0.006786	0.013317	0.004556	
0.585334	0.001841	0.067872	0.000828	0.017731	0.020780	0.031291	0.076214	0.044545	0.041553	0.010091	0.018288	0.031116	0.036687	0.015829	
0.528247	0.005353	0.041699	0.000968	0.025410	0.019929	0.036805	0.090867	0.056456	0.081548	0.009242	0.024252	0.047512	0.026008	0.005704	
0.588022	0.000975	0.023066	0.011943	0.004759	0.063336	0.159143	0.012060	0.025735	0.014438	0.036485	0.013839	0.007381	0.028034	0.010786	
0.359325	0.001122	0.099795	0.003713	0.027488	0.030836	0.083355	0.031212	0.156620	0.021978	0.023796	0.066848	0.039257	0.050918	0.003737	
0.581475	0.000688	0.039269	0.005359	0.011048	0.035889	0.090191	0.045294	0.074007	0.010378	0.019305	0.030410	0.014514	0.035630	0.006543	
0.496686	0.000803	0.027758	0.009674	0.012635	0.056738	0.148315	0.012847	0.097088	0.011950	0.030511	0.040723	0.008608	0.041898	0.003765	
0.497077	0.000871	0.091024	0.000785	0.010835	0.031846	0.032279	0.056871	0.067045	0.025302	0.005935	0.013039	0.015348	0.105386	0.046356	
0.288032	0.000767	0.137802	0.002959	0.008663	0.055232	0.060114	0.016103	0.101698	0.023741	0.011055	0.013194	0.009026	0.188065	0.083549	
0.266040	0.001399	0.145029	0.002376	0.018723	0.040834	0.057462	0.023859	0.135386	0.026746	0.016295	0.038995	0.031405	0.140412	0.055041	
0.231681	0.000792	0.148646	0.000748	0.008137	0.048653	0.038879	0.020607	0.142195	0.014895	0.003144	0.021993	0.007584	0.220157	0.091890	
0.328973	0.000834	0.195607	0.002481	0.035574	0.015679	0.048163	0.033815	0.108330	0.031857	0.037065	0.061639	0.079752	0.014391	0.005841	
0.309701	0.000788	0.184902	0.000884	0.029679	0.022835	0.033172	0.036489	0.111027	0.034082	0.024637	0.047585	0.059641	0.072710	0.031868	
0.333846	0.001893	0.165670	0.000805	0.023685	0.022195	0.028342	0.045726	0.102897	0.035080	0.019696	0.038061	0.055857	0.087674	0.038574	
0.445990	0.000822	0.154664	0.001013	0.027838	0.010379	0.029799	0.054887	0.087617	0.025616	0.025772	0.047687	0.064110	0.016909	0.006898	
0.453413	0.013933	0.018878	0.000876	0.030575	0.008495	0.018594	0.135418	0.025735	0.160281	0.007933	0.010127	0.096715	0.014915	0.004112	
0.555877	0.009952	0.016385	0.000621	0.023592	0.010493	0.018761	0.124325	0.018171	0.119486	0.005675	0.006987	0.070057	0.014467	0.005151	
0.449453	0.012847	0.026325	0.001167	0.027382	0.012491	0.022311	0.126004	0.028573	0.147139	0.007947	0.008390	0.088262	0.030158	0.011551	
0.388670	0.006346	0.074639	0.002759	0.017317	0.036614	0.050412	0.067093	0.061566	0.081441	0.011047	0.010748	0.044301	0.102631	0.044417	
0.278646	0.006128	0.077192	0.001264	0.031741	0.025298	0.054585	0.063790	0.163489	0.075175	0.011419	0.059245	0.055787	0.081636	0.014605	
0.320533	0.004647	0.104940	0.001312	0.028781	0.023560	0.046263	0.059360	0.132535	0.062005	0.015311	0.049801	0.056743	0.074167	0.020042	
0.228134	0.001029	0.044436	0.003279	0.029923	0.043864	0.111811	0.016024	0.275225	0.013153	0.010524	0.099438	0.007964	0.111739	0.003457	
0.385193	0.003348	0.042794	0.000948	0.024258	0.025852	0.058995	0.061204	0.175033	0.039070	0.004784	0.061210	0.026604	0.081831	0.008876	
0.200733	0.001117	0.070759	0.000956	0.029405	0.042183	0.080517	0.023562	0.259568	0.023326	0.003818	0.086130	0.008271	0.144733	0.024921	
