0.031218	0.024092	0.024092	0.019342	0.031218	0.831693	0.038344	
0.040816	0.105102	0.193197	0.226531	0.019388	0.305102	0.109864	
0.021717	0.024092	0.116729	0.278249	0.059722	0.164235	0.335256	
0.443197	0.047959	0.043197	0.386054	0.026531	0.024150	0.028912	
0.259160	0.362689	0.219160	0.042689	0.035630	0.023866	0.056807	
0.271563	0.349394	0.071092	0.200809	0.033356	0.030997	0.042790	
0.579160	0.033277	0.026218	0.030924	0.270924	0.033277	0.026218	
0.097727	0.218867	0.199864	0.040719	0.045470	0.337631	0.059722	
0.083673	0.062245	0.026531	0.159864	0.438435	0.202721	0.026531	
0.170664	0.046576	0.029545	0.024678	0.652416	0.019812	0.056309	
0.324342	0.067932	0.018981	0.105228	0.415251	0.023643	0.044622	
0.046463	0.036755	0.446949	0.019764	0.393551	0.024619	0.031900	
0.037110	0.023317	0.257800	0.103777	0.315271	0.142857	0.119869	
0.032738	0.125331	0.370701	0.111442	0.301257	0.035053	0.023479	
0.035216	0.046844	0.730565	0.042193	0.044518	0.053821	0.046844	
0.029050	0.098428	0.029050	0.155844	0.024265	0.024265	0.639098	
0.024092	0.059722	0.040719	0.321004	0.021717	0.035969	0.496776	
0.164235	0.019342	0.019342	0.040719	0.028843	0.035969	0.691551	
0.026405	0.019296	0.024035	0.038253	0.782329	0.052471	0.057211	
0.028707	0.492063	0.116177	0.021614	0.033435	0.028707	0.279298	
0.042993	0.080907	0.166215	0.016926	0.306026	0.116452	0.270481	
0.089501	0.634079	0.024441	0.128055	0.062995	0.034079	0.026850	
0.033916	0.690990	0.053100	0.053100	0.072285	0.053100	0.043508	
0.112513	0.389362	0.026594	0.344016	0.040914	0.064780	0.021821	
