0.495135	0.001848	0.038960	0.000722	0.021905	0.026067	0.076917	0.071816	0.068499	0.083114	0.003190	0.008362	0.053425	0.026901	0.023139	
0.526131	0.009317	0.060999	0.000761	0.019590	0.022680	0.050065	0.106813	0.026363	0.092018	0.007404	0.019078	0.031781	0.023209	0.003792	
0.540396	0.013280	0.018318	0.000711	0.023670	0.025029	0.023713	0.150622	0.017641	0.129645	0.006327	0.008348	0.026536	0.011535	0.004229	
0.488600	0.000835	0.093036	0.010333	0.021876	0.054573	0.159995	0.012871	0.036245	0.010227	0.026226	0.031014	0.019298	0.030628	0.004245	
0.380331	0.002263	0.094454	0.009112	0.029307	0.047651	0.113436	0.028034	0.079632	0.020322	0.032805	0.054166	0.022265	0.080792	0.005429	
0.448307	0.005338	0.070625	0.007977	0.024751	0.049800	0.109570	0.053786	0.058542	0.040798	0.025121	0.033970	0.014774	0.048173	0.008466	
0.428919	0.000787	0.065409	0.012675	0.024641	0.073652	0.155553	0.010564	0.089270	0.007499	0.029990	0.024780	0.009330	0.041055	0.025877	
0.400995	0.003681	0.095633	0.000979	0.016273	0.033218	0.069485	0.042117	0.121436	0.034943	0.011477	0.035586	0.030356	0.073509	0.030313	
0.405177	0.000841	0.100041	0.000923	0.014423	0.031505	0.128738	0.012005	0.110866	0.009191	0.013453	0.043322	0.025233	0.083061	0.021220	
0.302768	0.001083	0.109146	0.000871	0.011117	0.052284	0.020213	0.014029	0.238631	0.013057	0.006350	0.023898	0.035079	0.089804	0.081669	
0.286737	0.000857	0.119307	0.000766	0.012184	0.048955	0.018417	0.010494	0.238626	0.008878	0.008534	0.031994	0.036480	0.100418	0.077355	
0.271905	0.001075	0.111187	0.002002	0.020271	0.041113	0.048735	0.015566	0.200548	0.011518	0.018799	0.053070	0.032721	0.121935	0.049556	
0.532163	0.001763	0.199941	0.000796	0.007497	0.011901	0.049166	0.019251	0.029037	0.016244	0.005693	0.038263	0.058519	0.025638	0.004128	
0.440769	0.004638	0.168915	0.000818	0.016555	0.012878	0.021120	0.047305	0.063027	0.036177	0.013632	0.053446	0.050318	0.065874	0.004527	
0.447376	0.003742	0.172471	0.001309	0.015396	0.015707	0.026505	0.039159	0.065375	0.030400	0.012943	0.050049	0.051409	0.060254	0.007908	
0.496531	0.000662	0.027950	0.000718	0.034755	0.007510	0.032657	0.102671	0.031440	0.126523	0.005509	0.015110	0.086081	0.027278	0.004607	
0.529858	0.004712	0.018076	0.000647	0.031475	0.012203	0.028011	0.123895	0.017551	0.135391	0.004007	0.007697	0.070212	0.012483	0.003783	
0.494047	0.001568	0.020754	0.000854	0.031719	0.015935	0.030161	0.102946	0.051547	0.123533	0.003450	0.006849	0.077950	0.021988	0.016698	
0.383178	0.000934	0.031796	0.002039	0.017781	0.052166	0.090179	0.038022	0.172335	0.044334	0.006749	0.008998	0.029580	0.061791	0.060118	
0.141818	0.001798	0.141577	0.000633	0.037842	0.008252	0.019596	0.031231	0.180965	0.021234	0.037950	0.116945	0.046055	0.209927	0.004176	
0.236742	0.003063	0.069170	0.000785	0.028812	0.034514	0.020061	0.053385	0.206601	0.049273	0.020121	0.055914	0.037462	0.137881	0.046215	
0.321773	0.004231	0.081653	0.001526	0.023469	0.032970	0.075598	0.045221	0.142319	0.033674	0.020908	0.055967	0.022342	0.114496	0.023854	
0.381660	0.009793	0.068195	0.002335	0.027209	0.029104	0.035024	0.097361	0.088282	0.074278	0.021533	0.049598	0.020385	0.087102	0.008142	
0.370586	0.000846	0.064147	0.002131	0.015203	0.048140	0.128929	0.013845	0.156918	0.012280	0.013022	0.030193	0.016514	0.083667	0.043580	
