0.096036	0.122351	0.043404	0.084074	0.021873	0.107997	0.524265	
0.059439	0.255657	0.075988	0.033435	0.038163	0.038163	0.499156	
0.113324	0.091690	0.053228	0.024382	0.019574	0.074863	0.622940	
0.190247	0.288805	0.070055	0.026786	0.274382	0.098901	0.050824	
0.278639	0.028639	0.047507	0.028639	0.512129	0.016846	0.087601	
0.055498	0.192189	0.038712	0.065091	0.467968	0.067489	0.113052	
0.548571	0.023866	0.120336	0.028571	0.153277	0.106218	0.019160	
0.088646	0.370269	0.031367	0.036140	0.038527	0.341630	0.093420	
0.129528	0.397471	0.076897	0.060150	0.026658	0.263500	0.045796	
0.044036	0.036755	0.068308	0.165395	0.024619	0.585298	0.075589	
0.058883	0.091669	0.089328	0.140850	0.112747	0.459351	0.047173	
0.337758	0.054139	0.037024	0.024799	0.049249	0.464897	0.032134	
0.053696	0.132582	0.107060	0.035134	0.039775	0.459728	0.172025	
0.027979	0.177749	0.069454	0.034891	0.025675	0.491113	0.173140	
0.146218	0.033277	0.049748	0.019160	0.047395	0.409748	0.294454	
0.021717	0.024092	0.841194	0.021717	0.024092	0.031218	0.035969	
0.024207	0.026594	0.775997	0.017047	0.028981	0.019434	0.107740	
0.029050	0.208476	0.390294	0.103213	0.024265	0.026658	0.218045	
0.144888	0.059580	0.436357	0.265741	0.031144	0.028775	0.033514	
0.026468	0.164235	0.152358	0.076349	0.442145	0.026468	0.111978	
0.035714	0.026280	0.042790	0.731469	0.049865	0.033356	0.080526	
0.104716	0.175104	0.160541	0.044036	0.449376	0.036755	0.029473	
0.028981	0.028981	0.038527	0.057620	0.527787	0.026594	0.291510	
0.090601	0.313879	0.133356	0.088225	0.263997	0.069223	0.040719	
