0.038163	0.023978	0.083080	0.532253	0.031071	0.016886	0.274569	
0.028912	0.140816	0.097959	0.407483	0.205102	0.021769	0.097959	
0.031518	0.132237	0.184995	0.369647	0.117849	0.019527	0.144227	
0.059580	0.744414	0.031144	0.054841	0.024035	0.033514	0.052471	
0.540241	0.033199	0.044936	0.178739	0.103622	0.042589	0.056673	
0.263997	0.121479	0.026468	0.057346	0.354259	0.033593	0.142857	
0.273277	0.040336	0.082689	0.026218	0.021513	0.026218	0.529748	
0.047619	0.038163	0.023978	0.154002	0.149274	0.510976	0.075988	
0.057483	0.293197	0.028912	0.038435	0.026531	0.328912	0.226531	
0.027046	0.056172	0.024619	0.053745	0.058599	0.398405	0.381415	
0.042489	0.126798	0.023754	0.061224	0.058883	0.466377	0.220475	
0.039663	0.029835	0.024921	0.042120	0.029835	0.612145	0.221481	
0.088090	0.090399	0.053448	0.623887	0.037281	0.034972	0.071923	
0.023588	0.093355	0.030565	0.563123	0.137542	0.111960	0.039867	
0.042390	0.044726	0.033044	0.572764	0.093792	0.161549	0.051736	
0.046127	0.118417	0.670224	0.046127	0.019621	0.026850	0.072633	
0.026721	0.108256	0.643028	0.024323	0.125043	0.021925	0.050702	
0.036401	0.029190	0.579670	0.026786	0.082074	0.031593	0.214286	
0.043197	0.112245	0.326531	0.028912	0.043197	0.021769	0.424150	
0.424150	0.040816	0.347959	0.093197	0.024150	0.036054	0.033673	
0.174258	0.138026	0.227398	0.029331	0.123533	0.138026	0.169427	
0.487091	0.149742	0.038898	0.026850	0.034079	0.031670	0.231670	
0.301318	0.034327	0.194521	0.036755	0.361997	0.039182	0.031900	
0.482441	0.255711	0.040914	0.038527	0.038527	0.038527	0.105353	
