0.447551	0.000999	0.011428	0.000919	0.032063	0.013109	0.128699	0.059659	0.016891	0.123104	0.006324	0.006629	0.017581	0.010048	0.124996	
0.443020	0.007051	0.155995	0.000857	0.027087	0.013370	0.016843	0.112649	0.019295	0.069707	0.010366	0.016018	0.048118	0.052668	0.006954	
0.417737	0.017620	0.026235	0.000959	0.006594	0.024877	0.015420	0.250343	0.020508	0.156818	0.022815	0.008328	0.011874	0.015480	0.004392	
0.493573	0.001433	0.043563	0.012557	0.006196	0.117608	0.193002	0.019115	0.020937	0.016293	0.039021	0.008313	0.009533	0.013569	0.005288	
0.405672	0.001773	0.082323	0.005413	0.026287	0.052692	0.098892	0.028607	0.114015	0.022127	0.019227	0.045163	0.026286	0.063948	0.007573	
0.410492	0.005150	0.066578	0.007023	0.007274	0.075372	0.109590	0.072314	0.069351	0.047833	0.030790	0.022272	0.015504	0.051463	0.008992	
0.370337	0.001046	0.029246	0.006105	0.031240	0.056986	0.122332	0.014149	0.180511	0.014721	0.019458	0.068796	0.010627	0.067598	0.006849	
0.304903	0.002760	0.123886	0.001201	0.012030	0.030939	0.035366	0.045024	0.148768	0.042920	0.019091	0.043984	0.035048	0.121369	0.032709	
0.322815	0.000924	0.120550	0.003128	0.011571	0.046192	0.070672	0.021863	0.131211	0.031862	0.022011	0.038245	0.028797	0.110683	0.039476	
0.264858	0.001073	0.144304	0.000942	0.010014	0.031815	0.030447	0.020323	0.179436	0.026508	0.019781	0.051498	0.035963	0.147356	0.035681	
0.249460	0.001195	0.146746	0.001022	0.009097	0.033472	0.028220	0.019921	0.192776	0.022201	0.020726	0.055591	0.033627	0.154383	0.031565	
0.264371	0.000688	0.154007	0.001802	0.008938	0.039262	0.034367	0.011430	0.183538	0.013399	0.021821	0.053284	0.036086	0.151392	0.025617	
0.396664	0.002396	0.171437	0.000688	0.027551	0.014526	0.028442	0.050381	0.065388	0.042506	0.009456	0.027348	0.050929	0.085735	0.026554	
0.463697	0.001073	0.218638	0.001672	0.035540	0.015366	0.027290	0.032149	0.017620	0.018384	0.006181	0.018787	0.067335	0.070597	0.005671	
0.389388	0.004231	0.156365	0.001197	0.025122	0.019801	0.025161	0.069575	0.078930	0.044622	0.012280	0.032221	0.045575	0.084245	0.011285	
0.651814	0.001366	0.017151	0.000732	0.029465	0.006008	0.012965	0.017321	0.025951	0.066112	0.003367	0.012988	0.134414	0.015339	0.005007	
0.601657	0.005175	0.013636	0.000689	0.024680	0.009205	0.012224	0.071332	0.027073	0.088168	0.007430	0.012856	0.107676	0.014080	0.004120	
0.550623	0.006743	0.012587	0.001126	0.021937	0.015593	0.030066	0.098114	0.029399	0.100713	0.010893	0.012867	0.079411	0.014365	0.015560	
0.489830	0.001087	0.028570	0.003297	0.026380	0.033521	0.109578	0.037562	0.035319	0.079065	0.012670	0.014049	0.042851	0.021279	0.064944	
0.337956	0.001138	0.104534	0.000773	0.044547	0.008127	0.041078	0.022045	0.198520	0.015587	0.004349	0.079610	0.035039	0.101123	0.005573	
0.326319	0.004099	0.100074	0.000998	0.018727	0.024512	0.026831	0.058782	0.162920	0.044830	0.016142	0.053713	0.037932	0.109386	0.014737	
0.348044	0.001278	0.046380	0.002156	0.041632	0.020596	0.072549	0.022203	0.207891	0.025724	0.008163	0.080701	0.024745	0.084649	0.013289	
0.323409	0.006831	0.016755	0.000980	0.035653	0.014411	0.048621	0.096425	0.208668	0.064876	0.010573	0.079576	0.010958	0.076165	0.006098	
0.383445	0.000897	0.048716	0.002634	0.037283	0.025694	0.090049	0.025064	0.150654	0.041217	0.009682	0.058927	0.025579	0.065924	0.034235	
