0.021925	0.060295	0.048304	0.602261	0.041110	0.067489	0.158616	
0.052101	0.040336	0.042689	0.487395	0.103866	0.190924	0.082689	
0.029190	0.101305	0.033997	0.562843	0.065247	0.175824	0.031593	
0.312093	0.026721	0.029120	0.074683	0.050702	0.436793	0.069887	
0.670148	0.104111	0.030997	0.078167	0.052224	0.033356	0.030997	
0.375636	0.097727	0.054971	0.214116	0.059722	0.116729	0.081099	
0.451874	0.175279	0.047619	0.028707	0.021614	0.243837	0.031071	
0.105605	0.081681	0.347232	0.117567	0.041012	0.174983	0.131921	
0.031746	0.094548	0.246722	0.038992	0.058316	0.377157	0.152519	
0.027046	0.097434	0.561026	0.061026	0.041609	0.041609	0.170250	
0.054199	0.019070	0.445299	0.023754	0.033121	0.183004	0.241552	
0.163763	0.185714	0.329617	0.027178	0.032056	0.224739	0.036934	
0.023425	0.058067	0.413725	0.233586	0.048829	0.058067	0.164302	
0.025675	0.034891	0.502633	0.173140	0.053325	0.154707	0.055629	
0.092101	0.085042	0.369748	0.327395	0.030924	0.052101	0.042689	
0.021717	0.031218	0.026468	0.024092	0.819817	0.040719	0.035969	
0.026594	0.031367	0.019434	0.043300	0.811797	0.026594	0.040914	
0.033997	0.031593	0.019574	0.132555	0.497940	0.146978	0.137363	
0.045362	0.099865	0.024035	0.033514	0.047732	0.028775	0.720718	
0.506278	0.133356	0.026468	0.142857	0.083475	0.031218	0.076349	
0.023922	0.564016	0.028639	0.023922	0.302224	0.026280	0.030997	
0.631670	0.062995	0.024441	0.019621	0.050947	0.178657	0.031670	
0.425466	0.128364	0.084886	0.179089	0.043823	0.089717	0.048654	
0.342382	0.071598	0.073974	0.031218	0.043095	0.216491	0.221242	
