0.045796	0.031442	0.804170	0.017088	0.029050	0.024265	0.048189	
0.045687	0.165019	0.489601	0.028981	0.150699	0.091033	0.028981	
0.048304	0.098664	0.537513	0.060295	0.184995	0.038712	0.031518	
0.376841	0.163412	0.033916	0.038712	0.026721	0.295307	0.065091	
0.430598	0.023978	0.023978	0.049983	0.040527	0.345491	0.085444	
0.232399	0.107997	0.029050	0.029050	0.165414	0.206083	0.230007	
0.743866	0.047395	0.019160	0.035630	0.045042	0.052101	0.056807	
0.042891	0.425870	0.023978	0.045255	0.035799	0.026342	0.399865	
0.033673	0.359864	0.021769	0.031293	0.047959	0.071769	0.433673	
0.070564	0.026980	0.046351	0.024559	0.160152	0.029402	0.641992	
0.049284	0.086580	0.016650	0.028305	0.028305	0.028305	0.762571	
0.029617	0.032056	0.036934	0.019861	0.178397	0.288153	0.414983	
0.033044	0.152203	0.161549	0.035381	0.332109	0.033044	0.252670	
0.023479	0.106812	0.025794	0.048942	0.530423	0.104497	0.160053	
0.063123	0.032890	0.030565	0.044518	0.756146	0.039867	0.032890	
0.024092	0.024092	0.021717	0.838819	0.040719	0.024092	0.026468	
0.028843	0.031218	0.028843	0.810316	0.026468	0.052596	0.021717	
0.187393	0.029120	0.031518	0.655019	0.021925	0.038712	0.036314	
0.026405	0.038253	0.080907	0.308395	0.026405	0.057211	0.462424	
0.035884	0.069059	0.052471	0.069059	0.123561	0.611713	0.038253	
0.072285	0.096266	0.021925	0.084275	0.026721	0.460774	0.237753	
0.065404	0.118417	0.019621	0.031670	0.034079	0.658176	0.072633	
0.259335	0.024323	0.036314	0.043508	0.029120	0.568688	0.038712	
0.513403	0.209365	0.024092	0.026468	0.045470	0.147608	0.033593	
