0.021873	0.808954	0.043404	0.036227	0.038619	0.019481	0.031442	
0.103866	0.388571	0.035630	0.183866	0.127395	0.089748	0.070924	
0.053228	0.449863	0.043613	0.094093	0.021978	0.291209	0.046016	
0.021925	0.060295	0.024323	0.189791	0.019527	0.067489	0.616650	
0.388045	0.040527	0.099629	0.040527	0.042891	0.038163	0.350220	
0.074504	0.045796	0.174983	0.100820	0.033835	0.105605	0.464457	
0.343866	0.026218	0.037983	0.033277	0.115630	0.042689	0.400336	
0.040336	0.023866	0.553277	0.249748	0.061513	0.030924	0.040336	
0.022031	0.038898	0.542513	0.166609	0.043718	0.031670	0.154561	
0.041508	0.046351	0.637150	0.043929	0.029402	0.031823	0.169837	
0.105228	0.025974	0.650683	0.102897	0.021312	0.028305	0.065601	
0.202787	0.024739	0.434495	0.041812	0.017422	0.080836	0.197909	
0.018893	0.044415	0.267153	0.137222	0.028174	0.475970	0.028174	
0.088911	0.023643	0.156510	0.107559	0.018981	0.578422	0.025974	
0.079402	0.030565	0.056146	0.039867	0.030565	0.732890	0.030565	
0.038527	0.102966	0.081487	0.205592	0.523014	0.031367	0.017047	
0.024092	0.073974	0.021717	0.739057	0.040719	0.071598	0.028843	
0.045362	0.035884	0.024035	0.028775	0.772850	0.026405	0.066689	
0.028775	0.028775	0.225457	0.026405	0.486121	0.019296	0.185173	
0.583673	0.057483	0.040816	0.162245	0.028912	0.033673	0.093197	
0.392686	0.029050	0.167806	0.098428	0.057758	0.026658	0.227614	
0.448537	0.034079	0.031670	0.108778	0.024441	0.111188	0.241308	
0.575520	0.031367	0.024207	0.107740	0.145926	0.071940	0.043300	
0.509911	0.031442	0.029050	0.194122	0.158237	0.021873	0.055366	
