0.508728	0.006741	0.045307	0.000711	0.027581	0.030007	0.021686	0.125370	0.023255	0.128927	0.003399	0.013814	0.019621	0.033739	0.011113	
0.504918	0.007430	0.037561	0.001109	0.028589	0.030777	0.024005	0.125697	0.032397	0.125400	0.006222	0.019679	0.021685	0.030634	0.003896	
0.522927	0.007870	0.025462	0.000676	0.028659	0.034803	0.015352	0.140625	0.027235	0.142000	0.002976	0.009547	0.014707	0.021579	0.005581	
0.550967	0.002064	0.030657	0.011666	0.008027	0.039620	0.091897	0.017111	0.045930	0.009150	0.075466	0.061924	0.015803	0.036766	0.002951	
0.226712	0.007910	0.092518	0.002896	0.027875	0.014345	0.095472	0.061660	0.157255	0.020787	0.017760	0.065109	0.061213	0.140384	0.008105	
0.366011	0.005484	0.064020	0.007277	0.018689	0.025225	0.098249	0.038704	0.110650	0.009952	0.046610	0.067647	0.041758	0.096798	0.002925	
0.424502	0.001079	0.043651	0.005310	0.014423	0.070310	0.062513	0.023336	0.200469	0.022306	0.033560	0.029253	0.018373	0.033402	0.017513	
0.358325	0.001654	0.154966	0.001209	0.017295	0.021742	0.069281	0.042136	0.069644	0.045509	0.006609	0.030227	0.030355	0.123947	0.027100	
0.304813	0.001073	0.208029	0.002391	0.010171	0.022627	0.096461	0.013077	0.079029	0.011731	0.014308	0.042516	0.019823	0.169971	0.003980	
0.336301	0.001146	0.081939	0.002875	0.014765	0.078430	0.064548	0.018257	0.257795	0.015548	0.017519	0.023991	0.015709	0.063236	0.007941	
0.290567	0.000842	0.073412	0.000916	0.016805	0.098712	0.052883	0.017564	0.342520	0.016213	0.004637	0.011896	0.013996	0.050708	0.008329	
0.385464	0.000987	0.128407	0.004548	0.011564	0.045401	0.081822	0.012624	0.126930	0.012803	0.028876	0.042173	0.018067	0.097655	0.002679	
0.415120	0.001369	0.171141	0.000743	0.023801	0.010403	0.059887	0.026895	0.036741	0.041140	0.006126	0.056225	0.048589	0.096740	0.005081	
0.436119	0.001646	0.147127	0.001327	0.026628	0.009832	0.056460	0.026590	0.041626	0.039669	0.010456	0.063101	0.057205	0.075785	0.006428	
0.457388	0.002176	0.109621	0.000827	0.031546	0.019951	0.040970	0.034027	0.079079	0.048303	0.007773	0.062451	0.063451	0.037272	0.005164	
0.503229	0.001817	0.025790	0.000765	0.031867	0.009802	0.019863	0.088899	0.022939	0.101631	0.004029	0.015001	0.064719	0.016990	0.092659	
0.476658	0.001974	0.051435	0.000736	0.032257	0.008614	0.028636	0.073286	0.036522	0.084335	0.004678	0.029587	0.068369	0.029806	0.073107	
0.468974	0.001183	0.026444	0.000764	0.030055	0.020382	0.024045	0.077778	0.069379	0.088621	0.003745	0.011741	0.062008	0.020910	0.093972	
0.477500	0.001096	0.056023	0.002826	0.024006	0.013498	0.044621	0.062974	0.028603	0.071112	0.017218	0.024023	0.052269	0.047887	0.076343	
0.149747	0.008317	0.119583	0.000856	0.030481	0.007552	0.098686	0.064683	0.176495	0.019306	0.004182	0.063192	0.069943	0.171952	0.015026	
0.267686	0.005478	0.120299	0.002629	0.023996	0.013329	0.090992	0.048003	0.122320	0.021888	0.016144	0.057989	0.054088	0.139769	0.015390	
0.355344	0.004571	0.074588	0.002261	0.023575	0.046890	0.060645	0.054522	0.171981	0.043454	0.014091	0.039211	0.034662	0.070194	0.004010	
0.350891	0.004376	0.091326	0.000649	0.028352	0.038616	0.052877	0.052658	0.163870	0.046803	0.004498	0.045327	0.047672	0.068097	0.003987	
0.326238	0.003563	0.092019	0.001080	0.022822	0.046375	0.059467	0.051650	0.179883	0.043713	0.005946	0.030057	0.035141	0.084329	0.017719	
