0.019250	0.759203	0.080716	0.038163	0.028707	0.019250	0.054711	
0.093868	0.288112	0.026721	0.208976	0.105858	0.110654	0.165810	
0.085298	0.264910	0.024619	0.097434	0.138696	0.070735	0.318308	
0.259864	0.028912	0.038435	0.328912	0.021769	0.028912	0.293197	
0.158356	0.073450	0.066375	0.056941	0.132412	0.210243	0.302224	
0.173324	0.073798	0.059580	0.123561	0.028775	0.130670	0.410291	
0.296807	0.030924	0.040336	0.028571	0.242689	0.035630	0.325042	
0.031518	0.024323	0.218568	0.146626	0.036314	0.336074	0.206578	
0.212392	0.026850	0.171429	0.193115	0.031670	0.267814	0.096730	
0.239373	0.054007	0.541812	0.034495	0.054007	0.039373	0.036934	
0.044415	0.035134	0.803116	0.023533	0.042095	0.018893	0.032814	
0.371987	0.041914	0.225288	0.034579	0.024799	0.274188	0.027244	
0.149754	0.317570	0.317570	0.030213	0.037110	0.034811	0.112972	
0.095904	0.214785	0.063270	0.116883	0.035298	0.410589	0.063270	
0.030852	0.340711	0.117706	0.061368	0.037894	0.343058	0.068410	
0.069887	0.036314	0.026721	0.113052	0.695786	0.024323	0.033916	
0.041508	0.046351	0.036666	0.104462	0.600830	0.060879	0.109305	
0.043508	0.129839	0.103460	0.045906	0.489551	0.026721	0.161014	
0.285031	0.107997	0.210868	0.124744	0.198906	0.036227	0.036227	
0.021717	0.047845	0.047845	0.081099	0.140482	0.639294	0.021717	
0.363109	0.031367	0.024207	0.114899	0.064780	0.358336	0.043300	
0.258885	0.034495	0.036934	0.297909	0.232056	0.114983	0.024739	
0.135284	0.038898	0.048537	0.053356	0.342513	0.077453	0.303959	
0.021821	0.028981	0.184112	0.482441	0.224685	0.031367	0.026594	
