0.028707	0.085444	0.745019	0.016886	0.038163	0.021614	0.064168	
0.064626	0.567007	0.193197	0.078912	0.033673	0.040816	0.021769	
0.035969	0.765185	0.028843	0.078724	0.033593	0.021717	0.035969	
0.514626	0.024150	0.236054	0.024150	0.024150	0.136054	0.040816	
0.455526	0.144205	0.026280	0.078167	0.042790	0.226752	0.026280	
0.596539	0.057346	0.085850	0.033593	0.050221	0.126230	0.050221	
0.364404	0.116177	0.031071	0.094900	0.038163	0.194191	0.161094	
0.121479	0.092976	0.130981	0.397014	0.090601	0.100102	0.066848	
0.201299	0.019481	0.285031	0.366370	0.019481	0.045796	0.062543	
0.077828	0.022138	0.048772	0.506399	0.031823	0.026980	0.286060	
0.021412	0.028438	0.339913	0.457009	0.019070	0.026096	0.108063	
0.390592	0.051568	0.046690	0.424739	0.022300	0.027178	0.036934	
0.027915	0.239409	0.278489	0.349754	0.025616	0.046305	0.032512	
0.119493	0.250334	0.054072	0.276035	0.112483	0.170895	0.016689	
0.293075	0.293075	0.044831	0.243894	0.033121	0.040147	0.051857	
0.071940	0.031367	0.124446	0.026594	0.637572	0.040914	0.067167	
0.031218	0.054971	0.024092	0.024092	0.784187	0.033593	0.047845	
0.048304	0.021925	0.050702	0.021925	0.650223	0.050702	0.156218	
0.033514	0.031144	0.031144	0.042993	0.033514	0.042993	0.784699	
0.057483	0.240816	0.040816	0.057483	0.057483	0.436054	0.109864	
0.078538	0.156737	0.031144	0.071429	0.128301	0.301286	0.232566	
0.126254	0.080249	0.043929	0.063300	0.150467	0.491871	0.043929	
0.106883	0.126254	0.048772	0.043929	0.249741	0.341750	0.082670	
0.033435	0.038163	0.191827	0.023978	0.064168	0.584262	0.064168	
