0.300340	0.374150	0.026531	0.109864	0.021769	0.062245	0.105102	
0.183036	0.442651	0.086882	0.072459	0.036401	0.046016	0.132555	
0.067489	0.705379	0.031518	0.098664	0.026721	0.036314	0.033916	
0.292909	0.043508	0.453580	0.101062	0.043508	0.024323	0.041110	
0.024035	0.038253	0.161476	0.073798	0.500339	0.076168	0.125931	
0.116452	0.073798	0.050102	0.028775	0.550102	0.121192	0.059580	
0.127395	0.021513	0.052101	0.129748	0.614454	0.030924	0.023866	
0.402754	0.048537	0.065404	0.084682	0.075043	0.294320	0.029260	
0.371155	0.045796	0.045796	0.119959	0.079289	0.304170	0.033835	
0.077828	0.051193	0.060879	0.281218	0.026980	0.448288	0.053615	
0.217832	0.085444	0.094900	0.016886	0.054711	0.508612	0.021614	
0.034495	0.027178	0.141812	0.046690	0.119861	0.551568	0.078397	
0.378522	0.042095	0.018893	0.202188	0.016573	0.269473	0.072257	
0.120701	0.076720	0.058201	0.345238	0.041997	0.280423	0.076720	
0.054072	0.082109	0.058745	0.364820	0.107810	0.189586	0.142857	
0.159380	0.050947	0.026850	0.207573	0.034079	0.019621	0.501549	
0.185886	0.072633	0.046127	0.176248	0.038898	0.034079	0.446127	
0.202721	0.074150	0.067007	0.169388	0.040816	0.021769	0.424150	
0.302721	0.043197	0.388435	0.021769	0.033673	0.038435	0.171769	
0.036314	0.069887	0.156218	0.036314	0.057897	0.261733	0.381638	
0.028775	0.161476	0.313135	0.040623	0.038253	0.322613	0.095125	
0.056309	0.034411	0.151199	0.216893	0.435871	0.031978	0.073340	
0.043508	0.189791	0.024323	0.031518	0.597465	0.072285	0.041110	
0.304170	0.043404	0.050581	0.050581	0.397471	0.105605	0.048189	
