0.023978	0.038163	0.019250	0.023978	0.023978	0.839581	0.031071	
0.096036	0.203691	0.064935	0.052973	0.206083	0.280246	0.096036	
0.031978	0.039277	0.080640	0.114703	0.486966	0.219326	0.027112	
0.024207	0.418002	0.067167	0.036140	0.019434	0.019434	0.415615	
0.246201	0.035799	0.026342	0.042891	0.127997	0.016886	0.503884	
0.413073	0.045148	0.030997	0.085243	0.233827	0.030997	0.160714	
0.049748	0.019160	0.030924	0.023866	0.023866	0.028571	0.823866	
0.105858	0.285714	0.045906	0.314491	0.151422	0.038712	0.057897	
0.115450	0.494347	0.067489	0.173004	0.029120	0.069887	0.050702	
0.051694	0.027244	0.208173	0.535802	0.029689	0.073699	0.073699	
0.046953	0.032967	0.088911	0.622711	0.053946	0.042291	0.112221	
0.303745	0.070735	0.131415	0.308599	0.029473	0.111997	0.044036	
0.040147	0.136166	0.044831	0.419538	0.236869	0.049515	0.072934	
0.158472	0.191030	0.053821	0.367774	0.142193	0.039867	0.046844	
0.159212	0.051736	0.028371	0.465287	0.093792	0.091455	0.110147	
0.029120	0.544707	0.072285	0.024323	0.249743	0.045906	0.033916	
0.038527	0.367883	0.055234	0.026594	0.458575	0.026594	0.026594	
0.036314	0.285714	0.089072	0.089072	0.429599	0.019527	0.050702	
0.019621	0.222031	0.576248	0.038898	0.026850	0.072633	0.043718	
0.405102	0.028912	0.083673	0.064626	0.281293	0.031293	0.105102	
0.390176	0.148046	0.269111	0.046351	0.060879	0.060879	0.024559	
0.104716	0.160541	0.034327	0.036755	0.233356	0.017337	0.412968	
0.151199	0.039277	0.080640	0.153632	0.411540	0.022245	0.141467	
0.057620	0.222298	0.045687	0.107740	0.165019	0.028981	0.372656	
