0.023978	0.031071	0.049983	0.028707	0.035799	0.019250	0.811212	
0.067007	0.147959	0.028912	0.086054	0.383673	0.043197	0.243197	
0.021717	0.116729	0.069223	0.216491	0.363760	0.166610	0.045470	
0.678064	0.201760	0.016926	0.019296	0.033514	0.019296	0.031144	
0.237983	0.016807	0.023866	0.174454	0.125042	0.390924	0.030924	
0.761002	0.033514	0.031144	0.057211	0.040623	0.045362	0.031144	
0.314759	0.028707	0.146910	0.023978	0.104357	0.336035	0.045255	
0.023866	0.461513	0.315630	0.049748	0.052101	0.047395	0.049748	
0.151786	0.411401	0.041209	0.271978	0.021978	0.036401	0.065247	
0.146333	0.029545	0.392075	0.272854	0.036844	0.097671	0.024678	
0.035381	0.091455	0.542390	0.238652	0.016689	0.035381	0.040053	
0.286755	0.029473	0.097434	0.480929	0.024619	0.048890	0.031900	
0.032662	0.118113	0.127351	0.573078	0.030353	0.034972	0.083471	
0.056146	0.153821	0.039867	0.591030	0.091030	0.044518	0.023588	
0.145534	0.028438	0.026096	0.681833	0.049515	0.042489	0.026096	
0.040914	0.124446	0.021821	0.033754	0.737811	0.021821	0.019434	
0.059722	0.090601	0.024092	0.026468	0.691551	0.019342	0.088225	
0.038435	0.038435	0.095578	0.028912	0.709864	0.038435	0.050340	
0.275220	0.099865	0.272850	0.021666	0.284699	0.021666	0.024035	
0.067489	0.024323	0.232956	0.240151	0.201781	0.201781	0.031518	
0.098428	0.024265	0.603213	0.041012	0.151059	0.050581	0.031442	
0.126254	0.029402	0.031823	0.043929	0.022138	0.726738	0.019716	
0.036140	0.043300	0.124446	0.019434	0.055234	0.670985	0.050460	
0.021717	0.230743	0.202240	0.035969	0.026468	0.461147	0.021717	
