0.456420	0.000888	0.019388	0.000788	0.039589	0.028302	0.013412	0.215216	0.025954	0.153301	0.003208	0.008061	0.009707	0.018839	0.006927	
0.414641	0.002624	0.113787	0.000776	0.037411	0.019105	0.027120	0.131861	0.023218	0.107869	0.011786	0.023884	0.034450	0.046060	0.005407	
0.429163	0.002630	0.092063	0.001223	0.037896	0.023963	0.030561	0.132860	0.025192	0.110437	0.012997	0.024212	0.040136	0.032653	0.004015	
0.415911	0.002134	0.051760	0.007647	0.022043	0.089920	0.170919	0.017700	0.074323	0.012513	0.031140	0.028377	0.010406	0.060497	0.004710	
0.402636	0.003994	0.059699	0.005947	0.024626	0.069803	0.126950	0.022678	0.103867	0.020372	0.028885	0.044837	0.022632	0.055947	0.007129	
0.375720	0.003742	0.097491	0.003987	0.023185	0.047671	0.091873	0.022527	0.115362	0.024459	0.023084	0.044453	0.027617	0.075243	0.023586	
0.432541	0.001151	0.025818	0.009718	0.027554	0.114782	0.204583	0.012602	0.053234	0.013345	0.039965	0.022093	0.013417	0.022063	0.007134	
0.341341	0.001183	0.163671	0.000838	0.007075	0.010795	0.058110	0.014784	0.124876	0.017002	0.004548	0.023543	0.021905	0.159696	0.050634	
0.341069	0.001123	0.149928	0.002021	0.008772	0.025259	0.079581	0.012404	0.124562	0.011406	0.008897	0.023968	0.012229	0.149965	0.048818	
0.310738	0.002263	0.100105	0.000989	0.016061	0.016891	0.020498	0.015484	0.217660	0.023388	0.011344	0.046556	0.027957	0.096429	0.093637	
0.303706	0.000695	0.072733	0.001320	0.005534	0.021762	0.032883	0.010190	0.253805	0.009058	0.005214	0.037177	0.008584	0.126572	0.110768	
0.335075	0.003060	0.112457	0.002812	0.024853	0.036126	0.058565	0.010958	0.156612	0.024511	0.022402	0.047529	0.034810	0.066941	0.063291	
0.359973	0.003840	0.175361	0.000588	0.033921	0.011590	0.029004	0.064409	0.060179	0.066551	0.017205	0.039988	0.043584	0.071440	0.022366	
0.336962	0.006832	0.250632	0.000657	0.042643	0.005672	0.030429	0.013157	0.037176	0.046480	0.030089	0.063415	0.073632	0.056947	0.005277	
0.359228	0.006098	0.195642	0.002956	0.045714	0.033885	0.065055	0.015795	0.037127	0.046310	0.037126	0.059711	0.067939	0.021075	0.006340	
0.543821	0.000974	0.018421	0.000570	0.020939	0.004657	0.009518	0.095564	0.023487	0.117625	0.002440	0.008271	0.131077	0.018318	0.004318	
0.543552	0.001060	0.016860	0.000540	0.020526	0.004274	0.008849	0.095763	0.026381	0.117028	0.002113	0.008985	0.130232	0.019880	0.003957	
0.508243	0.001113	0.015731	0.003636	0.024082	0.042237	0.073339	0.074145	0.033313	0.086129	0.014962	0.013318	0.089616	0.016155	0.003980	
0.405783	0.000928	0.035491	0.000900	0.016857	0.017064	0.015709	0.076499	0.152330	0.071111	0.003752	0.025078	0.047941	0.067666	0.062892	
0.382907	0.007526	0.065872	0.000912	0.013111	0.009119	0.023137	0.041633	0.194514	0.027797	0.008229	0.072633	0.031860	0.115364	0.005387	
0.363081	0.005135	0.069805	0.002295	0.011110	0.027189	0.057006	0.025392	0.192670	0.013597	0.011275	0.057795	0.015645	0.119629	0.028377	
0.370066	0.007669	0.050176	0.001340	0.007033	0.014282	0.034895	0.035082	0.227655	0.011438	0.006212	0.075629	0.011713	0.138787	0.008021	
0.378684	0.007976	0.035103	0.001442	0.010115	0.015978	0.029301	0.042187	0.228697	0.019143	0.007778	0.078488	0.017495	0.120400	0.007215	
0.390731	0.004342	0.071181	0.004396	0.013567	0.050561	0.108645	0.022619	0.133479	0.010217	0.017986	0.046089	0.010815	0.109956	0.005415	
