0.045687	0.821343	0.017047	0.026594	0.021821	0.021821	0.045687	
0.035969	0.304377	0.066848	0.218867	0.057346	0.088225	0.228368	
0.061026	0.330444	0.051318	0.167822	0.073162	0.148405	0.167822	
0.041110	0.045906	0.029120	0.798904	0.021925	0.033916	0.029120	
0.530997	0.047507	0.030997	0.066375	0.229111	0.033356	0.061658	
0.403182	0.090386	0.061950	0.192282	0.040623	0.168585	0.042993	
0.730834	0.023978	0.026342	0.040527	0.016886	0.111449	0.049983	
0.092536	0.127997	0.253293	0.172915	0.165822	0.130361	0.057075	
0.111456	0.186335	0.198413	0.321601	0.111456	0.036577	0.034161	
0.054139	0.037024	0.572476	0.061474	0.098149	0.098149	0.078589	
0.058883	0.044831	0.520241	0.173637	0.035463	0.112747	0.054199	
0.110916	0.027378	0.447525	0.155142	0.135486	0.078975	0.044577	
0.037542	0.207309	0.032890	0.109635	0.535216	0.030565	0.046844	
0.069775	0.046627	0.106812	0.192460	0.479497	0.037368	0.067460	
0.159585	0.049515	0.035463	0.122114	0.442958	0.063566	0.126798	
0.026594	0.050460	0.028981	0.176952	0.057620	0.026594	0.632799	
0.033754	0.081487	0.019434	0.186498	0.043300	0.055234	0.580293	
0.109305	0.065721	0.051193	0.075406	0.024559	0.043929	0.629886	
0.043718	0.046127	0.275043	0.265404	0.024441	0.036489	0.308778	
0.080716	0.038163	0.151638	0.146910	0.061803	0.284026	0.236744	
0.102234	0.028775	0.324983	0.142519	0.059580	0.085647	0.256263	
0.212392	0.029260	0.060585	0.132874	0.070224	0.443718	0.050947	
0.048304	0.180199	0.053100	0.036314	0.026721	0.626242	0.029120	
0.267814	0.096730	0.065404	0.296730	0.053356	0.149742	0.070224	
