0.602892	0.001006	0.017985	0.000925	0.038286	0.012508	0.073951	0.058496	0.025777	0.034808	0.003376	0.028110	0.054513	0.020275	0.027092	
0.373058	0.005377	0.155901	0.000811	0.019493	0.017521	0.031021	0.091804	0.034322	0.053449	0.006292	0.063367	0.032427	0.107483	0.007675	
0.429943	0.016871	0.023043	0.000838	0.007668	0.043743	0.016446	0.237044	0.023064	0.142868	0.014728	0.009689	0.012632	0.015503	0.005919	
0.383056	0.001237	0.029138	0.008403	0.034343	0.057288	0.123530	0.016600	0.212704	0.017794	0.018721	0.041649	0.021183	0.024172	0.010183	
0.341920	0.002465	0.081606	0.006893	0.028804	0.049283	0.098960	0.033991	0.178292	0.024083	0.016291	0.054184	0.019674	0.057782	0.005774	
0.369473	0.005169	0.054226	0.005684	0.025152	0.049785	0.085077	0.073379	0.159131	0.045563	0.018431	0.039133	0.020578	0.041912	0.007307	
0.403910	0.001296	0.027123	0.007508	0.032812	0.053301	0.118900	0.017800	0.187440	0.029370	0.016448	0.037863	0.022735	0.024426	0.019069	
0.334331	0.002581	0.120026	0.000536	0.015664	0.027334	0.040258	0.047921	0.133700	0.033728	0.025155	0.037498	0.043896	0.111165	0.026208	
0.282357	0.001304	0.156596	0.000856	0.011705	0.027669	0.048527	0.024575	0.137554	0.030162	0.023480	0.050161	0.032178	0.137003	0.035873	
0.243513	0.001185	0.122231	0.000706	0.008321	0.038348	0.045494	0.019967	0.223567	0.016222	0.041236	0.027419	0.042101	0.133228	0.036461	
0.231273	0.001157	0.134148	0.000924	0.007076	0.038487	0.047780	0.015898	0.215152	0.021337	0.038774	0.032289	0.037132	0.139006	0.039569	
0.255561	0.001032	0.123822	0.001612	0.009929	0.039156	0.057190	0.014259	0.203940	0.024338	0.034706	0.034051	0.034207	0.126481	0.039716	
0.496900	0.001185	0.078981	0.000650	0.030877	0.013540	0.059134	0.052822	0.051497	0.026659	0.008297	0.042190	0.049400	0.065729	0.022138	
0.380585	0.000782	0.185014	0.000829	0.026437	0.007805	0.038470	0.034781	0.040913	0.020327	0.003661	0.076573	0.045865	0.128965	0.008993	
0.465683	0.004527	0.076492	0.000594	0.025681	0.019711	0.045506	0.093332	0.055781	0.043958	0.011779	0.037570	0.043421	0.062504	0.013461	
0.637051	0.001012	0.017809	0.000622	0.047595	0.006171	0.013478	0.021452	0.016391	0.079773	0.002808	0.008181	0.125033	0.015258	0.007367	
0.605566	0.004016	0.016176	0.000620	0.041064	0.012591	0.010120	0.060452	0.015463	0.094846	0.004830	0.006477	0.109102	0.013018	0.005659	
0.543605	0.006643	0.017910	0.000697	0.027492	0.023598	0.028237	0.094906	0.019415	0.111293	0.007239	0.007151	0.068030	0.018896	0.024888	
0.501724	0.001246	0.018546	0.000779	0.010902	0.030994	0.104248	0.014680	0.020775	0.121062	0.003474	0.008053	0.008696	0.042272	0.112550	
0.258297	0.002727	0.208630	0.003009	0.017275	0.026133	0.047745	0.038550	0.097264	0.032299	0.009576	0.083179	0.022470	0.144610	0.008235	
0.248243	0.002356	0.175487	0.001038	0.010345	0.029091	0.035470	0.031671	0.143160	0.035625	0.024536	0.053840	0.035753	0.147076	0.026308	
0.404200	0.002712	0.064857	0.004949	0.029056	0.040167	0.080296	0.038870	0.133839	0.045494	0.013680	0.040442	0.036455	0.049856	0.015128	
0.388264	0.007390	0.084488	0.002301	0.017363	0.035156	0.044981	0.102755	0.073912	0.084505	0.012607	0.035653	0.028904	0.063684	0.018037	
0.395770	0.000700	0.067318	0.005600	0.027837	0.042172	0.106693	0.012898	0.140526	0.036250	0.011617	0.046407	0.020181	0.054108	0.031922	
