0.452999	0.001086	0.022314	0.000664	0.044366	0.009792	0.016922	0.187979	0.032136	0.166688	0.002721	0.009184	0.017426	0.026355	0.009368	
0.526311	0.000852	0.063596	0.002320	0.027163	0.035969	0.075819	0.086790	0.024275	0.078147	0.014776	0.017805	0.026859	0.015369	0.003950	
0.466721	0.003296	0.028852	0.000865	0.034144	0.025778	0.058967	0.128579	0.063022	0.114439	0.004663	0.029187	0.015479	0.023121	0.002889	
0.590568	0.001044	0.020360	0.009940	0.012496	0.060091	0.119972	0.014145	0.055741	0.013445	0.066441	0.008557	0.009888	0.013380	0.003931	
0.420474	0.004558	0.103564	0.005163	0.023039	0.032739	0.068894	0.028396	0.109202	0.028067	0.033589	0.054744	0.038816	0.042353	0.006402	
0.491135	0.002519	0.046742	0.007212	0.015071	0.053671	0.103146	0.015878	0.096552	0.015074	0.047895	0.023702	0.013481	0.051485	0.016437	
0.448459	0.003701	0.048443	0.009407	0.017418	0.048980	0.090591	0.012388	0.127712	0.011755	0.062327	0.032798	0.010244	0.058781	0.016995	
0.444157	0.000668	0.063988	0.000546	0.008858	0.065116	0.115438	0.008566	0.095264	0.008280	0.003626	0.007659	0.013909	0.116037	0.047890	
0.348872	0.001307	0.105075	0.001229	0.014740	0.050394	0.077121	0.012053	0.125602	0.012015	0.007584	0.019989	0.025461	0.141950	0.056607	
0.165954	0.002505	0.124789	0.001498	0.019606	0.035334	0.025288	0.020610	0.208183	0.019861	0.008568	0.026930	0.028202	0.223770	0.088902	
0.293313	0.001129	0.127693	0.001068	0.019660	0.029439	0.030869	0.035970	0.129756	0.035927	0.005828	0.022897	0.052904	0.152582	0.060966	
0.308310	0.002111	0.181936	0.003220	0.024191	0.027824	0.035277	0.011631	0.117929	0.013410	0.020208	0.046770	0.053725	0.113163	0.040295	
0.392730	0.000934	0.181505	0.000630	0.031468	0.017498	0.028506	0.060427	0.045456	0.057173	0.002790	0.042529	0.064552	0.055792	0.018010	
0.387214	0.000836	0.234878	0.000700	0.026910	0.021232	0.036634	0.016103	0.043401	0.019014	0.003423	0.054009	0.080025	0.057949	0.017670	
0.409184	0.001711	0.241408	0.000769	0.029118	0.016987	0.037313	0.020100	0.033577	0.023003	0.003844	0.065276	0.085232	0.029316	0.003161	
0.531298	0.001088	0.023558	0.000680	0.022674	0.011111	0.034421	0.123907	0.021777	0.118504	0.003273	0.011244	0.081741	0.011850	0.002873	
0.554174	0.000805	0.019198	0.000630	0.017368	0.015180	0.044366	0.108373	0.017783	0.105950	0.003134	0.008000	0.089667	0.011806	0.003565	
0.535676	0.001277	0.016522	0.000769	0.018959	0.008685	0.031645	0.117912	0.026544	0.115168	0.003857	0.011115	0.095514	0.013169	0.003188	
0.379137	0.001030	0.060933	0.002573	0.016681	0.033910	0.048037	0.053755	0.111744	0.051999	0.016156	0.009298	0.045296	0.120380	0.049070	
0.217958	0.012378	0.088446	0.001375	0.030280	0.019514	0.051984	0.045789	0.248778	0.042697	0.007682	0.111598	0.023330	0.088581	0.009609	
0.340881	0.002821	0.103018	0.002581	0.021118	0.030959	0.046789	0.039691	0.128657	0.038583	0.016096	0.034544	0.043201	0.111087	0.039973	
0.263570	0.012076	0.086043	0.003419	0.025496	0.032996	0.079848	0.014354	0.242818	0.013711	0.021783	0.109314	0.011943	0.077193	0.005436	
0.299352	0.009937	0.084421	0.001455	0.023834	0.030022	0.072779	0.030584	0.203442	0.029730	0.008650	0.091818	0.027964	0.076276	0.009735	
0.295831	0.011111	0.074587	0.001309	0.022683	0.036576	0.089146	0.021028	0.220988	0.020144	0.007867	0.099130	0.015534	0.076529	0.007537	
