0.028912	0.047959	0.031293	0.033673	0.036054	0.740816	0.081293	
0.096807	0.110924	0.066218	0.026218	0.061513	0.456807	0.181513	
0.048772	0.085092	0.206157	0.036666	0.080249	0.482186	0.060879	
0.784699	0.050102	0.035884	0.021666	0.031144	0.024035	0.052471	
0.267477	0.040527	0.097264	0.101993	0.217832	0.035799	0.239108	
0.458082	0.096579	0.019115	0.044936	0.096579	0.028504	0.256204	
0.328943	0.031071	0.040527	0.040527	0.482607	0.026342	0.049983	
0.023866	0.786218	0.026218	0.054454	0.026218	0.049748	0.033277	
0.132874	0.395525	0.017212	0.185886	0.209983	0.026850	0.031670	
0.181067	0.048537	0.043718	0.561790	0.106368	0.019621	0.038898	
0.044622	0.123876	0.018981	0.687979	0.074925	0.028305	0.021312	
0.250347	0.056172	0.027046	0.524619	0.031900	0.027046	0.082871	
0.030213	0.329064	0.025616	0.060099	0.021018	0.055501	0.478489	
0.086580	0.128538	0.093573	0.165834	0.049284	0.025974	0.450216	
0.068250	0.021412	0.049515	0.192372	0.077618	0.044831	0.546002	
0.026721	0.127441	0.602261	0.024323	0.026721	0.115450	0.077081	
0.034161	0.077640	0.577640	0.051070	0.022084	0.053485	0.183920	
0.024323	0.033916	0.695786	0.053100	0.098664	0.050702	0.043508	
0.145578	0.190816	0.528912	0.052721	0.019388	0.036054	0.026531	
0.036054	0.102721	0.347959	0.107483	0.352721	0.017007	0.036054	
0.186498	0.262871	0.193658	0.093420	0.143539	0.028981	0.091033	
0.165395	0.095007	0.041609	0.046463	0.354716	0.121706	0.175104	
0.029260	0.060585	0.029260	0.026850	0.303959	0.164200	0.385886	
0.038527	0.205592	0.105353	0.043300	0.556427	0.017047	0.033754	
