0.045796	0.033835	0.050581	0.639098	0.158237	0.021873	0.050581	
0.040527	0.097264	0.033435	0.558257	0.023978	0.059439	0.187099	
0.043613	0.120536	0.041209	0.651786	0.033997	0.041209	0.067651	
0.291209	0.497940	0.019574	0.019574	0.036401	0.113324	0.021978	
0.521563	0.035714	0.089960	0.023922	0.061658	0.205526	0.061658	
0.290431	0.137129	0.068733	0.172507	0.132412	0.170148	0.028639	
0.693009	0.090172	0.019250	0.026342	0.073624	0.033435	0.064168	
0.049983	0.057075	0.440054	0.038163	0.175279	0.113813	0.125633	
0.038435	0.233673	0.545578	0.031293	0.081293	0.036054	0.033673	
0.053615	0.039087	0.271532	0.043929	0.528191	0.031823	0.031823	
0.044622	0.081918	0.210123	0.028305	0.576091	0.025974	0.032967	
0.249129	0.134495	0.283275	0.029617	0.239373	0.039373	0.024739	
0.026035	0.037717	0.413885	0.367156	0.091455	0.035381	0.028371	
0.032738	0.053571	0.412368	0.345238	0.023479	0.104497	0.028108	
0.286379	0.053821	0.181728	0.377076	0.028239	0.037542	0.035216	
0.024092	0.028843	0.024092	0.019342	0.019342	0.040719	0.843570	
0.026468	0.033593	0.033593	0.031218	0.019342	0.040719	0.815066	
0.268928	0.029120	0.021925	0.038712	0.026721	0.021925	0.592669	
0.052721	0.109864	0.040816	0.138435	0.402721	0.024150	0.231293	
0.078724	0.090601	0.052596	0.076349	0.031218	0.553784	0.116729	
0.127441	0.199383	0.091470	0.021925	0.139431	0.343268	0.077081	
0.053356	0.342513	0.026850	0.022031	0.031670	0.503959	0.019621	
0.053100	0.038712	0.029120	0.033916	0.045906	0.707777	0.091470	
0.415615	0.317763	0.052847	0.019434	0.033754	0.131606	0.028981	
