0.019342	0.066848	0.743807	0.081099	0.035969	0.021717	0.031218	
0.030924	0.183866	0.134454	0.445042	0.042689	0.085042	0.077983	
0.024559	0.116569	0.094777	0.586302	0.036666	0.065721	0.075406	
0.062393	0.267644	0.040914	0.040914	0.360723	0.179339	0.048074	
0.035969	0.028843	0.016966	0.157109	0.397014	0.259247	0.104852	
0.041012	0.129528	0.084074	0.258715	0.304170	0.136705	0.045796	
0.021717	0.171361	0.111978	0.038344	0.572786	0.040719	0.043095	
0.206578	0.350462	0.074683	0.149024	0.055498	0.115450	0.048304	
0.275043	0.400344	0.053356	0.017212	0.079862	0.130465	0.043718	
0.475958	0.046690	0.251568	0.046690	0.110105	0.041812	0.027178	
0.422871	0.169349	0.244467	0.026157	0.033199	0.026157	0.077800	
0.368641	0.051568	0.024739	0.019861	0.136934	0.273519	0.124739	
0.222296	0.135848	0.117156	0.327437	0.072764	0.100801	0.023698	
0.196595	0.093792	0.068091	0.350801	0.047063	0.184913	0.058745	
0.144205	0.026280	0.023922	0.505054	0.049865	0.160714	0.089960	
0.019527	0.129839	0.033916	0.026721	0.021925	0.062693	0.705379	
0.019621	0.241308	0.055766	0.137694	0.094320	0.034079	0.417212	
0.017007	0.100340	0.169388	0.064626	0.043197	0.028912	0.576531	
0.048189	0.093643	0.375940	0.026658	0.170198	0.033835	0.251538	
0.040816	0.097959	0.024150	0.038435	0.045578	0.531293	0.221769	
0.175104	0.087725	0.092580	0.116852	0.080444	0.279473	0.167822	
0.087091	0.108778	0.019621	0.166609	0.419621	0.152151	0.046127	
0.060295	0.024323	0.026721	0.348064	0.204180	0.201781	0.134635	
0.038527	0.250938	0.081487	0.107740	0.305830	0.160245	0.055234	
