0.416713	0.000798	0.025946	0.000866	0.013806	0.051330	0.083984	0.177900	0.046130	0.123912	0.003911	0.014271	0.010926	0.023722	0.005784	
0.414812	0.003943	0.063841	0.003985	0.022835	0.017251	0.040307	0.127176	0.052334	0.095404	0.025335	0.020829	0.022494	0.051223	0.038231	
0.434377	0.002343	0.040358	0.002732	0.021460	0.020788	0.041246	0.170078	0.034025	0.128889	0.016560	0.013317	0.018565	0.030152	0.025110	
0.482253	0.000759	0.018975	0.006600	0.006263	0.079326	0.148278	0.040696	0.052166	0.009886	0.040846	0.014732	0.006783	0.027762	0.064673	
0.408376	0.005836	0.094267	0.000813	0.028410	0.070473	0.114096	0.043386	0.062996	0.026619	0.006018	0.024758	0.043710	0.063817	0.006423	
0.375459	0.005074	0.082518	0.003249	0.021370	0.046699	0.086449	0.059623	0.093001	0.035647	0.021197	0.033156	0.027324	0.078208	0.031026	
0.521731	0.001104	0.035521	0.003206	0.031190	0.024655	0.050412	0.057906	0.052735	0.073149	0.019310	0.019226	0.049170	0.030521	0.030164	
0.357099	0.006484	0.140637	0.003147	0.025801	0.016013	0.034497	0.046820	0.099541	0.041681	0.021212	0.041398	0.044423	0.090958	0.030288	
0.373187	0.001553	0.063768	0.005977	0.009116	0.028690	0.069441	0.025006	0.152869	0.018366	0.037144	0.049863	0.017815	0.088862	0.058342	
0.397391	0.001262	0.139002	0.002821	0.006985	0.038730	0.066055	0.023675	0.109821	0.028092	0.016934	0.043656	0.041472	0.057813	0.026291	
0.299359	0.000897	0.102545	0.002247	0.005650	0.032667	0.063243	0.021765	0.208250	0.022324	0.012961	0.069136	0.028331	0.110470	0.020155	
0.339572	0.007573	0.175611	0.002876	0.026674	0.016741	0.033563	0.014344	0.111049	0.019465	0.020010	0.047802	0.053795	0.103139	0.027786	
0.359560	0.001041	0.180404	0.000861	0.006400	0.025036	0.036113	0.025005	0.136367	0.040838	0.004297	0.055544	0.053607	0.068656	0.006271	
0.297584	0.007373	0.184904	0.001190	0.027554	0.010446	0.019499	0.016859	0.148240	0.027409	0.009099	0.059667	0.058661	0.121010	0.010504	
0.324290	0.006248	0.167808	0.001094	0.022127	0.031436	0.051125	0.030241	0.121780	0.028115	0.007991	0.049605	0.050610	0.098187	0.009345	
0.552808	0.000657	0.019223	0.001183	0.045882	0.009481	0.022555	0.038851	0.072222	0.086108	0.006214	0.024672	0.072812	0.037797	0.009534	
0.556113	0.002207	0.035098	0.001898	0.047122	0.011813	0.026907	0.037674	0.047763	0.078651	0.011478	0.018713	0.072291	0.035185	0.017087	
0.519273	0.000768	0.017748	0.000770	0.031582	0.041022	0.067747	0.111705	0.027568	0.106205	0.003482	0.009519	0.044248	0.013244	0.005118	
0.449827	0.002044	0.039855	0.004590	0.019409	0.046933	0.092170	0.042390	0.086081	0.033725	0.028520	0.027890	0.027211	0.055021	0.044334	
0.152112	0.006280	0.112876	0.000694	0.022768	0.007831	0.027605	0.021389	0.295700	0.018671	0.005210	0.096001	0.031307	0.196662	0.004893	
0.377436	0.008086	0.122184	0.004360	0.033547	0.019954	0.047191	0.019920	0.092297	0.019224	0.029711	0.037647	0.046099	0.099375	0.042969	
0.334993	0.000974	0.040781	0.003361	0.016819	0.017047	0.047336	0.037415	0.205553	0.041469	0.020074	0.063799	0.025439	0.113489	0.031450	
0.384608	0.003005	0.053172	0.000825	0.031241	0.008705	0.020861	0.111330	0.115335	0.104267	0.004692	0.038934	0.039546	0.077643	0.005837	
0.376413	0.000818	0.028915	0.001462	0.017736	0.056182	0.101258	0.037674	0.162981	0.032881	0.007894	0.048931	0.028394	0.086336	0.012123	
