0.021614	0.021614	0.023978	0.023978	0.031071	0.856130	0.021614	
0.028981	0.028981	0.138766	0.234231	0.017047	0.415615	0.136379	
0.033754	0.081487	0.157859	0.449028	0.136379	0.107740	0.033754	
0.576531	0.043197	0.019388	0.038435	0.026531	0.252721	0.043197	
0.602689	0.028571	0.049748	0.028571	0.030924	0.026218	0.233277	
0.742045	0.033514	0.033514	0.045362	0.071429	0.038253	0.035884	
0.567714	0.038163	0.049983	0.028707	0.241472	0.028707	0.045255	
0.040527	0.023978	0.198919	0.040527	0.262749	0.409321	0.023978	
0.055632	0.214286	0.255151	0.019574	0.122940	0.298420	0.033997	
0.078397	0.027178	0.295470	0.054007	0.324739	0.022300	0.197909	
0.026035	0.033044	0.189586	0.030708	0.603138	0.079773	0.037717	
0.053745	0.027046	0.274619	0.022191	0.107143	0.027046	0.488211	
0.030353	0.021115	0.573078	0.039591	0.143517	0.173540	0.018806	
0.035298	0.018981	0.648352	0.021312	0.063270	0.121545	0.091242	
0.051857	0.079960	0.555370	0.054199	0.042489	0.035463	0.180662	
0.031218	0.024092	0.081099	0.689175	0.028843	0.109603	0.035969	
0.021717	0.016966	0.028843	0.717679	0.021717	0.166610	0.026468	
0.033514	0.021666	0.021666	0.566689	0.118822	0.033514	0.204130	
0.052973	0.029050	0.029050	0.026658	0.088859	0.198906	0.574504	
0.038344	0.178487	0.199864	0.192738	0.268748	0.033593	0.088225	
0.041012	0.026658	0.031442	0.194122	0.452495	0.021873	0.232399	
0.080249	0.780007	0.024559	0.026980	0.026980	0.029402	0.031823	
0.048074	0.317763	0.055234	0.284350	0.246164	0.024207	0.024207	
0.047959	0.457483	0.031293	0.031293	0.140816	0.226531	0.064626	
