0.443449	0.007572	0.020487	0.000929	0.034506	0.030634	0.020753	0.221802	0.022715	0.133210	0.004628	0.009853	0.020146	0.024839	0.004478	
0.487911	0.004344	0.060868	0.001695	0.022619	0.036832	0.038733	0.112889	0.029903	0.095338	0.010016	0.022888	0.037709	0.035372	0.002883	
0.449558	0.004713	0.060943	0.000970	0.023073	0.022609	0.037389	0.140379	0.045230	0.118002	0.004933	0.023878	0.038665	0.024843	0.004813	
0.441162	0.003478	0.074245	0.003718	0.028001	0.039951	0.067574	0.025868	0.086514	0.023173	0.024225	0.041136	0.044430	0.083057	0.013464	
0.287675	0.004216	0.087196	0.004941	0.036914	0.009743	0.111007	0.034658	0.139041	0.032906	0.032692	0.070797	0.051430	0.092639	0.004146	
0.355058	0.002608	0.068216	0.001953	0.022398	0.019018	0.118577	0.047026	0.146522	0.057613	0.011791	0.059576	0.041033	0.042049	0.006562	
0.399981	0.002317	0.048120	0.000701	0.021013	0.024497	0.105786	0.035797	0.172612	0.036180	0.003132	0.046870	0.037873	0.040840	0.024282	
0.421734	0.001963	0.098539	0.001781	0.012205	0.060833	0.049489	0.031052	0.111508	0.030002	0.010718	0.027167	0.020134	0.083086	0.039789	
0.392147	0.001575	0.099219	0.001731	0.011099	0.066481	0.062789	0.016879	0.141821	0.012985	0.010378	0.030901	0.012669	0.091749	0.047576	
0.294745	0.001910	0.122140	0.001026	0.013973	0.027960	0.045662	0.031346	0.195248	0.032950	0.005501	0.035548	0.027566	0.099782	0.064640	
0.296696	0.001041	0.143136	0.000632	0.006506	0.046686	0.022457	0.012704	0.205787	0.014472	0.002814	0.024205	0.014916	0.121291	0.086658	
0.170343	0.003110	0.176639	0.004455	0.023083	0.028566	0.028488	0.020072	0.187465	0.012724	0.029463	0.047324	0.026470	0.170900	0.070897	
0.477552	0.002260	0.105471	0.002009	0.014058	0.030872	0.035727	0.048080	0.047691	0.079682	0.012254	0.030551	0.051803	0.050864	0.011127	
0.403182	0.002906	0.140082	0.004032	0.020523	0.023450	0.021832	0.032970	0.050840	0.064874	0.026410	0.038364	0.058117	0.095243	0.017177	
0.413821	0.002267	0.135088	0.002574	0.015512	0.011477	0.027310	0.042663	0.062160	0.088271	0.016206	0.038262	0.063071	0.066116	0.015201	
0.620141	0.003025	0.033501	0.001668	0.026092	0.024625	0.042911	0.021156	0.047335	0.039642	0.009969	0.023072	0.071858	0.031524	0.003483	
0.658033	0.002419	0.026673	0.000777	0.019330	0.040640	0.044040	0.026776	0.036218	0.044669	0.003730	0.015818	0.060496	0.016582	0.003800	
0.558266	0.004942	0.023953	0.001076	0.030840	0.018385	0.028423	0.101365	0.043106	0.078646	0.005786	0.016286	0.057848	0.025314	0.005763	
0.442646	0.003744	0.073406	0.000995	0.020338	0.039509	0.022363	0.085636	0.095419	0.060194	0.005244	0.016238	0.030016	0.066299	0.037951	
0.205698	0.006059	0.138085	0.008716	0.047236	0.020978	0.072850	0.039609	0.090634	0.017157	0.059074	0.072421	0.047130	0.167014	0.007340	
0.243071	0.005172	0.158375	0.007339	0.038470	0.024506	0.026502	0.032072	0.091603	0.018899	0.049552	0.052980	0.047063	0.173009	0.031387	
0.293611	0.002284	0.051347	0.002490	0.026260	0.024101	0.170735	0.015122	0.209996	0.017778	0.015535	0.077393	0.031780	0.052925	0.008641	
0.322222	0.001630	0.077839	0.001498	0.018197	0.015689	0.133658	0.025660	0.182878	0.050238	0.008617	0.066238	0.040382	0.041903	0.013350	
0.402311	0.002626	0.049787	0.002237	0.023580	0.038377	0.121672	0.030690	0.140550	0.029001	0.013809	0.054092	0.033122	0.049512	0.008633	
