0.057346	0.016966	0.026468	0.035969	0.206990	0.026468	0.629793	
0.088435	0.028912	0.243197	0.026531	0.083673	0.159864	0.369388	
0.065562	0.104210	0.188751	0.046239	0.075224	0.065562	0.454451	
0.174983	0.072112	0.306562	0.033835	0.361586	0.017088	0.033835	
0.101993	0.049983	0.033435	0.189463	0.347855	0.139818	0.137454	
0.149628	0.123561	0.114083	0.028775	0.294177	0.040623	0.249154	
0.419160	0.155630	0.049748	0.249748	0.040336	0.033277	0.052101	
0.130981	0.078724	0.035969	0.045470	0.047845	0.366135	0.294876	
0.294320	0.022031	0.253356	0.022031	0.036489	0.352151	0.019621	
0.261847	0.029402	0.036666	0.051193	0.235213	0.351435	0.034244	
0.063716	0.082495	0.188129	0.030852	0.204561	0.404091	0.026157	
0.338547	0.199861	0.049009	0.034411	0.058742	0.272854	0.046576	
0.042193	0.077076	0.056146	0.032890	0.400332	0.342193	0.049169	
0.030636	0.021312	0.147186	0.044622	0.074925	0.506161	0.175158	
0.066532	0.125633	0.047619	0.066532	0.156366	0.305302	0.232016	
0.024441	0.034079	0.308778	0.511188	0.043718	0.031670	0.046127	
0.046016	0.019574	0.151786	0.541209	0.031593	0.019574	0.190247	
0.026721	0.055498	0.079479	0.304899	0.467968	0.019527	0.045906	
0.335270	0.038619	0.203691	0.172591	0.170198	0.026658	0.052973	
0.026218	0.659160	0.115630	0.056807	0.030924	0.054454	0.056807	
0.286054	0.336054	0.026531	0.131293	0.028912	0.028912	0.162245	
0.198893	0.172259	0.162574	0.261847	0.029402	0.046351	0.128675	
0.055766	0.209983	0.036489	0.258176	0.029260	0.038898	0.371429	
0.053228	0.305632	0.178228	0.185440	0.219093	0.036401	0.021978	
