0.475131	0.003968	0.019843	0.000574	0.066398	0.039477	0.034053	0.125387	0.014357	0.184034	0.003565	0.007949	0.008546	0.012900	0.003817	
0.537276	0.001741	0.055459	0.000786	0.032523	0.032678	0.034224	0.079566	0.024865	0.090496	0.020002	0.027544	0.037522	0.022313	0.003004	
0.464369	0.002004	0.038147	0.000973	0.037577	0.025343	0.046537	0.105053	0.029253	0.104875	0.011869	0.036510	0.043763	0.047607	0.006120	
0.561129	0.001214	0.034301	0.004897	0.015532	0.057737	0.077401	0.010165	0.136541	0.009414	0.030026	0.023459	0.007506	0.023124	0.007554	
0.346433	0.000813	0.097821	0.006321	0.025814	0.038795	0.114256	0.035881	0.178353	0.029923	0.005289	0.051575	0.041357	0.023666	0.003703	
0.446907	0.001080	0.083158	0.002916	0.015111	0.019344	0.099243	0.040099	0.082121	0.013500	0.006967	0.067785	0.011293	0.104165	0.006311	
0.324982	0.000816	0.049095	0.009998	0.029671	0.061136	0.157338	0.012498	0.266068	0.011782	0.003768	0.043009	0.009737	0.016029	0.004073	
0.442447	0.004469	0.076697	0.001175	0.013920	0.029805	0.045148	0.039300	0.086869	0.030157	0.021842	0.035774	0.020772	0.117620	0.034005	
0.485077	0.005266	0.053674	0.000951	0.014099	0.042193	0.020681	0.037222	0.091840	0.037670	0.033127	0.014634	0.024635	0.098209	0.040723	
0.303771	0.005247	0.171741	0.001005	0.014814	0.018744	0.036494	0.037051	0.114787	0.038406	0.013802	0.042914	0.061697	0.099387	0.040140	
0.177229	0.011553	0.087479	0.000883	0.016869	0.032370	0.023273	0.043942	0.182796	0.045762	0.018222	0.015747	0.024512	0.225291	0.094069	
0.352642	0.003436	0.204991	0.001235	0.011239	0.016565	0.043345	0.021197	0.102052	0.024173	0.013572	0.051053	0.065129	0.064631	0.024738	
0.398242	0.002413	0.179498	0.000525	0.014491	0.010990	0.044527	0.041373	0.060108	0.037366	0.011641	0.056936	0.061565	0.065242	0.015084	
0.412002	0.002084	0.178004	0.000665	0.011736	0.013567	0.039060	0.038991	0.064243	0.031767	0.016066	0.053899	0.071377	0.051965	0.014573	
0.414554	0.001222	0.188572	0.001507	0.016183	0.015209	0.054828	0.034313	0.071390	0.035352	0.010826	0.057527	0.064649	0.029455	0.004412	
0.493672	0.001127	0.025235	0.000550	0.030773	0.026427	0.022631	0.117059	0.019483	0.100275	0.023886	0.030552	0.082236	0.020013	0.006079	
0.458155	0.001038	0.030073	0.001043	0.031313	0.022253	0.040165	0.116299	0.029648	0.094971	0.017350	0.040290	0.075147	0.036937	0.005316	
0.408088	0.001519	0.036042	0.000726	0.035532	0.018956	0.031520	0.133829	0.030333	0.113694	0.015212	0.038702	0.093286	0.033413	0.009147	
0.362935	0.008874	0.066834	0.000579	0.015651	0.041032	0.015374	0.033177	0.130871	0.042406	0.028290	0.008797	0.012322	0.163686	0.069173	
0.358322	0.002479	0.100886	0.002790	0.020853	0.021863	0.075428	0.057637	0.107688	0.041256	0.008690	0.054077	0.047405	0.082427	0.018199	
0.352950	0.007265	0.102735	0.001056	0.008200	0.031802	0.033459	0.021053	0.132362	0.015811	0.024193	0.028146	0.022101	0.159398	0.059469	
0.403979	0.000938	0.042403	0.006476	0.028051	0.048693	0.110018	0.042582	0.173363	0.036384	0.011641	0.039480	0.027580	0.023809	0.004604	
0.384398	0.001544	0.071660	0.003459	0.023425	0.024085	0.090042	0.063903	0.104986	0.042522	0.007011	0.057029	0.038235	0.077385	0.010319	
0.365353	0.002497	0.062577	0.006439	0.023473	0.050513	0.105207	0.024297	0.199522	0.022291	0.013225	0.035596	0.022147	0.048517	0.018345	
