0.031218	0.026468	0.328130	0.511028	0.019342	0.024092	0.059722	
0.031293	0.062245	0.178912	0.462245	0.205102	0.026531	0.033673	
0.019527	0.050702	0.103460	0.376841	0.079479	0.069887	0.300103	
0.019296	0.699391	0.028775	0.156737	0.026405	0.026405	0.042993	
0.061368	0.307847	0.028504	0.070758	0.267941	0.237425	0.026157	
0.117007	0.455102	0.028912	0.078912	0.176531	0.043197	0.100340	
0.035799	0.165822	0.026342	0.031071	0.040527	0.629179	0.071260	
0.430598	0.035799	0.258021	0.045255	0.149274	0.023978	0.057075	
0.333673	0.031293	0.486054	0.031293	0.050340	0.045578	0.021769	
0.435557	0.105484	0.051694	0.088369	0.056584	0.205728	0.056584	
0.607810	0.049399	0.119493	0.084446	0.033044	0.072764	0.033044	
0.080836	0.027178	0.063763	0.132056	0.475958	0.195470	0.024739	
0.277466	0.034972	0.161993	0.319037	0.044210	0.069614	0.092709	
0.143528	0.061368	0.070758	0.443997	0.213950	0.035547	0.030852	
0.033044	0.049399	0.035381	0.505007	0.327437	0.026035	0.023698	
0.024207	0.038527	0.040914	0.036140	0.019434	0.043300	0.797477	
0.045906	0.043508	0.043508	0.033916	0.084275	0.021925	0.726961	
0.031518	0.038712	0.117849	0.026721	0.019527	0.098664	0.667009	
0.033514	0.026405	0.443466	0.038253	0.033514	0.095125	0.329722	
0.090816	0.145578	0.069388	0.124150	0.047959	0.340816	0.181293	
0.249154	0.140149	0.035884	0.028775	0.175694	0.154367	0.215978	
0.032056	0.151568	0.088153	0.032056	0.071080	0.522300	0.102787	
0.053615	0.034244	0.026980	0.041508	0.189208	0.450709	0.203736	
0.074327	0.372656	0.131606	0.036140	0.033754	0.303444	0.048074	
