0.556869	0.005349	0.018872	0.002084	0.036070	0.027695	0.040966	0.068545	0.022876	0.069431	0.033442	0.008380	0.011445	0.017962	0.080014	
0.421515	0.009528	0.079002	0.001316	0.022299	0.022997	0.026833	0.122485	0.041050	0.121655	0.014685	0.032020	0.035246	0.036582	0.012787	
0.429772	0.016010	0.022615	0.000973	0.007501	0.024618	0.022826	0.194952	0.025538	0.194394	0.017173	0.013580	0.011562	0.013055	0.005432	
0.473567	0.001003	0.011890	0.010797	0.013412	0.131160	0.201755	0.020645	0.024884	0.014221	0.038198	0.008878	0.010478	0.012226	0.026886	
0.368256	0.001269	0.093271	0.006131	0.025284	0.074133	0.131556	0.018680	0.101241	0.016772	0.018724	0.059412	0.035056	0.045336	0.004878	
0.395134	0.001863	0.072955	0.005018	0.022799	0.061291	0.109058	0.028273	0.105462	0.026058	0.021716	0.039773	0.025733	0.061010	0.023857	
0.424550	0.000810	0.035947	0.003020	0.030031	0.034526	0.094808	0.010215	0.162565	0.010854	0.023103	0.055787	0.015226	0.048792	0.049765	
0.274537	0.003517	0.134811	0.001424	0.014361	0.021279	0.037490	0.044108	0.178513	0.043793	0.012903	0.018573	0.013002	0.176658	0.025031	
0.334594	0.003308	0.119878	0.002802	0.019605	0.037213	0.056864	0.044054	0.123859	0.043001	0.017006	0.021288	0.020990	0.129715	0.025823	
0.289198	0.000980	0.168461	0.002107	0.023936	0.027175	0.042271	0.018357	0.148406	0.017414	0.011317	0.030827	0.034041	0.165026	0.020484	
0.224541	0.000913	0.186320	0.002279	0.016988	0.030061	0.047767	0.014954	0.185204	0.013907	0.008454	0.028552	0.027653	0.202371	0.010037	
0.340292	0.000894	0.167926	0.002030	0.037504	0.025075	0.040746	0.012541	0.110780	0.014072	0.013277	0.048887	0.041090	0.117634	0.027253	
0.405116	0.004037	0.133036	0.000948	0.042740	0.013152	0.025889	0.050097	0.072062	0.052754	0.012850	0.063459	0.047661	0.050327	0.025871	
0.338639	0.002380	0.179907	0.001017	0.038115	0.013506	0.022539	0.037552	0.094935	0.037908	0.005510	0.065331	0.063069	0.093465	0.006127	
0.373947	0.001278	0.206254	0.001157	0.056755	0.013184	0.023080	0.018288	0.052984	0.021776	0.005199	0.094891	0.078769	0.046263	0.006175	
0.540444	0.002519	0.041270	0.000652	0.013343	0.007116	0.013661	0.099805	0.033083	0.083206	0.005724	0.021475	0.108761	0.019904	0.009037	
0.565280	0.004334	0.014497	0.000806	0.009251	0.010645	0.014129	0.120494	0.016284	0.103768	0.009549	0.007752	0.098071	0.010052	0.015088	
0.519799	0.005190	0.021961	0.001290	0.004048	0.017860	0.024796	0.125237	0.034123	0.109177	0.008636	0.007282	0.088974	0.026341	0.005286	
0.552705	0.004900	0.036866	0.000869	0.040701	0.012356	0.019023	0.064837	0.029850	0.066292	0.029951	0.015926	0.020271	0.024397	0.081053	
0.400950	0.001141	0.073192	0.000987	0.016502	0.010319	0.046876	0.052716	0.149562	0.043642	0.003744	0.056291	0.075766	0.064778	0.003534	
0.389655	0.003110	0.076221	0.001671	0.019857	0.021653	0.049689	0.052246	0.135142	0.049130	0.014997	0.032937	0.033532	0.090599	0.029563	
0.363202	0.000713	0.054443	0.001526	0.018155	0.016451	0.073928	0.025945	0.210404	0.022022	0.010047	0.063055	0.039526	0.079771	0.020811	
0.254486	0.002442	0.034229	0.001010	0.006279	0.011689	0.094539	0.030186	0.322802	0.029430	0.006044	0.081129	0.009676	0.108634	0.007424	
0.298373	0.002204	0.068835	0.003336	0.007427	0.041290	0.100248	0.036350	0.211801	0.032476	0.011448	0.048863	0.023114	0.109405	0.004829	
