0.016886	0.028707	0.023978	0.026342	0.019250	0.863222	0.021614	
0.048420	0.130151	0.065247	0.089286	0.072459	0.329670	0.264766	
0.033593	0.140482	0.237869	0.204615	0.024092	0.244995	0.114354	
0.355102	0.021769	0.033673	0.024150	0.050340	0.031293	0.483673	
0.383316	0.066532	0.262749	0.045255	0.184735	0.033435	0.023978	
0.304582	0.509771	0.049865	0.030997	0.045148	0.035714	0.023922	
0.610267	0.031071	0.064168	0.184735	0.026342	0.028707	0.054711	
0.045042	0.421513	0.113277	0.059160	0.122689	0.075630	0.162689	
0.110390	0.031442	0.048189	0.086466	0.177375	0.050581	0.495557	
0.129934	0.039469	0.037024	0.076144	0.638491	0.046804	0.032134	
0.056016	0.527014	0.028174	0.046735	0.267153	0.046735	0.028174	
0.122599	0.115264	0.054139	0.019909	0.572476	0.078589	0.037024	
0.035381	0.100801	0.212951	0.042390	0.353138	0.072764	0.182577	
0.028371	0.121829	0.138184	0.035381	0.455941	0.035381	0.184913	
0.097553	0.215608	0.164683	0.074405	0.342923	0.062831	0.041997	
0.024323	0.033916	0.038712	0.544707	0.019527	0.021925	0.316889	
0.024092	0.100102	0.109603	0.435019	0.026468	0.033593	0.271123	
0.064935	0.079289	0.160629	0.572112	0.052973	0.033835	0.036227	
0.128364	0.036577	0.029331	0.464113	0.051070	0.041408	0.249137	
0.171843	0.087302	0.140442	0.121118	0.227398	0.031746	0.220152	
0.123561	0.161476	0.040623	0.192282	0.258632	0.031144	0.192282	
0.115450	0.086674	0.501542	0.074683	0.031518	0.024323	0.165810	
0.041609	0.218793	0.488211	0.111997	0.051318	0.019764	0.068308	
0.093420	0.033754	0.484828	0.117286	0.048074	0.031367	0.191272	
