0.026531	0.752721	0.028912	0.050340	0.026531	0.050340	0.064626	
0.049748	0.367395	0.016807	0.270924	0.110924	0.110924	0.073277	
0.033835	0.332878	0.017088	0.253930	0.155844	0.184552	0.021873	
0.134635	0.045906	0.093868	0.482357	0.072285	0.043508	0.127441	
0.253856	0.026157	0.021462	0.037894	0.094232	0.042589	0.523810	
0.400340	0.057483	0.121769	0.112245	0.033673	0.026531	0.247959	
0.049983	0.033435	0.168186	0.215468	0.073624	0.075988	0.383316	
0.035799	0.083080	0.411685	0.118541	0.026342	0.201283	0.123269	
0.058599	0.061026	0.374133	0.216366	0.051318	0.102288	0.136269	
0.081034	0.054139	0.499127	0.063919	0.081034	0.166608	0.054139	
0.030780	0.040147	0.700569	0.122114	0.023754	0.044831	0.037805	
0.081034	0.059029	0.491792	0.039469	0.110374	0.054139	0.164163	
0.044210	0.224348	0.076542	0.085780	0.021115	0.503794	0.044210	
0.037629	0.049284	0.121545	0.102897	0.105228	0.494505	0.088911	
0.065908	0.047173	0.044831	0.084644	0.168953	0.440616	0.147876	
0.074504	0.103213	0.024265	0.524265	0.196514	0.038619	0.038619	
0.043718	0.089501	0.026850	0.342513	0.306368	0.171429	0.019621	
0.038435	0.369388	0.047959	0.228912	0.169388	0.057483	0.088435	
0.028912	0.133673	0.095578	0.274150	0.247959	0.026531	0.193197	
0.247959	0.026531	0.190816	0.176531	0.252721	0.028912	0.076531	
0.173004	0.029120	0.249743	0.086674	0.352861	0.057897	0.050702	
0.420250	0.022191	0.039182	0.269764	0.034327	0.027046	0.187240	
0.679862	0.089501	0.060585	0.050947	0.038898	0.046127	0.034079	
0.246201	0.023978	0.080716	0.357312	0.031071	0.031071	0.229652	
