0.532404	0.008676	0.016760	0.001037	0.041264	0.042087	0.015449	0.144348	0.022060	0.134961	0.004081	0.007583	0.008708	0.016033	0.004549	
0.479673	0.005253	0.072733	0.001328	0.039922	0.029148	0.033569	0.111906	0.023653	0.101354	0.004820	0.027726	0.050231	0.014618	0.004065	
0.491946	0.007485	0.043824	0.000720	0.040572	0.033902	0.019176	0.127972	0.034125	0.121004	0.004964	0.019801	0.026522	0.018725	0.009264	
0.537884	0.001023	0.020481	0.013823	0.035965	0.085421	0.176215	0.012405	0.024980	0.011427	0.042626	0.009882	0.007244	0.015604	0.005018	
0.338544	0.001196	0.094463	0.003704	0.027603	0.034328	0.083444	0.040072	0.147261	0.035483	0.013004	0.058596	0.052520	0.063033	0.006749	
0.405937	0.001151	0.094688	0.005872	0.035212	0.041179	0.101883	0.039884	0.076575	0.036582	0.019503	0.045953	0.056643	0.032185	0.006751	
0.488352	0.000920	0.022261	0.012849	0.033572	0.081887	0.169970	0.009485	0.070041	0.009446	0.039686	0.020756	0.006647	0.029164	0.004963	
0.361740	0.001169	0.196529	0.000695	0.010720	0.031877	0.063096	0.022513	0.066928	0.020910	0.005144	0.018951	0.028389	0.161779	0.009560	
0.393063	0.002721	0.142207	0.002601	0.016001	0.042741	0.072810	0.029725	0.074964	0.031996	0.013319	0.015846	0.011343	0.134577	0.016084	
0.313408	0.004809	0.135528	0.000896	0.016484	0.027141	0.051649	0.015076	0.136252	0.035821	0.023202	0.036798	0.014165	0.133605	0.055166	
0.302306	0.001996	0.162502	0.000972	0.007887	0.035929	0.066168	0.011440	0.148183	0.016820	0.009906	0.031841	0.010141	0.174039	0.019869	
0.303515	0.011750	0.049295	0.000797	0.033464	0.008285	0.018422	0.016986	0.162091	0.076475	0.056836	0.056814	0.013698	0.047840	0.143730	
0.388008	0.001930	0.171567	0.000959	0.016858	0.030397	0.058134	0.038792	0.055067	0.035834	0.006336	0.021348	0.035588	0.128524	0.010658	
0.405229	0.001507	0.158331	0.001192	0.022098	0.023763	0.056147	0.049741	0.043812	0.042089	0.006520	0.030550	0.059116	0.090570	0.009335	
0.376737	0.001830	0.160509	0.000895	0.037002	0.010995	0.050967	0.059480	0.040119	0.057410	0.008243	0.053629	0.091694	0.034326	0.016164	
0.589268	0.002341	0.017958	0.001011	0.012655	0.013715	0.015624	0.118983	0.022685	0.075415	0.004604	0.020235	0.086549	0.013026	0.005931	
0.594879	0.001087	0.024507	0.000728	0.008405	0.007081	0.013808	0.116304	0.020576	0.066107	0.003057	0.023968	0.103870	0.011555	0.004068	
0.560451	0.002229	0.033959	0.000849	0.008748	0.010693	0.017719	0.099522	0.036459	0.062620	0.009105	0.022718	0.084913	0.031140	0.018874	
0.306966	0.011910	0.052647	0.000984	0.032952	0.010523	0.020788	0.013588	0.156502	0.074914	0.057994	0.052927	0.008078	0.053942	0.145286	
0.247964	0.001977	0.085195	0.000769	0.020527	0.022514	0.054803	0.042799	0.242094	0.040225	0.007365	0.078812	0.049587	0.090366	0.015001	
0.382384	0.004399	0.090950	0.001059	0.018824	0.019299	0.040149	0.045098	0.113827	0.050246	0.021113	0.040772	0.043413	0.079968	0.048499	
0.324208	0.001812	0.031354	0.002896	0.012257	0.035155	0.067443	0.044867	0.236839	0.032662	0.012777	0.062368	0.033432	0.089375	0.012555	
0.280882	0.001212	0.073286	0.000931	0.016455	0.022690	0.053924	0.050140	0.233497	0.037942	0.004724	0.074602	0.055272	0.087587	0.006858	
0.231384	0.001270	0.087146	0.001401	0.008271	0.036180	0.068954	0.023533	0.276953	0.019426	0.006316	0.067334	0.017980	0.146533	0.007320	
