0.610791	0.021717	0.178487	0.028843	0.028843	0.026468	0.104852	
0.112245	0.071769	0.383673	0.136054	0.086054	0.055102	0.155102	
0.036140	0.060007	0.730651	0.038527	0.024207	0.026594	0.083873	
0.428571	0.196514	0.031442	0.208476	0.026658	0.064935	0.043404	
0.259160	0.155630	0.042689	0.049748	0.193277	0.237983	0.061513	
0.307847	0.143528	0.023810	0.082495	0.202213	0.192824	0.047284	
0.494428	0.033435	0.045255	0.106721	0.028707	0.258021	0.033435	
0.040914	0.093420	0.143539	0.410842	0.040914	0.162632	0.107740	
0.079289	0.206083	0.062543	0.447710	0.057758	0.096036	0.050581	
0.097198	0.026980	0.031823	0.479765	0.060879	0.240055	0.063300	
0.037454	0.074577	0.067617	0.366921	0.056016	0.322837	0.074577	
0.215508	0.024799	0.037024	0.340203	0.059029	0.264408	0.059029	
0.037110	0.115271	0.106076	0.441708	0.108374	0.147455	0.044007	
0.023643	0.144855	0.039960	0.363969	0.368631	0.018981	0.039960	
0.040053	0.042390	0.037717	0.353138	0.409212	0.070427	0.047063	
0.024323	0.113052	0.038712	0.036314	0.050702	0.041110	0.695786	
0.029120	0.043508	0.038712	0.026721	0.024323	0.021925	0.815690	
0.033835	0.105605	0.076897	0.031442	0.062543	0.033835	0.655844	
0.322613	0.073798	0.403182	0.106974	0.021666	0.024035	0.047732	
0.019388	0.386054	0.050340	0.047959	0.340816	0.102721	0.052721	
0.144888	0.173324	0.123561	0.140149	0.201760	0.135410	0.080907	
0.086134	0.167017	0.039566	0.117997	0.216036	0.331232	0.042017	
0.026850	0.048537	0.043718	0.091910	0.511188	0.234079	0.043718	
0.067651	0.387363	0.029190	0.149382	0.036401	0.262363	0.067651	
