0.525347	0.000854	0.019590	0.000756	0.012127	0.034104	0.080115	0.135707	0.025247	0.112260	0.004026	0.009215	0.018101	0.016696	0.005856	
0.458915	0.003668	0.076539	0.002728	0.023260	0.042173	0.069298	0.068113	0.068188	0.055151	0.009112	0.023746	0.027549	0.058170	0.013390	
0.423960	0.003615	0.089211	0.002481	0.022407	0.034941	0.073650	0.075034	0.060149	0.046561	0.011004	0.044809	0.025176	0.070804	0.016196	
0.416599	0.003654	0.026837	0.004708	0.004637	0.064580	0.095377	0.071398	0.111318	0.048226	0.027348	0.021798	0.006496	0.056540	0.040484	
0.426750	0.003792	0.098167	0.001236	0.025129	0.018105	0.052874	0.069889	0.076083	0.058201	0.013179	0.038877	0.039521	0.058760	0.019437	
0.455242	0.004749	0.079879	0.002824	0.021200	0.040374	0.069005	0.065369	0.073097	0.048071	0.015807	0.024289	0.023843	0.052914	0.023336	
0.405609	0.005851	0.049206	0.003218	0.022431	0.022862	0.064542	0.042667	0.102403	0.040955	0.046406	0.050261	0.029806	0.044985	0.068799	
0.301060	0.004874	0.160849	0.001612	0.021987	0.012611	0.038902	0.033435	0.147503	0.017803	0.017142	0.061556	0.050731	0.104618	0.025316	
0.286236	0.003166	0.082843	0.005296	0.005307	0.064644	0.074070	0.020999	0.204552	0.017089	0.023178	0.035486	0.030596	0.112256	0.034283	
0.294075	0.003523	0.110899	0.002017	0.007456	0.022979	0.050006	0.049906	0.179113	0.038279	0.025046	0.047540	0.042628	0.089460	0.037072	
0.213763	0.001349	0.143431	0.002595	0.004733	0.036319	0.046630	0.032562	0.231324	0.026431	0.007479	0.050404	0.054331	0.137681	0.010969	
0.247882	0.005089	0.140568	0.002372	0.010850	0.016666	0.041560	0.023470	0.201964	0.012747	0.032788	0.062096	0.048054	0.105329	0.048566	
0.420767	0.002478	0.098223	0.000823	0.014890	0.024770	0.063090	0.099017	0.072914	0.068252	0.003504	0.033702	0.030395	0.062109	0.005066	
0.440596	0.005417	0.144047	0.001987	0.037804	0.026666	0.034385	0.024836	0.093454	0.034295	0.002804	0.022357	0.052915	0.074427	0.004012	
0.358721	0.004169	0.149906	0.001155	0.025820	0.014923	0.038050	0.045551	0.119337	0.035882	0.007557	0.046088	0.051614	0.090147	0.011080	
0.514791	0.001062	0.046463	0.001530	0.054599	0.017910	0.027083	0.024148	0.068612	0.096120	0.002834	0.015787	0.078827	0.046159	0.004077	
0.560192	0.002382	0.040126	0.001842	0.056654	0.021692	0.031853	0.026000	0.043159	0.093315	0.005883	0.007983	0.070277	0.030039	0.008604	
0.516576	0.001146	0.036378	0.000943	0.036314	0.019286	0.056713	0.084708	0.026070	0.100458	0.005611	0.027108	0.046749	0.033737	0.008203	
0.451319	0.004779	0.023773	0.004092	0.020380	0.045446	0.069393	0.040749	0.111714	0.054912	0.036253	0.018316	0.027827	0.037327	0.053719	
0.238332	0.001406	0.164774	0.000854	0.013944	0.007376	0.088363	0.113380	0.048494	0.016243	0.002875	0.131379	0.021825	0.146653	0.004101	
0.374394	0.006384	0.099178	0.002716	0.021985	0.019088	0.063948	0.048681	0.092509	0.022488	0.036785	0.063174	0.027268	0.066905	0.054496	
0.397479	0.003086	0.045069	0.004971	0.022761	0.058330	0.073831	0.026002	0.130406	0.040694	0.022065	0.029271	0.033963	0.079442	0.032631	
0.408189	0.002767	0.111651	0.000922	0.038610	0.007855	0.035988	0.044730	0.083943	0.058963	0.007505	0.049602	0.061933	0.076335	0.011006	
0.420818	0.001012	0.032403	0.005399	0.018252	0.078604	0.088337	0.045527	0.117857	0.053481	0.004375	0.014192	0.026480	0.086916	0.006349	
