0.457450	0.000987	0.015356	0.000842	0.042548	0.053139	0.027660	0.079878	0.017906	0.150984	0.002788	0.007223	0.009352	0.024230	0.109657	
0.470268	0.007322	0.108696	0.000927	0.017065	0.019275	0.040438	0.091902	0.032218	0.078175	0.004831	0.012957	0.045954	0.040139	0.029833	
0.446102	0.005856	0.092092	0.000666	0.025898	0.030955	0.020856	0.095234	0.031721	0.110687	0.004841	0.011855	0.034464	0.027466	0.061307	
0.487152	0.000703	0.030222	0.008464	0.042761	0.075337	0.149763	0.010996	0.064502	0.010179	0.021996	0.024318	0.013938	0.053579	0.006090	
0.421751	0.004042	0.088973	0.005842	0.031228	0.052937	0.090306	0.042957	0.092833	0.026800	0.019552	0.034462	0.030926	0.051623	0.005767	
0.426929	0.004938	0.084927	0.003899	0.023465	0.037332	0.077405	0.054337	0.091140	0.039152	0.011180	0.037797	0.031055	0.064947	0.011496	
0.441966	0.001118	0.038283	0.006734	0.042434	0.069390	0.105257	0.030010	0.081887	0.041316	0.018901	0.031307	0.016819	0.047772	0.026805	
0.376695	0.003039	0.111129	0.000666	0.007526	0.010819	0.081592	0.032904	0.126024	0.023812	0.017773	0.043013	0.035340	0.121220	0.008448	
0.339987	0.001010	0.108291	0.001025	0.008473	0.014789	0.094577	0.010979	0.156841	0.010086	0.024185	0.051641	0.029122	0.141796	0.007197	
0.243330	0.001080	0.165996	0.001775	0.020810	0.033713	0.039129	0.025059	0.181173	0.035511	0.040436	0.049042	0.038524	0.097397	0.027025	
0.301147	0.001261	0.140278	0.002042	0.022371	0.035144	0.053562	0.029159	0.146724	0.040128	0.034451	0.039571	0.036122	0.089457	0.028582	
0.189698	0.000892	0.194930	0.001896	0.018597	0.032038	0.031967	0.017103	0.217663	0.020178	0.048305	0.058507	0.044526	0.107134	0.016566	
0.418754	0.006775	0.134540	0.000999	0.009072	0.012347	0.058789	0.067664	0.079081	0.042743	0.012050	0.027831	0.044049	0.076560	0.008746	
0.404740	0.007519	0.154981	0.001212	0.010962	0.014734	0.042915	0.076550	0.078841	0.046845	0.015534	0.024989	0.051654	0.060334	0.008191	
0.404841	0.008728	0.153569	0.001213	0.011528	0.013557	0.025906	0.091040	0.080841	0.055265	0.011010	0.029392	0.056103	0.049036	0.007972	
0.538977	0.003216	0.018697	0.000922	0.024828	0.009251	0.025785	0.099234	0.044650	0.071319	0.003235	0.018479	0.101098	0.032355	0.007954	
0.561878	0.003134	0.028012	0.003088	0.026969	0.027334	0.084329	0.069835	0.017554	0.048668	0.007581	0.007289	0.068078	0.040266	0.005986	
0.537081	0.002841	0.017328	0.001039	0.030299	0.020019	0.024491	0.099484	0.025686	0.091511	0.003631	0.010061	0.085966	0.020526	0.030038	
0.485820	0.001292	0.020238	0.003043	0.038696	0.051205	0.067603	0.061419	0.032668	0.093964	0.008343	0.012795	0.025593	0.036571	0.060750	
0.272534	0.002261	0.071612	0.000988	0.012449	0.010836	0.027814	0.042804	0.236418	0.031484	0.009945	0.096665	0.043471	0.133980	0.006739	
0.309802	0.002645	0.101313	0.001097	0.017240	0.017788	0.024738	0.052739	0.178551	0.044788	0.018429	0.064740	0.052798	0.097586	0.015746	
0.258587	0.000915	0.052332	0.003367	0.019001	0.030668	0.065200	0.014970	0.254184	0.013381	0.012096	0.106439	0.016793	0.146127	0.005940	
0.317246	0.005471	0.099082	0.001625	0.011383	0.014532	0.034635	0.058784	0.185928	0.036198	0.006362	0.079135	0.036976	0.107535	0.005110	
0.399144	0.001214	0.040132	0.003470	0.022490	0.036489	0.103532	0.021301	0.133086	0.028143	0.010633	0.055859	0.013768	0.112672	0.018066	
