0.180632	0.387363	0.130151	0.106113	0.021978	0.029190	0.144574	
0.080716	0.416413	0.071260	0.246201	0.047619	0.064168	0.073624	
0.219093	0.509959	0.050824	0.096497	0.029190	0.021978	0.072459	
0.198413	0.043823	0.118703	0.224983	0.034161	0.282954	0.096963	
0.184299	0.097035	0.028639	0.059299	0.052224	0.549865	0.028639	
0.042993	0.208869	0.071429	0.052471	0.140149	0.412661	0.071429	
0.499160	0.016807	0.061513	0.021513	0.023866	0.341513	0.035630	
0.086260	0.117286	0.346403	0.308217	0.045687	0.040914	0.055234	
0.134824	0.046804	0.225288	0.435557	0.034579	0.044359	0.078589	
0.068641	0.041812	0.651568	0.029617	0.102787	0.036934	0.068641	
0.021462	0.030852	0.692824	0.049631	0.051979	0.033199	0.120054	
0.337790	0.020056	0.421534	0.074243	0.022519	0.096411	0.027445	
0.116611	0.191030	0.421262	0.130565	0.035216	0.032890	0.072425	
0.041804	0.152403	0.537196	0.136274	0.057933	0.039500	0.034891	
0.157983	0.313277	0.400336	0.021513	0.037983	0.037983	0.030924	
0.040719	0.026468	0.024092	0.031218	0.026468	0.038344	0.812691	
0.038527	0.067167	0.026594	0.036140	0.055234	0.024207	0.752131	
0.031593	0.132555	0.043613	0.175824	0.139766	0.029190	0.447459	
0.178064	0.021666	0.024035	0.085647	0.054841	0.038253	0.597495	
0.031293	0.121769	0.033673	0.062245	0.143197	0.500340	0.107483	
0.038073	0.030997	0.026280	0.028639	0.799865	0.030997	0.045148	
0.155687	0.017337	0.027046	0.223648	0.024619	0.529473	0.022191	
0.024207	0.367883	0.021821	0.038527	0.239004	0.281964	0.026594	
0.084682	0.031670	0.084682	0.294320	0.031670	0.347332	0.125645	
