0.031293	0.021769	0.017007	0.021769	0.057483	0.826531	0.024150	
0.067327	0.067327	0.031442	0.086466	0.050581	0.081681	0.615174	
0.022031	0.055766	0.017212	0.058176	0.048537	0.072633	0.725645	
0.109864	0.738435	0.050340	0.021769	0.026531	0.019388	0.033673	
0.568410	0.030852	0.042589	0.033199	0.162307	0.026157	0.136486	
0.209365	0.330506	0.088225	0.090601	0.140482	0.026468	0.114354	
0.273277	0.127395	0.223866	0.035630	0.047395	0.023866	0.268571	
0.040719	0.161860	0.268748	0.278249	0.043095	0.033593	0.173736	
0.040816	0.521769	0.047959	0.202721	0.024150	0.138435	0.024150	
0.054007	0.032056	0.375958	0.400348	0.054007	0.051568	0.032056	
0.044831	0.133824	0.384410	0.300100	0.065908	0.042489	0.028438	
0.032134	0.046804	0.472232	0.288858	0.019909	0.078589	0.061474	
0.028174	0.120981	0.049055	0.559496	0.044415	0.162744	0.035134	
0.035547	0.169349	0.051979	0.479209	0.056673	0.028504	0.178739	
0.068091	0.061081	0.135848	0.516689	0.028371	0.068091	0.121829	
0.041408	0.087302	0.055901	0.024500	0.495514	0.026915	0.268461	
0.024323	0.057897	0.024323	0.026721	0.539911	0.029120	0.297705	
0.074504	0.026658	0.052973	0.105605	0.454887	0.043404	0.241969	
0.131293	0.202721	0.043197	0.028912	0.100340	0.364626	0.128912	
0.069223	0.254496	0.330506	0.071598	0.195114	0.031218	0.047845	
0.125043	0.161014	0.381638	0.033916	0.137033	0.031518	0.129839	
0.423705	0.117136	0.046576	0.029545	0.151199	0.027112	0.204727	
0.117709	0.068809	0.257073	0.054139	0.188613	0.019909	0.293748	
0.453356	0.222031	0.055766	0.077453	0.026850	0.062995	0.101549	
