0.484011	0.001121	0.020548	0.000940	0.020523	0.027993	0.061466	0.175276	0.027736	0.127511	0.006475	0.009478	0.009870	0.021100	0.005952	
0.454134	0.004860	0.083924	0.000995	0.026985	0.037364	0.048457	0.100111	0.021049	0.082233	0.007982	0.022024	0.026716	0.067041	0.016124	
0.435131	0.005418	0.059334	0.000647	0.024329	0.040064	0.043189	0.102738	0.047866	0.087945	0.007065	0.016240	0.035360	0.067573	0.027101	
0.560483	0.000859	0.011605	0.013334	0.009306	0.048689	0.194466	0.021476	0.032933	0.010581	0.040442	0.010977	0.006723	0.033677	0.004449	
0.430596	0.001606	0.054502	0.006040	0.016808	0.032376	0.103595	0.036913	0.116560	0.033631	0.024279	0.035167	0.032004	0.057564	0.018360	
0.518964	0.000851	0.036541	0.011476	0.011139	0.043853	0.170100	0.020881	0.057683	0.011199	0.037596	0.020724	0.012018	0.042359	0.004615	
0.388093	0.000828	0.072462	0.005988	0.014505	0.030714	0.095536	0.027316	0.153160	0.024824	0.028678	0.039485	0.039284	0.059750	0.019378	
0.321428	0.012133	0.127400	0.000915	0.009474	0.071890	0.046067	0.011192	0.132848	0.010079	0.014760	0.033184	0.031693	0.152105	0.024832	
0.367331	0.009537	0.100999	0.002502	0.010332	0.064025	0.067542	0.027978	0.112911	0.020993	0.017007	0.029339	0.025483	0.124264	0.019759	
0.269584	0.000813	0.131522	0.000696	0.014413	0.023737	0.026360	0.055797	0.216936	0.041868	0.022906	0.052708	0.049582	0.075570	0.017507	
0.352547	0.007551	0.098304	0.000789	0.012649	0.052492	0.047720	0.059147	0.125328	0.044195	0.013219	0.032303	0.027639	0.107833	0.018283	
0.296579	0.001078	0.185059	0.002049	0.024198	0.021187	0.031373	0.009023	0.169288	0.013117	0.026443	0.063393	0.055105	0.087290	0.014819	
0.386789	0.003284	0.161786	0.000862	0.030687	0.026915	0.031873	0.051902	0.065845	0.046266	0.014772	0.048306	0.037988	0.082655	0.010070	
0.412068	0.003357	0.196718	0.000776	0.039920	0.021631	0.026441	0.033961	0.022519	0.038161	0.013005	0.056666	0.040033	0.087567	0.007177	
0.360642	0.001364	0.205272	0.001063	0.037487	0.014469	0.020543	0.020064	0.081875	0.028309	0.018655	0.064335	0.052293	0.082411	0.011219	
0.476687	0.001289	0.016933	0.000654	0.044949	0.012022	0.017095	0.106188	0.020717	0.124042	0.003133	0.007402	0.085468	0.018128	0.065295	
0.472653	0.001636	0.021421	0.000881	0.045427	0.012925	0.017846	0.094001	0.024254	0.116809	0.003839	0.009174	0.088457	0.023143	0.067535	
0.473392	0.001054	0.033452	0.000931	0.040640	0.014171	0.027063	0.110248	0.023189	0.116301	0.005344	0.012690	0.069383	0.022152	0.049991	
0.455904	0.002584	0.041724	0.002299	0.032490	0.026159	0.046883	0.084845	0.046456	0.089461	0.010880	0.014803	0.059970	0.041679	0.043863	
0.361255	0.002437	0.147943	0.000697	0.032256	0.016980	0.030767	0.025958	0.118159	0.035373	0.012534	0.063463	0.048130	0.085465	0.018583	
0.353227	0.003382	0.129057	0.000983	0.029370	0.025630	0.026621	0.033104	0.119898	0.043307	0.015085	0.046656	0.059337	0.083185	0.031159	
0.322418	0.001009	0.042716	0.003364	0.006543	0.018170	0.099156	0.010265	0.279343	0.008023	0.015369	0.082237	0.017051	0.086848	0.007486	
0.322792	0.001203	0.019588	0.001096	0.007603	0.011875	0.086803	0.036244	0.289812	0.028447	0.004786	0.088846	0.009070	0.086281	0.005553	
0.349938	0.007120	0.047149	0.001080	0.007921	0.042328	0.078167	0.030966	0.201924	0.024683	0.005575	0.060913	0.011112	0.117917	0.013209	
