0.038712	0.695786	0.031518	0.017129	0.084275	0.105858	0.026721	
0.045796	0.380725	0.043404	0.076897	0.206083	0.194122	0.052973	
0.031746	0.512422	0.041408	0.087302	0.220152	0.077640	0.029331	
0.576897	0.019481	0.064935	0.081681	0.038619	0.179768	0.038619	
0.403682	0.067167	0.038527	0.207978	0.198432	0.028981	0.055234	
0.283997	0.072459	0.038805	0.204670	0.211882	0.149382	0.038805	
0.419160	0.117983	0.134454	0.172101	0.037983	0.040336	0.077983	
0.039182	0.022191	0.289182	0.124133	0.128988	0.352288	0.044036	
0.036577	0.043823	0.297447	0.186335	0.036577	0.379572	0.019669	
0.082670	0.104462	0.428917	0.160152	0.106883	0.036666	0.080249	
0.070592	0.086986	0.611576	0.037805	0.044831	0.098695	0.049515	
0.053745	0.051318	0.522191	0.114424	0.204230	0.029473	0.024619	
0.023643	0.063270	0.065601	0.186813	0.408258	0.217116	0.035298	
0.044312	0.041997	0.129960	0.079034	0.541997	0.113757	0.048942	
0.051857	0.086986	0.112747	0.098695	0.567079	0.042489	0.040147	
0.045687	0.045687	0.028981	0.131606	0.019434	0.088646	0.639959	
0.140103	0.031670	0.019621	0.019621	0.116007	0.248537	0.424441	
0.089934	0.266690	0.031823	0.077828	0.041508	0.039087	0.453130	
0.078206	0.241223	0.282586	0.022245	0.041710	0.158498	0.175530	
0.041110	0.029120	0.043508	0.503940	0.110654	0.077081	0.194587	
0.021666	0.040623	0.296547	0.232566	0.144888	0.066689	0.197021	
0.125645	0.029260	0.082272	0.438898	0.036489	0.135284	0.152151	
0.168208	0.050702	0.053100	0.333676	0.261733	0.031518	0.101062	
0.225840	0.042017	0.137605	0.174370	0.042017	0.274860	0.103291	
