0.495910	0.000837	0.019724	0.001068	0.008332	0.033416	0.046118	0.075006	0.104065	0.079454	0.005687	0.056538	0.044098	0.021596	0.008152	
0.419896	0.003707	0.085810	0.002216	0.018471	0.019063	0.054929	0.080995	0.093864	0.070325	0.013857	0.051332	0.034396	0.043417	0.007723	
0.361529	0.008666	0.199121	0.000943	0.034125	0.008897	0.030052	0.084024	0.058491	0.072467	0.004843	0.033411	0.024958	0.074366	0.004106	
0.581616	0.000815	0.015770	0.011466	0.009776	0.079585	0.144853	0.009520	0.021973	0.008959	0.078607	0.008859	0.010244	0.013532	0.004425	
0.367325	0.004998	0.117693	0.002448	0.031323	0.030391	0.070562	0.037927	0.104447	0.037865	0.015232	0.054449	0.053736	0.060512	0.011092	
0.345125	0.005161	0.117998	0.003837	0.037013	0.035513	0.098590	0.014803	0.110625	0.015089	0.024907	0.065744	0.066744	0.052158	0.006693	
0.433986	0.002023	0.042694	0.001673	0.057440	0.037635	0.109042	0.009288	0.078218	0.013637	0.009544	0.051335	0.124208	0.024031	0.005243	
0.366543	0.002582	0.073648	0.000853	0.015018	0.017315	0.037916	0.078220	0.139489	0.070022	0.004291	0.050860	0.034525	0.080050	0.028667	
0.386755	0.002222	0.068246	0.004268	0.015616	0.037418	0.070466	0.046615	0.121253	0.040412	0.028187	0.032032	0.024873	0.088005	0.033634	
0.233287	0.001528	0.080650	0.001773	0.015522	0.035902	0.041943	0.022807	0.217730	0.024240	0.010576	0.033373	0.028767	0.175429	0.076472	
0.238628	0.002468	0.108108	0.000720	0.016201	0.033726	0.015401	0.035130	0.200402	0.037228	0.003199	0.010370	0.014530	0.199656	0.084232	
0.255234	0.003364	0.105352	0.002891	0.019780	0.031658	0.062194	0.026161	0.185699	0.023506	0.018437	0.051212	0.033528	0.131425	0.049560	
0.402062	0.006356	0.150580	0.001632	0.025712	0.029679	0.037756	0.059163	0.073855	0.061044	0.009543	0.031828	0.026658	0.072465	0.011666	
0.299765	0.010930	0.258092	0.001705	0.042336	0.023798	0.034824	0.041460	0.064277	0.041534	0.009953	0.023467	0.022299	0.112115	0.013445	
0.435177	0.003248	0.074751	0.001039	0.016562	0.031447	0.047681	0.060436	0.107384	0.066280	0.005393	0.061065	0.045969	0.036991	0.006577	
0.564808	0.000969	0.017935	0.000973	0.035261	0.023128	0.059047	0.091594	0.020602	0.081196	0.005037	0.014287	0.070819	0.011383	0.002961	
0.528730	0.001238	0.025391	0.001394	0.026337	0.025479	0.058786	0.084936	0.051147	0.077641	0.008004	0.030941	0.059858	0.016013	0.004105	
0.579867	0.001476	0.031761	0.001204	0.019004	0.020862	0.035040	0.116710	0.018606	0.104029	0.006819	0.007996	0.033368	0.018820	0.004437	
0.443094	0.001472	0.050144	0.002511	0.010091	0.029263	0.042044	0.080778	0.102583	0.072358	0.015961	0.021690	0.017427	0.078611	0.031973	
0.318867	0.004779	0.126641	0.002807	0.023520	0.027690	0.056488	0.045392	0.130626	0.039925	0.017875	0.040793	0.028892	0.103931	0.031774	
0.309205	0.003502	0.105669	0.002871	0.022699	0.034872	0.057915	0.031990	0.148892	0.030388	0.018276	0.033815	0.031881	0.122878	0.045147	
0.375250	0.001796	0.041913	0.003497	0.021270	0.032163	0.097124	0.034395	0.145758	0.031667	0.022682	0.083461	0.066387	0.032793	0.009844	
0.383608	0.002581	0.059497	0.000656	0.018908	0.017540	0.057285	0.068543	0.139654	0.064722	0.002813	0.081475	0.060149	0.034700	0.007869	
0.415175	0.004578	0.114946	0.006445	0.027224	0.053776	0.093877	0.015192	0.068198	0.015565	0.043273	0.015011	0.024729	0.080324	0.021687	
