0.036401	0.430632	0.019574	0.060440	0.130151	0.041209	0.281593	
0.059160	0.536807	0.037983	0.228571	0.054454	0.042689	0.040336	
0.050824	0.658997	0.058036	0.058036	0.055632	0.065247	0.053228	
0.391230	0.067489	0.081877	0.194587	0.105858	0.026721	0.132237	
0.696092	0.073450	0.054582	0.030997	0.040431	0.068733	0.035714	
0.345666	0.134635	0.053100	0.134635	0.093868	0.196985	0.041110	
0.513277	0.026218	0.030924	0.033277	0.127395	0.028571	0.240336	
0.200344	0.048537	0.036489	0.275043	0.270224	0.120826	0.048537	
0.051070	0.036577	0.043823	0.449620	0.227398	0.034161	0.157350	
0.029473	0.031900	0.053745	0.031900	0.568308	0.170250	0.114424	
0.028438	0.033121	0.042489	0.185346	0.492138	0.068250	0.150217	
0.279078	0.034579	0.022354	0.081034	0.371987	0.044359	0.166608	
0.041900	0.212801	0.069614	0.074233	0.492247	0.044210	0.064995	
0.027979	0.133970	0.039500	0.184661	0.481896	0.108624	0.023371	
0.075630	0.360336	0.033277	0.021513	0.383866	0.077983	0.047395	
0.031218	0.026468	0.836444	0.045470	0.019342	0.019342	0.021717	
0.028981	0.069553	0.759291	0.031367	0.017047	0.057620	0.036140	
0.029190	0.120536	0.512363	0.178228	0.026786	0.024382	0.108516	
0.042993	0.031144	0.092756	0.078538	0.031144	0.028775	0.694651	
0.487275	0.176111	0.081099	0.062097	0.026468	0.085850	0.081099	
0.026280	0.026280	0.243261	0.040431	0.021563	0.597035	0.045148	
0.456446	0.029617	0.022300	0.424739	0.019861	0.022300	0.024739	
0.415804	0.111456	0.024500	0.067978	0.096963	0.244306	0.038992	
0.337631	0.033593	0.111978	0.278249	0.047845	0.031218	0.159484	
