0.054711	0.026342	0.038163	0.023978	0.026342	0.028707	0.801756	
0.036054	0.205102	0.150340	0.026531	0.057483	0.055102	0.469388	
0.026594	0.124446	0.031367	0.060007	0.026594	0.048074	0.682919	
0.550340	0.324150	0.017007	0.033673	0.028912	0.021769	0.024150	
0.240988	0.028371	0.023698	0.255007	0.054072	0.332109	0.065754	
0.526157	0.033199	0.026157	0.070758	0.129443	0.185781	0.028504	
0.269841	0.049983	0.175279	0.031071	0.130361	0.321851	0.021614	
0.047619	0.409321	0.080716	0.295846	0.047619	0.054711	0.064168	
0.125343	0.452266	0.026786	0.291209	0.029190	0.055632	0.019574	
0.100104	0.034411	0.382343	0.377477	0.041710	0.029545	0.034411	
0.023698	0.103138	0.572764	0.198932	0.042390	0.021362	0.037717	
0.269764	0.027046	0.024619	0.570735	0.044036	0.034327	0.029473	
0.041900	0.120422	0.131970	0.443748	0.090399	0.034972	0.136589	
0.030565	0.107309	0.039867	0.604983	0.111960	0.032890	0.072425	
0.026157	0.049631	0.028504	0.631791	0.129443	0.082495	0.051979	
0.024323	0.072285	0.026721	0.048304	0.765331	0.036314	0.026721	
0.031367	0.088646	0.017047	0.033754	0.766451	0.038527	0.024207	
0.036227	0.029050	0.182160	0.033835	0.596036	0.088859	0.033835	
0.303656	0.123561	0.457684	0.021666	0.050102	0.019296	0.024035	
0.033435	0.213104	0.170550	0.198919	0.243837	0.094900	0.045255	
0.144227	0.031518	0.532717	0.026721	0.144227	0.074683	0.045906	
0.113597	0.038898	0.022031	0.031670	0.024441	0.749742	0.019621	
0.028981	0.031367	0.091033	0.028981	0.196045	0.518241	0.105353	
0.024207	0.236618	0.179339	0.026594	0.114899	0.394136	0.024207	
