0.404566	0.001142	0.021764	0.000689	0.034758	0.037842	0.025721	0.217574	0.022239	0.190812	0.004003	0.008078	0.010034	0.015340	0.005440	
0.419528	0.003405	0.067967	0.003575	0.023066	0.050928	0.076711	0.092393	0.058262	0.080260	0.018884	0.029391	0.027754	0.042404	0.005472	
0.426274	0.003320	0.066128	0.002072	0.028348	0.032288	0.063341	0.082939	0.090265	0.072167	0.014551	0.047580	0.024589	0.039865	0.006275	
0.496188	0.000927	0.020976	0.009808	0.005857	0.112892	0.186496	0.016055	0.062027	0.016227	0.029067	0.006702	0.011697	0.018087	0.006995	
0.461438	0.005497	0.100232	0.004483	0.018115	0.050902	0.087950	0.027013	0.056647	0.033235	0.028927	0.030520	0.051271	0.038778	0.004992	
0.377732	0.001731	0.062847	0.006452	0.013261	0.074009	0.124486	0.036098	0.095622	0.017537	0.019308	0.038859	0.025867	0.093779	0.012412	
0.487391	0.000942	0.027476	0.001484	0.032845	0.015214	0.086892	0.010389	0.184981	0.011403	0.005697	0.082605	0.011935	0.027983	0.012764	
0.275460	0.002286	0.108145	0.000633	0.024772	0.005909	0.038149	0.033412	0.199018	0.014635	0.004744	0.073641	0.025743	0.149850	0.043603	
0.317150	0.001202	0.084695	0.004604	0.010732	0.054991	0.092181	0.035295	0.157733	0.029879	0.014899	0.017761	0.010788	0.111925	0.056166	
0.232573	0.004573	0.168157	0.001042	0.012515	0.011785	0.020067	0.024690	0.190121	0.029209	0.016747	0.020682	0.030412	0.155114	0.082313	
0.231471	0.000757	0.112200	0.003048	0.008696	0.036130	0.060922	0.028714	0.213156	0.025644	0.009309	0.013052	0.007839	0.160214	0.088849	
0.368853	0.007335	0.161310	0.000976	0.020550	0.009505	0.032954	0.012998	0.133267	0.025538	0.026469	0.042032	0.043317	0.076167	0.038728	
0.430004	0.010908	0.184093	0.000746	0.024613	0.011070	0.022469	0.040589	0.049992	0.054621	0.038146	0.040260	0.059088	0.026220	0.007179	
0.363467	0.009545	0.185950	0.001771	0.019422	0.019777	0.032312	0.030275	0.071251	0.034521	0.034648	0.041427	0.059717	0.078326	0.017590	
0.364063	0.010238	0.190971	0.000964	0.023403	0.011637	0.019344	0.042796	0.058920	0.042130	0.034027	0.051902	0.065090	0.077211	0.007305	
0.600113	0.001377	0.023987	0.001083	0.032854	0.011384	0.020458	0.050889	0.024517	0.082062	0.005727	0.011886	0.115651	0.014860	0.003154	
0.537078	0.001281	0.032422	0.001891	0.030072	0.021143	0.036141	0.054381	0.040631	0.069965	0.006362	0.023300	0.098802	0.043393	0.003139	
0.537039	0.000958	0.017509	0.001504	0.032271	0.025419	0.035863	0.096578	0.034059	0.107583	0.005579	0.013940	0.073731	0.014052	0.003914	
0.363674	0.002551	0.093429	0.002105	0.019408	0.028024	0.044437	0.055602	0.123700	0.059102	0.012700	0.018260	0.039686	0.091260	0.046063	
0.203177	0.003709	0.131195	0.000722	0.028383	0.008804	0.013701	0.084970	0.114295	0.032389	0.004036	0.094263	0.063353	0.211140	0.005864	
0.284301	0.005524	0.149318	0.001045	0.022713	0.011575	0.021206	0.050088	0.116850	0.033098	0.016051	0.058637	0.057381	0.145626	0.026586	
0.489612	0.001052	0.030408	0.003247	0.026244	0.035708	0.101202	0.013469	0.147453	0.017062	0.010986	0.058866	0.021095	0.030099	0.013496	
0.403442	0.001784	0.055023	0.000743	0.033796	0.009895	0.057986	0.047750	0.159548	0.030502	0.003923	0.087109	0.024197	0.076007	0.008294	
0.452313	0.000859	0.042929	0.005757	0.014098	0.066243	0.113064	0.027729	0.097474	0.033431	0.017233	0.013599	0.034221	0.054502	0.026548	
