0.049983	0.023978	0.023978	0.047619	0.023978	0.038163	0.792300	
0.026594	0.021821	0.227071	0.181725	0.033754	0.031367	0.477668	
0.024207	0.196045	0.102966	0.038527	0.062393	0.079100	0.496761	
0.324983	0.024035	0.542993	0.026405	0.028775	0.028775	0.024035	
0.522689	0.141513	0.019160	0.045042	0.033277	0.054454	0.183866	
0.396073	0.026405	0.050102	0.310765	0.159106	0.031144	0.026405	
0.414454	0.103866	0.040336	0.026218	0.115630	0.193277	0.106218	
0.035799	0.031071	0.085444	0.298210	0.087808	0.409321	0.052347	
0.055102	0.028912	0.193197	0.024150	0.028912	0.621769	0.047959	
0.039182	0.024619	0.167822	0.116852	0.056172	0.561026	0.034327	
0.028371	0.026035	0.233979	0.023698	0.021362	0.633511	0.033044	
0.044359	0.540692	0.188613	0.039469	0.041914	0.098149	0.046804	
0.027915	0.027915	0.048604	0.464696	0.032512	0.347455	0.050903	
0.056146	0.028239	0.067774	0.353821	0.035216	0.377076	0.081728	
0.028108	0.386905	0.025794	0.477183	0.037368	0.021164	0.023479	
0.024207	0.107740	0.062393	0.021821	0.675759	0.079100	0.028981	
0.033754	0.169792	0.076713	0.036140	0.642346	0.019434	0.021821	
0.183673	0.026531	0.114626	0.026531	0.405102	0.045578	0.197959	
0.033835	0.131921	0.421394	0.026658	0.026658	0.079289	0.280246	
0.031293	0.188435	0.081293	0.024150	0.393197	0.195578	0.086054	
0.026594	0.129219	0.196045	0.028981	0.272417	0.312990	0.033754	
0.816327	0.031823	0.065721	0.019716	0.024559	0.022138	0.019716	
0.680632	0.108516	0.021978	0.036401	0.046016	0.038805	0.067651	
0.403682	0.088646	0.286737	0.036140	0.024207	0.136379	0.024207	
