0.439720	0.001087	0.013059	0.000741	0.033642	0.043584	0.065269	0.079113	0.026370	0.130229	0.003066	0.009203	0.008419	0.031683	0.114815	
0.479844	0.010764	0.087588	0.001076	0.021756	0.014632	0.037749	0.107015	0.021390	0.078175	0.004719	0.015577	0.048064	0.062128	0.009523	
0.524964	0.013547	0.028102	0.001115	0.024466	0.013000	0.021970	0.125068	0.045564	0.088907	0.006459	0.014579	0.055547	0.025501	0.011212	
0.580547	0.000629	0.027112	0.012548	0.004899	0.087375	0.126243	0.008128	0.022506	0.008585	0.059924	0.009695	0.025583	0.021275	0.004950	
0.423724	0.002764	0.084861	0.005382	0.021293	0.042621	0.086853	0.028559	0.099780	0.023504	0.026291	0.050000	0.028507	0.068137	0.007724	
0.479015	0.002914	0.049293	0.007147	0.019954	0.051094	0.092674	0.028428	0.089754	0.021969	0.034229	0.044908	0.030493	0.042985	0.005144	
0.416295	0.000806	0.053271	0.005222	0.024165	0.043075	0.078135	0.023764	0.145329	0.023180	0.028422	0.057224	0.037291	0.052646	0.011176	
0.283674	0.003636	0.174526	0.001234	0.012878	0.032017	0.056781	0.036204	0.136680	0.029910	0.014598	0.032818	0.033175	0.133866	0.018003	
0.221265	0.000763	0.306064	0.001265	0.007579	0.031622	0.094202	0.011356	0.043036	0.012730	0.007714	0.031720	0.011345	0.209666	0.009671	
0.246846	0.001001	0.085604	0.001872	0.009911	0.051905	0.034423	0.018862	0.277775	0.027763	0.030804	0.029090	0.044240	0.094957	0.044948	
0.225320	0.001061	0.100386	0.000894	0.012876	0.044820	0.032657	0.020470	0.278736	0.029376	0.025027	0.036461	0.042661	0.104729	0.044526	
0.304405	0.000747	0.121814	0.003793	0.009631	0.052991	0.066152	0.013693	0.180571	0.018924	0.030883	0.030109	0.033361	0.105329	0.027596	
0.399985	0.006682	0.080245	0.000998	0.026315	0.020940	0.046221	0.073426	0.102839	0.063614	0.007507	0.039345	0.038170	0.068600	0.025114	
0.383250	0.007297	0.168743	0.001697	0.014307	0.024374	0.060538	0.067052	0.037750	0.047247	0.009388	0.020714	0.034233	0.117248	0.006160	
0.457134	0.010008	0.064812	0.001972	0.018793	0.024541	0.035462	0.091549	0.082769	0.064977	0.014038	0.018298	0.049569	0.054091	0.011987	
0.553085	0.001100	0.016200	0.000635	0.032465	0.006444	0.018980	0.113681	0.022675	0.098830	0.002881	0.020256	0.091601	0.014379	0.006788	
0.500955	0.002654	0.027085	0.000728	0.035024	0.006100	0.028471	0.096370	0.069660	0.080408	0.003199	0.042426	0.075873	0.026113	0.004935	
0.541012	0.000872	0.019605	0.001136	0.031268	0.014337	0.029888	0.105067	0.017846	0.099402	0.004996	0.017482	0.078736	0.018437	0.019915	
0.460675	0.000756	0.025414	0.002792	0.027038	0.049163	0.072489	0.065881	0.030784	0.102636	0.013766	0.009556	0.018180	0.035258	0.085613	
0.321872	0.001031	0.111295	0.001436	0.034119	0.016770	0.068097	0.027543	0.165307	0.025561	0.007775	0.085217	0.033451	0.092526	0.008000	
0.318085	0.002573	0.115937	0.001984	0.016105	0.034978	0.049129	0.036290	0.174445	0.030772	0.020223	0.038385	0.044036	0.098983	0.018075	
0.284703	0.001083	0.115646	0.001044	0.035034	0.015756	0.066326	0.019482	0.202011	0.017997	0.007590	0.094670	0.030701	0.099407	0.008549	
0.339932	0.004772	0.064536	0.000640	0.037979	0.010920	0.049654	0.046769	0.199441	0.036741	0.005629	0.088681	0.036803	0.065750	0.011753	
0.336329	0.000806	0.102219	0.001477	0.033415	0.022541	0.071280	0.032614	0.138943	0.040587	0.007467	0.072704	0.026855	0.086895	0.025868	
