0.449056	0.007614	0.030616	0.000662	0.046331	0.021491	0.016766	0.141427	0.035127	0.160268	0.005046	0.015358	0.027598	0.029210	0.013431	
0.462237	0.006718	0.051270	0.000914	0.043856	0.026155	0.024587	0.125832	0.037542	0.140459	0.006256	0.022011	0.031827	0.016406	0.003929	
0.476749	0.005985	0.061191	0.000892	0.043824	0.027047	0.026334	0.121066	0.028304	0.135022	0.005911	0.020606	0.036345	0.008432	0.002293	
0.467753	0.002258	0.036376	0.009262	0.009189	0.100749	0.155165	0.014227	0.062435	0.011044	0.061566	0.023483	0.008769	0.034965	0.002759	
0.388188	0.003771	0.066608	0.005273	0.011091	0.057863	0.103235	0.025145	0.137017	0.015514	0.034326	0.050153	0.015901	0.074570	0.011344	
0.370696	0.002904	0.103505	0.004820	0.015030	0.056870	0.092563	0.022488	0.110488	0.019048	0.031238	0.040536	0.027925	0.080308	0.021580	
0.536454	0.001300	0.025717	0.005624	0.008427	0.061111	0.130505	0.029306	0.087274	0.014727	0.036569	0.034798	0.009537	0.015617	0.003031	
0.337683	0.001175	0.124486	0.000876	0.012823	0.009805	0.056153	0.025929	0.136727	0.019718	0.004571	0.035532	0.035513	0.131375	0.067634	
0.296203	0.001135	0.137613	0.002142	0.012899	0.023079	0.063187	0.016868	0.124283	0.016573	0.013314	0.027156	0.038149	0.150635	0.076764	
0.357573	0.001179	0.128345	0.002547	0.014785	0.031206	0.071775	0.021839	0.107668	0.019227	0.015845	0.030988	0.036756	0.107528	0.052740	
0.312884	0.001698	0.125573	0.002306	0.010320	0.024677	0.070176	0.014967	0.144929	0.008990	0.014230	0.039330	0.030886	0.136965	0.062069	
0.355856	0.001971	0.123003	0.002936	0.014917	0.036110	0.074480	0.022996	0.116769	0.019229	0.018452	0.037761	0.033423	0.100378	0.041720	
0.365669	0.003344	0.141073	0.000650	0.031228	0.021009	0.031418	0.064649	0.073176	0.073350	0.003506	0.027840	0.045805	0.078880	0.038404	
0.370136	0.000972	0.221979	0.000682	0.030415	0.029951	0.035697	0.030991	0.055175	0.037391	0.002700	0.034246	0.064984	0.057791	0.026891	
0.436945	0.001374	0.196540	0.000885	0.032000	0.034158	0.042847	0.042030	0.045828	0.044956	0.003980	0.039016	0.060118	0.015997	0.003328	
0.555785	0.000819	0.016545	0.000563	0.042461	0.004625	0.011656	0.108387	0.023706	0.104347	0.002152	0.009057	0.102854	0.012913	0.004128	
0.550535	0.001094	0.016393	0.000708	0.041858	0.006416	0.013813	0.107402	0.028164	0.103255	0.003158	0.011129	0.099671	0.013629	0.002776	
0.500048	0.002093	0.030173	0.003648	0.030708	0.039902	0.060812	0.075117	0.047229	0.072692	0.023335	0.018241	0.064594	0.027802	0.003605	
0.387218	0.001762	0.091288	0.000705	0.026705	0.008296	0.031371	0.062330	0.091767	0.061753	0.003559	0.022886	0.061558	0.099634	0.049168	
0.222172	0.008011	0.094669	0.001208	0.015986	0.011945	0.029305	0.043117	0.264140	0.025650	0.006543	0.097174	0.029535	0.142870	0.007676	
0.304674	0.004649	0.092593	0.003128	0.011599	0.032975	0.069741	0.025828	0.188763	0.013543	0.019665	0.065032	0.024607	0.118835	0.024367	
0.261856	0.007030	0.087639	0.003361	0.011505	0.035984	0.064934	0.028392	0.233030	0.012686	0.021189	0.086747	0.017602	0.123035	0.005011	
0.346594	0.005530	0.084074	0.000613	0.013436	0.008454	0.047703	0.043116	0.221903	0.021574	0.002318	0.086207	0.022252	0.091468	0.004758	
0.399679	0.003848	0.056792	0.005396	0.009983	0.058073	0.106136	0.024614	0.145195	0.011903	0.035038	0.054458	0.015214	0.068714	0.004957	
