0.023978	0.038163	0.028707	0.026342	0.040527	0.023978	0.818305	
0.036054	0.564626	0.024150	0.155102	0.055102	0.107483	0.057483	
0.038805	0.639766	0.026786	0.084478	0.036401	0.125343	0.048420	
0.362898	0.031144	0.054841	0.033514	0.038253	0.450575	0.028775	
0.453387	0.117706	0.047284	0.260899	0.056673	0.035547	0.028504	
0.408786	0.178739	0.040241	0.115359	0.026157	0.206908	0.023810	
0.541513	0.028571	0.030924	0.028571	0.037983	0.042689	0.289748	
0.028843	0.416016	0.337631	0.059722	0.026468	0.050221	0.081099	
0.076897	0.038619	0.660629	0.045796	0.024265	0.064935	0.088859	
0.162574	0.046351	0.322380	0.194051	0.024559	0.220685	0.029402	
0.103622	0.042589	0.526157	0.026157	0.040241	0.225687	0.035547	
0.173097	0.024678	0.049009	0.649983	0.029545	0.031978	0.041710	
0.025974	0.077256	0.217116	0.452547	0.030636	0.128538	0.067932	
0.060797	0.079402	0.184053	0.344518	0.065449	0.244518	0.021262	
0.032738	0.125331	0.028108	0.639220	0.032738	0.116071	0.025794	
0.043095	0.043095	0.031218	0.028843	0.781812	0.050221	0.021717	
0.029190	0.228709	0.017170	0.024382	0.603709	0.043613	0.053228	
0.021769	0.038435	0.026531	0.028912	0.624150	0.226531	0.033673	
0.028912	0.040816	0.328912	0.019388	0.297959	0.214626	0.069388	
0.301513	0.030924	0.061513	0.275630	0.254454	0.047395	0.028571	
0.181725	0.067167	0.222298	0.234231	0.207978	0.043300	0.043300	
0.806098	0.029120	0.029120	0.029120	0.019527	0.065091	0.021925	
0.334486	0.155310	0.041508	0.031823	0.266690	0.133518	0.036666	
0.310603	0.033754	0.067167	0.031367	0.043300	0.489601	0.024207	
