0.421805	0.000862	0.024669	0.001027	0.043342	0.044986	0.022860	0.192869	0.033401	0.153941	0.006385	0.007879	0.012672	0.024017	0.009286	
0.536075	0.007100	0.070327	0.001775	0.026182	0.027577	0.032063	0.093792	0.037730	0.075630	0.009067	0.024281	0.026603	0.028316	0.003482	
0.480643	0.003552	0.027907	0.000774	0.039348	0.036495	0.014419	0.174345	0.023727	0.139434	0.006085	0.011655	0.018547	0.018225	0.004847	
0.494713	0.005883	0.043474	0.007857	0.014007	0.059842	0.153330	0.017845	0.108315	0.013725	0.023397	0.014591	0.014173	0.023556	0.005292	
0.345388	0.003059	0.069383	0.005849	0.027037	0.047532	0.113151	0.035744	0.140973	0.027671	0.033738	0.065852	0.030105	0.050326	0.004193	
0.418761	0.003214	0.094991	0.005674	0.018023	0.047324	0.114918	0.020942	0.109251	0.021268	0.020641	0.032447	0.027861	0.052423	0.012263	
0.338676	0.001393	0.055671	0.008695	0.022237	0.065472	0.169539	0.015643	0.156142	0.013555	0.036382	0.048651	0.023542	0.040196	0.004206	
0.348298	0.004431	0.090332	0.000643	0.019158	0.030034	0.042821	0.044887	0.146126	0.034981	0.010368	0.032483	0.020155	0.123410	0.051871	
0.337568	0.003620	0.087461	0.001034	0.016745	0.037553	0.056812	0.043856	0.153859	0.033254	0.007220	0.017352	0.010658	0.132092	0.060915	
0.270358	0.001069	0.124096	0.000870	0.017285	0.033272	0.054962	0.025173	0.168389	0.024349	0.009674	0.033388	0.024882	0.149213	0.063019	
0.294574	0.002864	0.103561	0.000704	0.012956	0.034321	0.058368	0.018456	0.180456	0.016161	0.007269	0.021882	0.017141	0.158434	0.072853	
0.184746	0.000867	0.130956	0.001069	0.023053	0.030870	0.055051	0.014332	0.206801	0.010421	0.022749	0.073127	0.028364	0.159946	0.057646	
0.433607	0.002240	0.169421	0.000722	0.024994	0.017044	0.016034	0.057683	0.043767	0.058207	0.006395	0.043805	0.048758	0.066270	0.011052	
0.465345	0.003480	0.213073	0.000767	0.019081	0.008385	0.013629	0.017726	0.035866	0.028770	0.005866	0.052806	0.057563	0.070332	0.007311	
0.397598	0.001236	0.204261	0.001465	0.024140	0.014386	0.026201	0.026941	0.055525	0.036475	0.012253	0.064360	0.059646	0.070532	0.004982	
0.555884	0.002718	0.015513	0.000988	0.023579	0.007975	0.017912	0.100801	0.021252	0.121902	0.004357	0.008794	0.104467	0.011164	0.002694	
0.604048	0.006367	0.028181	0.000872	0.019858	0.007538	0.015320	0.084862	0.019548	0.097500	0.003550	0.009723	0.084250	0.014899	0.003486	
0.523343	0.000950	0.017520	0.001216	0.025482	0.010981	0.023001	0.106482	0.025188	0.128784	0.005085	0.009130	0.106998	0.012619	0.003222	
0.425782	0.003116	0.057513	0.000928	0.018092	0.025428	0.041863	0.063793	0.102804	0.068023	0.004657	0.009715	0.049675	0.087615	0.040995	
0.252353	0.004036	0.128220	0.000838	0.036624	0.007580	0.014264	0.033822	0.157478	0.027813	0.039493	0.135159	0.063393	0.093941	0.004985	
0.340368	0.004357	0.095803	0.000976	0.023023	0.022229	0.037891	0.038271	0.142990	0.033953	0.018659	0.059602	0.039924	0.106904	0.035051	
0.358914	0.002181	0.079023	0.006225	0.020502	0.051934	0.127885	0.020260	0.140053	0.019467	0.027074	0.043337	0.027935	0.060296	0.014912	
0.547921	0.011735	0.069718	0.002635	0.018221	0.020543	0.048423	0.029127	0.085417	0.017429	0.020274	0.052997	0.028726	0.043012	0.003819	
0.427440	0.004721	0.055016	0.005118	0.015555	0.050233	0.114478	0.030031	0.128478	0.024711	0.017556	0.016599	0.016758	0.066033	0.027274	
