0.050702	0.081877	0.729359	0.024323	0.033916	0.019527	0.060295	
0.104357	0.028707	0.312394	0.057075	0.189463	0.248565	0.059439	
0.031593	0.041209	0.632555	0.036401	0.053228	0.118132	0.086882	
0.550340	0.045578	0.033673	0.028912	0.109864	0.205102	0.026531	
0.404091	0.035547	0.094232	0.277331	0.035547	0.101274	0.051979	
0.391334	0.109343	0.050102	0.080907	0.225457	0.106974	0.035884	
0.612631	0.035799	0.028707	0.196555	0.042891	0.040527	0.042891	
0.026531	0.471769	0.126531	0.136054	0.026531	0.152721	0.059864	
0.055766	0.554561	0.144923	0.067814	0.029260	0.123236	0.024441	
0.044468	0.573880	0.064076	0.117997	0.113095	0.029762	0.056723	
0.033044	0.663885	0.028371	0.089119	0.026035	0.096128	0.063418	
0.058885	0.524739	0.029617	0.317422	0.022300	0.022300	0.024739	
0.028239	0.098007	0.193355	0.067774	0.493355	0.070100	0.049169	
0.030852	0.063716	0.042589	0.066063	0.657612	0.115359	0.023810	
0.082302	0.042489	0.077618	0.133824	0.590498	0.033121	0.040147	
0.050824	0.021978	0.031593	0.031593	0.021978	0.089286	0.752747	
0.041012	0.029050	0.036227	0.024265	0.067327	0.222830	0.579289	
0.067814	0.026850	0.053356	0.031670	0.026850	0.024441	0.769019	
0.047732	0.372376	0.078538	0.035884	0.021666	0.104604	0.339201	
0.037983	0.042689	0.030924	0.593277	0.021513	0.136807	0.136807	
0.050102	0.317874	0.057211	0.256263	0.026405	0.149628	0.142519	
0.432451	0.133686	0.037390	0.158377	0.108995	0.069489	0.059612	
0.167416	0.031823	0.036666	0.211000	0.082670	0.419232	0.051193	
0.352016	0.246753	0.067327	0.055366	0.050581	0.163021	0.064935	
