0.477375	0.000877	0.032823	0.001012	0.032871	0.017426	0.022923	0.173881	0.021309	0.142028	0.017093	0.006751	0.007930	0.032626	0.013075	
0.471886	0.003081	0.049615	0.001167	0.033823	0.016260	0.019736	0.137314	0.044709	0.117323	0.014187	0.027206	0.029740	0.028011	0.005942	
0.482438	0.003179	0.062341	0.001580	0.032799	0.021677	0.026497	0.129922	0.036610	0.112693	0.016460	0.021117	0.031454	0.015866	0.005367	
0.463348	0.001577	0.055736	0.010114	0.007060	0.075465	0.178890	0.019028	0.059817	0.010822	0.061764	0.019004	0.010871	0.022479	0.004023	
0.394571	0.003763	0.073426	0.006640	0.013705	0.050655	0.124319	0.022794	0.106757	0.013256	0.040147	0.049512	0.021710	0.066573	0.012172	
0.372916	0.003300	0.112434	0.004393	0.014707	0.038371	0.102555	0.026327	0.086652	0.022127	0.026432	0.035790	0.026538	0.094991	0.032467	
0.435127	0.001048	0.040734	0.006402	0.014714	0.076016	0.112598	0.027674	0.152159	0.025316	0.038608	0.022159	0.028424	0.014742	0.004280	
0.308745	0.002261	0.142729	0.000760	0.016235	0.031576	0.059778	0.024430	0.134025	0.025408	0.003899	0.027019	0.031713	0.134416	0.057008	
0.261499	0.001289	0.186987	0.001195	0.007690	0.016118	0.097496	0.014997	0.064246	0.013292	0.006549	0.015346	0.012867	0.210826	0.089603	
0.304253	0.001612	0.106274	0.000843	0.017141	0.049050	0.049930	0.020096	0.208123	0.020451	0.004092	0.032303	0.033277	0.107895	0.044661	
0.289800	0.000917	0.072613	0.000721	0.017807	0.072130	0.036182	0.011807	0.303611	0.011402	0.003143	0.037119	0.034161	0.076376	0.032211	
0.333322	0.003547	0.116950	0.001814	0.018810	0.037560	0.059696	0.023477	0.154759	0.022664	0.010118	0.043323	0.036939	0.100845	0.036176	
0.395092	0.005106	0.141648	0.000677	0.026482	0.011725	0.036281	0.058355	0.056034	0.059010	0.004928	0.037221	0.048856	0.085637	0.032948	
0.402830	0.007060	0.160234	0.000637	0.028627	0.007671	0.029725	0.041697	0.054237	0.049077	0.002891	0.049976	0.063891	0.075148	0.026300	
0.456868	0.007110	0.128262	0.000837	0.033685	0.021801	0.012227	0.049662	0.084001	0.060904	0.004118	0.047893	0.077039	0.012230	0.003363	
0.566486	0.000805	0.011981	0.000614	0.037753	0.009764	0.008327	0.112610	0.017792	0.129864	0.002722	0.006860	0.082964	0.008999	0.002459	
0.512091	0.002254	0.026997	0.000958	0.035049	0.012400	0.015790	0.095020	0.055439	0.105661	0.004921	0.027019	0.073561	0.028830	0.004011	
0.554795	0.000829	0.017584	0.000957	0.035956	0.013112	0.016066	0.107756	0.022536	0.123052	0.005042	0.007230	0.077878	0.012891	0.004317	
0.386385	0.000736	0.112248	0.000705	0.020286	0.013965	0.057417	0.057840	0.048937	0.064077	0.003571	0.009128	0.041555	0.128172	0.054980	
0.297702	0.009028	0.076829	0.000753	0.030392	0.007439	0.013539	0.037782	0.211305	0.023574	0.003696	0.121192	0.048588	0.112349	0.005831	
0.349839	0.003944	0.099097	0.002880	0.018796	0.024099	0.075990	0.036439	0.108290	0.030267	0.017043	0.052619	0.031567	0.116360	0.032770	
0.291598	0.007734	0.076848	0.002251	0.024335	0.022233	0.044255	0.025623	0.213827	0.009848	0.012921	0.109220	0.036247	0.112791	0.010269	
0.342807	0.007098	0.075212	0.002831	0.025119	0.025562	0.050321	0.033246	0.174844	0.022107	0.016591	0.092492	0.041504	0.084678	0.005587	
0.431122	0.001408	0.052967	0.008196	0.009811	0.078059	0.146688	0.017090	0.121814	0.010895	0.049711	0.023433	0.017220	0.025137	0.006450	
