0.475303	0.011025	0.014128	0.000667	0.057637	0.041110	0.038245	0.203060	0.017867	0.093029	0.002859	0.006503	0.019593	0.014836	0.004137	
0.464131	0.003845	0.116821	0.001910	0.036625	0.024646	0.031665	0.112348	0.019482	0.065514	0.008778	0.033290	0.047241	0.025841	0.007863	
0.515994	0.006107	0.063216	0.001287	0.025999	0.019703	0.029013	0.079601	0.024878	0.107633	0.005272	0.022352	0.073980	0.020827	0.004138	
0.556822	0.001014	0.016963	0.013953	0.005421	0.077782	0.159680	0.012983	0.019874	0.011677	0.053171	0.007984	0.008713	0.050191	0.003771	
0.353918	0.000960	0.081902	0.004135	0.025198	0.027013	0.095058	0.036062	0.162263	0.018230	0.018890	0.066803	0.020515	0.075763	0.013291	
0.491479	0.001447	0.074879	0.007853	0.016008	0.047689	0.098060	0.039715	0.040529	0.033224	0.032249	0.026295	0.030658	0.049004	0.010912	
0.385109	0.003349	0.064401	0.001276	0.017859	0.020688	0.059522	0.017448	0.158637	0.068881	0.006240	0.056357	0.059085	0.073697	0.007454	
0.304780	0.000919	0.144033	0.000857	0.005306	0.009534	0.048530	0.012267	0.123196	0.010394	0.041269	0.013221	0.015946	0.143127	0.126622	
0.330718	0.002016	0.114573	0.002492	0.015437	0.042855	0.058793	0.034682	0.129916	0.021235	0.024609	0.028213	0.023667	0.118415	0.052380	
0.304331	0.001487	0.125205	0.002780	0.011790	0.073812	0.051208	0.012906	0.161109	0.023390	0.011813	0.038038	0.040192	0.134552	0.007386	
0.234608	0.000882	0.148948	0.001032	0.012838	0.069805	0.040843	0.009699	0.201378	0.010606	0.009143	0.046439	0.034472	0.158999	0.020308	
0.300173	0.000816	0.141521	0.001368	0.010554	0.025576	0.050989	0.018549	0.139017	0.011581	0.030552	0.028017	0.021475	0.134301	0.085510	
0.360878	0.002003	0.142762	0.001400	0.024941	0.044494	0.031148	0.061245	0.099214	0.041100	0.007442	0.041973	0.046414	0.084988	0.009998	
0.397384	0.001222	0.170498	0.001261	0.035410	0.024676	0.023365	0.097348	0.049452	0.039575	0.007405	0.049004	0.043984	0.048004	0.011412	
0.411739	0.001053	0.182965	0.000713	0.039787	0.015067	0.014763	0.110940	0.031974	0.044500	0.004441	0.053811	0.048230	0.031546	0.008470	
0.543221	0.007532	0.019115	0.002596	0.022864	0.028676	0.047151	0.074968	0.024237	0.114454	0.010102	0.010528	0.069318	0.021491	0.003749	
0.594153	0.007536	0.017282	0.000963	0.006734	0.009437	0.022987	0.018851	0.017821	0.157727	0.004057	0.008891	0.115166	0.014265	0.004132	
0.468086	0.008533	0.021329	0.000657	0.039272	0.026736	0.043470	0.121438	0.065381	0.099676	0.002621	0.024306	0.046716	0.028400	0.003378	
0.455136	0.005371	0.059197	0.000891	0.014717	0.016084	0.039473	0.038045	0.079498	0.092053	0.013946	0.020119	0.065326	0.062861	0.037282	
0.360626	0.002840	0.056509	0.002193	0.025527	0.019564	0.081096	0.033814	0.179545	0.047798	0.008940	0.068634	0.037905	0.070134	0.004875	
0.391529	0.003090	0.070459	0.003082	0.017715	0.025196	0.074551	0.037047	0.118789	0.041997	0.024641	0.033168	0.029626	0.084070	0.045040	
0.224734	0.000742	0.058029	0.001322	0.029442	0.011244	0.108276	0.009042	0.308377	0.008691	0.005535	0.110644	0.014365	0.105045	0.004512	
0.320561	0.002351	0.073695	0.000728	0.022230	0.009061	0.071436	0.021277	0.201589	0.042856	0.010396	0.069656	0.037352	0.089142	0.027671	
0.388196	0.002166	0.045981	0.005373	0.020219	0.038753	0.106706	0.025850	0.155166	0.029394	0.021567	0.054642	0.023547	0.075663	0.006778	
