0.033435	0.026342	0.045255	0.028707	0.023978	0.028707	0.813576	
0.043095	0.028843	0.031218	0.164235	0.033593	0.052596	0.646420	
0.034161	0.024500	0.084886	0.063147	0.067978	0.053485	0.671843	
0.826531	0.019388	0.043197	0.021769	0.026531	0.028912	0.033673	
0.218645	0.037894	0.019115	0.284373	0.070758	0.319584	0.049631	
0.336016	0.070758	0.035547	0.354795	0.044936	0.120054	0.037894	
0.772101	0.030924	0.026218	0.037983	0.026218	0.085042	0.021513	
0.026468	0.731931	0.033593	0.052596	0.040719	0.057346	0.057346	
0.182160	0.270677	0.371155	0.043404	0.021873	0.041012	0.069720	
0.152888	0.126254	0.387755	0.162574	0.029402	0.109305	0.031823	
0.042489	0.269655	0.360990	0.042489	0.028438	0.206424	0.049515	
0.143900	0.031978	0.070907	0.647550	0.022245	0.041710	0.041710	
0.032512	0.025616	0.666995	0.032512	0.055501	0.055501	0.131363	
0.053571	0.069775	0.481812	0.208664	0.106812	0.037368	0.041997	
0.030565	0.065449	0.323588	0.453821	0.028239	0.037542	0.060797	
0.043300	0.021821	0.024207	0.048074	0.814183	0.019434	0.028981	
0.048304	0.033916	0.026721	0.038712	0.774923	0.026721	0.050702	
0.043197	0.024150	0.126531	0.028912	0.693197	0.043197	0.040816	
0.143882	0.041012	0.421394	0.045796	0.287423	0.029050	0.031442	
0.063866	0.021513	0.054454	0.242689	0.287395	0.296807	0.033277	
0.094093	0.334478	0.050824	0.113324	0.259959	0.101305	0.046016	
0.169019	0.019621	0.041308	0.024441	0.067814	0.634079	0.043718	
0.038712	0.196985	0.019527	0.067489	0.158616	0.448784	0.069887	
0.040914	0.033754	0.219911	0.031367	0.050460	0.527787	0.095806	
