0.031367	0.024207	0.038527	0.028981	0.036140	0.036140	0.804637	
0.043095	0.026468	0.100102	0.442145	0.035969	0.045470	0.306753	
0.055498	0.026721	0.244947	0.278520	0.031518	0.060295	0.302501	
0.807483	0.031293	0.045578	0.021769	0.028912	0.024150	0.040816	
0.140482	0.057346	0.028843	0.292501	0.126230	0.311503	0.043095	
0.506278	0.038344	0.078724	0.211741	0.050221	0.088225	0.026468	
0.028707	0.031071	0.031071	0.028707	0.042891	0.804120	0.033435	
0.026218	0.736807	0.026218	0.122689	0.026218	0.026218	0.035630	
0.078912	0.364626	0.024150	0.036054	0.236054	0.052721	0.207483	
0.102041	0.627465	0.036666	0.024559	0.063300	0.085092	0.060879	
0.049284	0.755578	0.025974	0.021312	0.053946	0.032967	0.060939	
0.046804	0.371987	0.034579	0.046804	0.415997	0.059029	0.024799	
0.040147	0.353965	0.075276	0.328203	0.030780	0.072934	0.098695	
0.060939	0.116883	0.074925	0.564436	0.081918	0.039960	0.060939	
0.030852	0.195171	0.030852	0.627096	0.040241	0.044936	0.030852	
0.098193	0.038527	0.690078	0.026594	0.045687	0.033754	0.067167	
0.045906	0.031518	0.714971	0.096266	0.021925	0.033916	0.055498	
0.026658	0.026658	0.672591	0.024265	0.026658	0.122351	0.100820	
0.033673	0.028912	0.324150	0.026531	0.247959	0.093197	0.245578	
0.126531	0.024150	0.214626	0.090816	0.436054	0.055102	0.052721	
0.167806	0.031442	0.184552	0.088859	0.459672	0.033835	0.033835	
0.138696	0.036755	0.078017	0.024619	0.095007	0.561026	0.065881	
0.038712	0.134635	0.144227	0.161014	0.062693	0.431997	0.026721	
0.384589	0.067167	0.033754	0.028981	0.091033	0.284350	0.110126	
