0.414089	0.011442	0.021434	0.000985	0.054614	0.072997	0.013983	0.167884	0.019801	0.143652	0.004882	0.012854	0.039531	0.016022	0.005832	
0.420408	0.004633	0.081606	0.001074	0.030451	0.036150	0.062554	0.073575	0.071752	0.066513	0.006095	0.031344	0.039532	0.051295	0.023018	
0.410868	0.008888	0.044601	0.001315	0.041666	0.055086	0.034538	0.129010	0.029558	0.112754	0.007259	0.015556	0.039047	0.048279	0.021574	
0.624830	0.001252	0.027945	0.013528	0.005947	0.067688	0.072092	0.012918	0.018150	0.011255	0.090133	0.012167	0.010070	0.022968	0.009059	
0.383726	0.002572	0.061877	0.003999	0.019832	0.047019	0.091127	0.028587	0.149767	0.031743	0.026355	0.054890	0.022159	0.059631	0.016715	
0.450238	0.002360	0.091194	0.005005	0.017460	0.038734	0.076437	0.023770	0.088100	0.021809	0.032756	0.035232	0.026401	0.065368	0.025136	
0.396127	0.000914	0.024292	0.003982	0.018676	0.060136	0.139205	0.010853	0.190185	0.023093	0.027096	0.074733	0.009268	0.016557	0.004885	
0.223726	0.005732	0.152923	0.000830	0.014404	0.011910	0.068603	0.020430	0.125916	0.018517	0.004043	0.038342	0.028242	0.208046	0.078337	
0.311216	0.005956	0.126990	0.004107	0.008706	0.024493	0.084442	0.014548	0.060301	0.012881	0.026156	0.020249	0.015462	0.198268	0.086225	
0.315073	0.002827	0.118348	0.002966	0.022753	0.027120	0.026733	0.036669	0.186441	0.031989	0.018604	0.056090	0.043650	0.099797	0.010941	
0.257247	0.003238	0.132216	0.001511	0.021315	0.018744	0.032340	0.032674	0.201552	0.029843	0.008771	0.059686	0.044163	0.132350	0.024352	
0.317621	0.001177	0.124275	0.004164	0.017083	0.024772	0.030864	0.013410	0.213535	0.012329	0.026809	0.063614	0.041712	0.101923	0.006712	
0.445522	0.003468	0.154991	0.000750	0.031122	0.016797	0.025805	0.056819	0.058767	0.041853	0.003410	0.024373	0.053265	0.061836	0.021221	
0.478169	0.002054	0.184558	0.000708	0.027298	0.006044	0.030624	0.036456	0.042133	0.021795	0.003128	0.020657	0.055363	0.064313	0.026700	
0.472590	0.001264	0.151722	0.000860	0.030173	0.016944	0.036109	0.041452	0.090787	0.030239	0.004520	0.036972	0.054469	0.027461	0.004437	
0.524086	0.001528	0.026958	0.001351	0.020885	0.011830	0.029660	0.115583	0.026020	0.115544	0.007587	0.011468	0.074478	0.024716	0.008304	
0.514373	0.001493	0.031026	0.000740	0.021652	0.011646	0.038172	0.111519	0.032323	0.112168	0.003586	0.014918	0.072562	0.023867	0.009956	
0.526188	0.001626	0.018674	0.000700	0.022242	0.010403	0.027994	0.126265	0.022048	0.126477	0.003187	0.010409	0.078370	0.018774	0.006643	
0.428224	0.004453	0.070261	0.003904	0.012951	0.025849	0.069798	0.058603	0.023013	0.057757	0.024842	0.010840	0.034713	0.118838	0.055952	
0.276831	0.002897	0.126450	0.000963	0.018803	0.012643	0.041322	0.036082	0.177087	0.035458	0.005101	0.053304	0.046879	0.134277	0.031901	
0.346850	0.003776	0.097380	0.003151	0.015612	0.025145	0.060991	0.038974	0.110400	0.038416	0.019904	0.035730	0.034578	0.126215	0.042877	
0.392307	0.001914	0.060695	0.003526	0.018370	0.045259	0.107575	0.020775	0.149142	0.026692	0.023381	0.057283	0.020113	0.053720	0.019249	
0.324051	0.001454	0.044867	0.001152	0.021129	0.046027	0.129272	0.020782	0.213831	0.032878	0.007859	0.079716	0.019351	0.045051	0.012578	
0.349395	0.004892	0.065043	0.001272	0.026005	0.044674	0.099018	0.051927	0.117822	0.052257	0.007885	0.047158	0.022547	0.075971	0.034135	
