0.671805	0.026721	0.132237	0.036314	0.026721	0.077081	0.029120	
0.486054	0.028912	0.157483	0.164626	0.121769	0.021769	0.019388	
0.462816	0.034244	0.102041	0.036666	0.196472	0.133518	0.034244	
0.021666	0.028775	0.016926	0.021666	0.024035	0.024035	0.862898	
0.172915	0.146910	0.049983	0.085444	0.144546	0.172915	0.227288	
0.223340	0.070758	0.026157	0.047284	0.019115	0.101274	0.512072	
0.021614	0.177643	0.026342	0.026342	0.111449	0.305302	0.331307	
0.090172	0.019250	0.466059	0.047619	0.045255	0.295846	0.035799	
0.026658	0.043404	0.442925	0.019481	0.026658	0.282638	0.158237	
0.046351	0.051193	0.232791	0.031823	0.034244	0.530612	0.072985	
0.039960	0.077256	0.496836	0.023643	0.018981	0.317349	0.025974	
0.027178	0.022300	0.039373	0.346690	0.027178	0.439373	0.097909	
0.219729	0.025734	0.201254	0.293632	0.039591	0.182778	0.037281	
0.056541	0.026096	0.192372	0.630311	0.037805	0.028438	0.028438	
0.165042	0.037983	0.045042	0.489748	0.045042	0.169748	0.047395	
0.048537	0.075043	0.128055	0.026850	0.662995	0.019621	0.038898	
0.086260	0.036140	0.033754	0.019434	0.768837	0.017047	0.038527	
0.041110	0.024323	0.199383	0.173004	0.506338	0.029120	0.026721	
0.024035	0.026405	0.284699	0.033514	0.381855	0.111713	0.137779	
0.021614	0.154002	0.078352	0.399865	0.144546	0.154002	0.047619	
0.024207	0.076713	0.071940	0.303444	0.184112	0.222298	0.117286	
0.019621	0.614802	0.022031	0.022031	0.034079	0.120826	0.166609	
0.099139	0.643718	0.120826	0.019621	0.048537	0.031670	0.036489	
0.021821	0.470508	0.303444	0.038527	0.031367	0.083873	0.050460	
