0.531406	0.000962	0.011595	0.000769	0.038939	0.063582	0.048002	0.131778	0.017518	0.123041	0.002395	0.005372	0.008175	0.012204	0.004262	
0.497845	0.003205	0.067330	0.002238	0.017453	0.021261	0.030237	0.077467	0.041620	0.075650	0.012851	0.023100	0.059300	0.055433	0.015007	
0.500909	0.002263	0.066930	0.001429	0.021686	0.026599	0.045388	0.073551	0.052253	0.072977	0.011824	0.031091	0.055818	0.029920	0.007361	
0.383211	0.001015	0.084347	0.006078	0.018488	0.040317	0.119696	0.014692	0.142144	0.014685	0.017688	0.040821	0.008972	0.100760	0.007085	
0.378003	0.001261	0.103228	0.000593	0.032198	0.041615	0.101468	0.026791	0.149085	0.029103	0.015724	0.066704	0.031454	0.016503	0.006268	
0.404885	0.002678	0.078248	0.002052	0.020277	0.036892	0.085156	0.032379	0.139143	0.034272	0.013074	0.045536	0.037732	0.052950	0.014727	
0.396732	0.001357	0.036825	0.000915	0.023652	0.055484	0.128014	0.027244	0.200254	0.028260	0.004087	0.047247	0.026591	0.018452	0.004887	
0.459444	0.002127	0.105820	0.009297	0.005470	0.010224	0.062926	0.032691	0.034888	0.032055	0.025872	0.018930	0.030809	0.157613	0.011835	
0.286648	0.007256	0.109593	0.007320	0.006101	0.033155	0.049818	0.016808	0.144303	0.015940	0.023455	0.020921	0.007382	0.211336	0.059965	
0.234458	0.011546	0.067350	0.000721	0.007486	0.047383	0.016191	0.035769	0.226340	0.034919	0.009327	0.021392	0.033299	0.163625	0.090194	
0.249030	0.009552	0.091312	0.004615	0.004964	0.040292	0.037218	0.019202	0.193170	0.018827	0.017311	0.021063	0.017038	0.199596	0.076809	
0.249891	0.006894	0.184589	0.000857	0.028806	0.031079	0.032876	0.011731	0.142457	0.017541	0.030134	0.073574	0.026858	0.106976	0.055737	
0.390151	0.001579	0.201969	0.003276	0.033822	0.013226	0.049366	0.024210	0.030101	0.030089	0.036574	0.077504	0.033787	0.064245	0.010100	
0.404959	0.002194	0.184193	0.003203	0.028339	0.009802	0.043241	0.027543	0.035535	0.032891	0.033459	0.069801	0.044587	0.067584	0.012669	
0.407038	0.001645	0.201523	0.000574	0.037394	0.009384	0.038684	0.032118	0.031334	0.038831	0.033982	0.086983	0.054606	0.018617	0.007286	
0.505223	0.000815	0.024253	0.001395	0.031031	0.005977	0.019461	0.143004	0.017341	0.118529	0.005109	0.010636	0.089756	0.023538	0.003933	
0.543490	0.001590	0.024671	0.001633	0.021753	0.007614	0.018827	0.124230	0.013798	0.108758	0.005446	0.008828	0.089301	0.026431	0.003631	
0.456151	0.002474	0.026505	0.000700	0.029563	0.014363	0.019338	0.130699	0.056807	0.108626	0.004377	0.013194	0.081815	0.037427	0.017962	
0.312807	0.007241	0.057485	0.001905	0.018308	0.032978	0.023064	0.074936	0.149924	0.063009	0.009637	0.017242	0.045294	0.127201	0.058968	
0.408292	0.001260	0.089967	0.002084	0.030686	0.025549	0.069714	0.062973	0.093678	0.055523	0.015697	0.046466	0.047071	0.042606	0.008433	
0.341172	0.005466	0.095302	0.001611	0.022457	0.029033	0.037219	0.055066	0.127335	0.050163	0.015927	0.038476	0.045031	0.093721	0.042019	
0.354357	0.000881	0.057704	0.001659	0.027725	0.059027	0.142869	0.014164	0.214477	0.015164	0.008071	0.056385	0.011984	0.030414	0.005118	
0.443624	0.002965	0.035032	0.001020	0.017953	0.035470	0.072097	0.059606	0.134593	0.056591	0.004929	0.029713	0.054720	0.036929	0.014759	
0.342261	0.002695	0.066902	0.003862	0.019944	0.051009	0.115050	0.017943	0.188247	0.017533	0.012149	0.041034	0.009525	0.090984	0.020865	
