0.513756	0.009754	0.048143	0.000746	0.012352	0.037210	0.035612	0.036882	0.093715	0.080025	0.003468	0.013209	0.025616	0.018933	0.070580	
0.524479	0.006340	0.071275	0.002724	0.030600	0.029284	0.041983	0.074402	0.025254	0.054936	0.017346	0.041793	0.021987	0.012346	0.045250	
0.520169	0.009334	0.052795	0.001259	0.020339	0.024650	0.038903	0.060632	0.025063	0.095531	0.007129	0.020780	0.030560	0.025326	0.067531	
0.462180	0.003483	0.030785	0.006438	0.031347	0.050186	0.087767	0.027766	0.101425	0.028926	0.043164	0.075579	0.016980	0.010141	0.023836	
0.272305	0.000761	0.124672	0.001068	0.010080	0.011265	0.155607	0.023008	0.189768	0.013615	0.005625	0.027471	0.025023	0.136069	0.003662	
0.421697	0.002031	0.072471	0.003333	0.026126	0.031145	0.100871	0.050190	0.129962	0.019015	0.021472	0.047270	0.025397	0.035922	0.013099	
0.374954	0.000870	0.063128	0.008156	0.033444	0.054923	0.095256	0.011126	0.111299	0.007894	0.055150	0.099041	0.012364	0.068010	0.004385	
0.340948	0.005203	0.126304	0.000951	0.008575	0.035470	0.044832	0.019014	0.143293	0.046485	0.004866	0.025577	0.027426	0.134326	0.036731	
0.341753	0.005214	0.131368	0.003494	0.016319	0.040795	0.040985	0.011433	0.087164	0.042909	0.022675	0.055627	0.014386	0.149051	0.036828	
0.335770	0.001442	0.097459	0.003097	0.015310	0.063538	0.021811	0.014937	0.222887	0.015795	0.019738	0.044534	0.040788	0.094258	0.008635	
0.344467	0.002691	0.085238	0.000887	0.005167	0.063373	0.021978	0.008848	0.278718	0.023105	0.004253	0.016790	0.047714	0.078876	0.017895	
0.315871	0.000934	0.110558	0.003393	0.015910	0.062340	0.026221	0.012344	0.218304	0.009341	0.021815	0.049921	0.037113	0.111076	0.004859	
0.474017	0.003751	0.109775	0.000966	0.028046	0.023438	0.042720	0.087622	0.073894	0.031100	0.005027	0.027784	0.029560	0.036294	0.026003	
0.429286	0.001884	0.153330	0.001552	0.034019	0.014068	0.047450	0.099775	0.032811	0.017551	0.009166	0.041913	0.024444	0.080576	0.012176	
0.443274	0.001224	0.134651	0.000883	0.036120	0.008850	0.046956	0.119480	0.034549	0.031678	0.004496	0.031575	0.041201	0.057777	0.007287	
0.460682	0.002994	0.014816	0.001271	0.032995	0.019760	0.016558	0.118584	0.050251	0.130917	0.007183	0.013531	0.100895	0.009161	0.020402	
0.446416	0.002765	0.016364	0.001030	0.028588	0.017049	0.051839	0.103887	0.084873	0.112978	0.005463	0.011083	0.089856	0.009146	0.018664	
0.450531	0.001526	0.013637	0.000899	0.037875	0.008599	0.020717	0.144312	0.028090	0.143815	0.004616	0.009506	0.117165	0.009177	0.009534	
0.479795	0.007566	0.037372	0.004201	0.025584	0.043438	0.023677	0.041787	0.034380	0.093602	0.027651	0.050182	0.036239	0.040203	0.054324	
0.299645	0.000884	0.133816	0.003576	0.026668	0.026083	0.055035	0.052377	0.073693	0.047513	0.023265	0.057390	0.042368	0.153017	0.004670	
0.339532	0.003457	0.116952	0.002951	0.018973	0.033350	0.057009	0.030902	0.102718	0.045604	0.018864	0.047508	0.029654	0.128766	0.023760	
0.382775	0.001311	0.045532	0.004423	0.024277	0.039216	0.106260	0.032449	0.159443	0.032482	0.029048	0.053588	0.037474	0.044036	0.007687	
0.310423	0.000869	0.098269	0.001342	0.013279	0.011386	0.160403	0.032078	0.184177	0.019403	0.007528	0.027029	0.029216	0.100136	0.004461	
0.355806	0.003264	0.057406	0.001063	0.005475	0.028742	0.144259	0.007895	0.236493	0.027288	0.005516	0.016418	0.028707	0.059479	0.022190	
