0.028843	0.026468	0.040719	0.019342	0.028843	0.019342	0.836444	
0.071769	0.250340	0.097959	0.252721	0.021769	0.033673	0.271769	
0.031593	0.245536	0.091690	0.077266	0.146978	0.019574	0.387363	
0.036489	0.250947	0.036489	0.072633	0.181067	0.344923	0.077453	
0.028639	0.033356	0.021563	0.290431	0.021563	0.580526	0.023922	
0.059299	0.170148	0.028639	0.115903	0.134771	0.448450	0.042790	
0.084074	0.024265	0.036227	0.050581	0.421394	0.294600	0.088859	
0.453802	0.188885	0.048074	0.038527	0.050460	0.045687	0.174565	
0.427531	0.247920	0.022191	0.031900	0.073162	0.075589	0.121706	
0.460202	0.044143	0.044143	0.051442	0.092805	0.250956	0.056309	
0.517899	0.101037	0.047173	0.016728	0.094011	0.183004	0.040147	
0.395928	0.034749	0.029835	0.140400	0.191997	0.157599	0.049491	
0.232890	0.114286	0.030565	0.325914	0.044518	0.046844	0.204983	
0.343792	0.208278	0.037717	0.292390	0.056409	0.033044	0.028371	
0.284053	0.037542	0.128239	0.430565	0.030565	0.049169	0.039867	
0.021925	0.161014	0.621446	0.048304	0.031518	0.057897	0.057897	
0.021925	0.158616	0.710175	0.026721	0.026721	0.021925	0.033916	
0.067489	0.079479	0.679000	0.029120	0.065091	0.043508	0.036314	
0.052721	0.169388	0.055102	0.021769	0.588435	0.021769	0.090816	
0.062097	0.202240	0.071598	0.480149	0.026468	0.123855	0.033593	
0.109343	0.230196	0.076168	0.220718	0.114083	0.175694	0.073798	
0.091485	0.111189	0.079170	0.108726	0.047150	0.512667	0.049613	
0.089501	0.181067	0.062995	0.046127	0.113597	0.455766	0.050947	
0.098428	0.263500	0.029050	0.093643	0.076897	0.347232	0.091251	
