0.607140	0.004265	0.019880	0.000809	0.020831	0.007058	0.055018	0.105330	0.025282	0.090829	0.005271	0.010604	0.013756	0.024196	0.009730	
0.497777	0.005174	0.032204	0.002792	0.028287	0.025102	0.046546	0.119520	0.032899	0.115168	0.011117	0.019761	0.028346	0.027134	0.008172	
0.442301	0.007354	0.042879	0.002556	0.032822	0.022118	0.043927	0.146357	0.024167	0.142440	0.009794	0.022808	0.022582	0.031234	0.006660	
0.666279	0.000807	0.018513	0.011534	0.006526	0.097676	0.058521	0.008945	0.025396	0.007934	0.039298	0.019553	0.009125	0.021382	0.008512	
0.293480	0.002889	0.122730	0.000771	0.026252	0.029981	0.113879	0.021696	0.192440	0.018591	0.003875	0.078973	0.036812	0.051817	0.005816	
0.442295	0.003665	0.081389	0.005121	0.020122	0.052057	0.069686	0.044448	0.086869	0.042131	0.019521	0.043622	0.027338	0.051106	0.010629	
0.258014	0.000875	0.077137	0.000941	0.030207	0.042579	0.156406	0.012752	0.279286	0.011779	0.004481	0.093518	0.009330	0.016894	0.005802	
0.432736	0.003169	0.100100	0.001880	0.016599	0.026052	0.061646	0.032011	0.104886	0.023293	0.015251	0.036276	0.030178	0.088440	0.027482	
0.481296	0.003081	0.094082	0.003904	0.013970	0.039552	0.055556	0.027289	0.075619	0.020018	0.019899	0.032374	0.030921	0.079985	0.022453	
0.176026	0.002611	0.126178	0.001013	0.020102	0.027974	0.025560	0.017995	0.204941	0.016593	0.035551	0.025642	0.028433	0.200836	0.090547	
0.297922	0.001020	0.071283	0.002020	0.019123	0.037854	0.059699	0.017269	0.207632	0.013812	0.030937	0.030097	0.008832	0.133470	0.069029	
0.209912	0.002511	0.126775	0.001609	0.020406	0.034552	0.052222	0.010438	0.205040	0.008874	0.029172	0.041809	0.027654	0.161225	0.067801	
0.454509	0.005348	0.159138	0.001332	0.013613	0.013687	0.043321	0.031990	0.036082	0.020399	0.008284	0.038809	0.056594	0.103530	0.013364	
0.336585	0.007389	0.231157	0.002472	0.016050	0.022652	0.032619	0.022388	0.023183	0.016901	0.009348	0.057153	0.084875	0.131000	0.006227	
0.277657	0.006149	0.194182	0.001721	0.023853	0.025100	0.060458	0.033997	0.090375	0.032356	0.006449	0.068495	0.074095	0.100415	0.004700	
0.566082	0.001258	0.021149	0.003087	0.026274	0.026198	0.026583	0.091950	0.020355	0.094055	0.011148	0.011043	0.077146	0.018147	0.005524	
0.543758	0.001649	0.040497	0.002548	0.026021	0.022383	0.029067	0.086275	0.024177	0.087598	0.008886	0.016546	0.081068	0.025451	0.004074	
0.502259	0.001123	0.025984	0.000856	0.030430	0.012947	0.040183	0.096015	0.063286	0.097553	0.004835	0.020055	0.077259	0.019436	0.007777	
0.414909	0.001345	0.052885	0.003201	0.021348	0.036202	0.030009	0.051472	0.108779	0.051733	0.026593	0.014851	0.043136	0.096730	0.046807	
0.339062	0.003233	0.113583	0.002065	0.025978	0.030219	0.060156	0.046621	0.117014	0.047569	0.011806	0.050242	0.061746	0.074459	0.016246	
0.289437	0.002891	0.119860	0.002091	0.022750	0.030470	0.033453	0.035891	0.133015	0.036954	0.023376	0.034259	0.056726	0.131100	0.047726	
0.372203	0.002271	0.065124	0.001263	0.027140	0.030928	0.106115	0.048177	0.173439	0.044400	0.006901	0.059960	0.021840	0.030427	0.009811	
0.351137	0.005764	0.045796	0.000738	0.034577	0.018944	0.077826	0.119734	0.120341	0.115411	0.007143	0.041277	0.010001	0.036086	0.015225	
0.432413	0.002909	0.056113	0.003512	0.023237	0.041873	0.077110	0.056057	0.116595	0.052837	0.016346	0.041062	0.020427	0.043476	0.016031	
