0.021717	0.026468	0.016966	0.033593	0.021717	0.019342	0.860197	
0.280918	0.242549	0.079479	0.055498	0.029120	0.036314	0.276122	
0.149983	0.451646	0.038344	0.028843	0.076349	0.033593	0.221242	
0.506308	0.028981	0.036140	0.341630	0.033754	0.031367	0.021821	
0.026342	0.099629	0.168186	0.584262	0.035799	0.042891	0.042891	
0.035547	0.202213	0.035547	0.479209	0.021462	0.204561	0.021462	
0.026342	0.288754	0.019250	0.477879	0.130361	0.031071	0.026342	
0.259335	0.237753	0.081877	0.026721	0.050702	0.280918	0.062693	
0.494347	0.036314	0.029120	0.043508	0.024323	0.304899	0.067489	
0.029617	0.058885	0.024739	0.054007	0.112544	0.646690	0.073519	
0.035547	0.056673	0.023810	0.066063	0.150570	0.641180	0.026157	
0.037298	0.034835	0.318086	0.034835	0.034835	0.456017	0.084096	
0.117156	0.278371	0.026035	0.042390	0.044726	0.418558	0.072764	
0.139220	0.199405	0.109127	0.037368	0.062831	0.430886	0.021164	
0.035630	0.094454	0.143866	0.143866	0.037983	0.452101	0.092101	
0.384959	0.084478	0.021978	0.029190	0.423420	0.026786	0.029190	
0.312990	0.301057	0.062393	0.021821	0.248551	0.019434	0.033754	
0.220152	0.423050	0.041408	0.036577	0.154934	0.089717	0.034161	
0.238898	0.029260	0.019621	0.038898	0.431670	0.140103	0.101549	
0.045042	0.047395	0.741513	0.040336	0.033277	0.054454	0.037983	
0.140149	0.097495	0.343940	0.052471	0.170955	0.142519	0.052471	
0.170606	0.369647	0.151422	0.208976	0.033916	0.036314	0.029120	
0.051318	0.561026	0.080444	0.051318	0.078017	0.158114	0.019764	
0.229458	0.143539	0.091033	0.277191	0.105353	0.124446	0.028981	
