0.021614	0.059439	0.031071	0.016886	0.026342	0.016886	0.827761	
0.033673	0.650340	0.147959	0.043197	0.059864	0.036054	0.028912	
0.036401	0.654190	0.084478	0.060440	0.031593	0.110920	0.021978	
0.778912	0.033673	0.024150	0.057483	0.026531	0.036054	0.043197	
0.336782	0.068091	0.194259	0.077437	0.037717	0.247997	0.037717	
0.648223	0.044936	0.035547	0.087190	0.033199	0.127096	0.023810	
0.219160	0.030924	0.033277	0.028571	0.019160	0.214454	0.454454	
0.038344	0.632168	0.095351	0.107228	0.033593	0.059722	0.033593	
0.057758	0.215653	0.031442	0.428571	0.024265	0.045796	0.196514	
0.036666	0.024559	0.133518	0.428917	0.041508	0.097198	0.237634	
0.059021	0.054326	0.030852	0.617706	0.054326	0.159960	0.023810	
0.044143	0.036844	0.615919	0.031978	0.024678	0.024678	0.221759	
0.053946	0.095904	0.028305	0.608725	0.030636	0.030636	0.151848	
0.128538	0.049284	0.121545	0.520147	0.105228	0.046953	0.028305	
0.116071	0.123016	0.252646	0.421627	0.035053	0.023479	0.028108	
0.036140	0.038527	0.062393	0.021821	0.725878	0.043300	0.071940	
0.033997	0.226305	0.026786	0.026786	0.601305	0.021978	0.062843	
0.047959	0.047959	0.036054	0.038435	0.771769	0.024150	0.033673	
0.045578	0.074150	0.017007	0.157483	0.421769	0.036054	0.247959	
0.040336	0.045042	0.270924	0.023866	0.237983	0.357983	0.023866	
0.081487	0.043300	0.265257	0.026594	0.236618	0.250938	0.095806	
0.062995	0.041308	0.043718	0.038898	0.046127	0.590706	0.176248	
0.113872	0.186335	0.022084	0.055901	0.266046	0.331263	0.024500	
0.100580	0.036140	0.033754	0.064780	0.093420	0.647119	0.024207	
