0.021717	0.803190	0.047845	0.033593	0.035969	0.031218	0.026468	
0.038435	0.502721	0.033673	0.050340	0.250340	0.074150	0.050340	
0.069553	0.539720	0.026594	0.064780	0.081487	0.160245	0.057620	
0.024035	0.033514	0.026405	0.024035	0.024035	0.026405	0.841571	
0.265113	0.028707	0.047619	0.042891	0.154002	0.149274	0.312394	
0.150570	0.026157	0.033199	0.026157	0.030852	0.246814	0.486251	
0.139818	0.038163	0.078352	0.033435	0.298210	0.118541	0.293482	
0.030924	0.155630	0.423866	0.047395	0.066218	0.223866	0.052101	
0.031293	0.159864	0.378912	0.028912	0.021769	0.212245	0.167007	
0.041308	0.065404	0.624441	0.029260	0.024441	0.046127	0.169019	
0.042291	0.028305	0.818515	0.025974	0.018981	0.023643	0.042291	
0.063763	0.022300	0.317422	0.027178	0.395470	0.041812	0.132056	
0.025734	0.173540	0.217420	0.044210	0.023425	0.489937	0.025734	
0.021362	0.056409	0.063418	0.140521	0.180240	0.507343	0.030708	
0.021262	0.102658	0.151495	0.037542	0.307309	0.349169	0.030565	
0.064780	0.031367	0.019434	0.737811	0.074327	0.055234	0.017047	
0.019527	0.077081	0.021925	0.798904	0.031518	0.024323	0.026721	
0.057897	0.072285	0.019527	0.175403	0.525522	0.098664	0.050702	
0.107483	0.059864	0.107483	0.138435	0.445578	0.047959	0.093197	
0.213104	0.028707	0.206011	0.040527	0.442418	0.033435	0.035799	
0.131606	0.038527	0.229458	0.114899	0.322537	0.074327	0.088646	
0.597935	0.019621	0.065404	0.034079	0.017212	0.041308	0.224441	
0.178228	0.031593	0.021978	0.036401	0.043613	0.656593	0.031593	
0.428571	0.041012	0.153452	0.105605	0.103213	0.117567	0.050581	
