0.031071	0.026342	0.026342	0.040527	0.021614	0.028707	0.825397	
0.036140	0.186498	0.021821	0.045687	0.100580	0.038527	0.570747	
0.038712	0.115450	0.041110	0.038712	0.055498	0.333676	0.376841	
0.636054	0.019388	0.021769	0.236054	0.026531	0.026531	0.033673	
0.395194	0.191923	0.035381	0.021362	0.269025	0.047063	0.040053	
0.401744	0.434608	0.040241	0.037894	0.030852	0.028504	0.026157	
0.780480	0.045255	0.038163	0.035799	0.028707	0.033435	0.038163	
0.038344	0.682050	0.062097	0.066848	0.045470	0.028843	0.076349	
0.029050	0.096036	0.198906	0.555366	0.029050	0.019481	0.072112	
0.048537	0.043718	0.429260	0.369019	0.043718	0.036489	0.029260	
0.068250	0.051857	0.253262	0.468719	0.044831	0.026096	0.086986	
0.046576	0.036844	0.323949	0.029545	0.479666	0.024678	0.058742	
0.048829	0.053448	0.064995	0.275157	0.314418	0.018806	0.224348	
0.047173	0.145534	0.054199	0.152559	0.471061	0.094011	0.035463	
0.032738	0.173942	0.048942	0.120701	0.537368	0.039683	0.046627	
0.031218	0.019342	0.019342	0.043095	0.054971	0.807940	0.024092	
0.050702	0.081877	0.017129	0.031518	0.024323	0.671805	0.122645	
0.123561	0.057211	0.114083	0.035884	0.071429	0.557211	0.040623	
0.024035	0.038253	0.479012	0.064320	0.024035	0.341571	0.028775	
0.256807	0.023866	0.165042	0.047395	0.277983	0.195630	0.033277	
0.114899	0.079100	0.267644	0.045687	0.203205	0.265257	0.024207	
0.773838	0.029260	0.055766	0.067814	0.017212	0.029260	0.026850	
0.412813	0.249743	0.045906	0.038712	0.019527	0.168208	0.065091	
0.513467	0.050460	0.117286	0.167405	0.026594	0.031367	0.093420	
