0.440571	0.000816	0.014949	0.001299	0.065660	0.018186	0.019214	0.072977	0.022621	0.178586	0.004434	0.009598	0.007893	0.013302	0.129894	
0.511330	0.005714	0.068508	0.005859	0.021328	0.053410	0.070858	0.061858	0.036900	0.064332	0.009338	0.019068	0.022036	0.017452	0.032009	
0.508011	0.005307	0.061748	0.003541	0.030692	0.033665	0.043406	0.079389	0.026579	0.092469	0.006780	0.013879	0.031513	0.013569	0.049452	
0.448922	0.000949	0.054128	0.007327	0.020136	0.067843	0.119492	0.017416	0.100444	0.013518	0.028763	0.049919	0.024787	0.041735	0.004621	
0.387826	0.005113	0.087411	0.003217	0.023522	0.030043	0.095277	0.045941	0.117250	0.025715	0.036755	0.066144	0.031617	0.040316	0.003853	
0.433398	0.005223	0.068271	0.005007	0.015132	0.047625	0.088196	0.050461	0.098345	0.036075	0.015545	0.043887	0.025103	0.056458	0.011273	
0.423093	0.001756	0.056936	0.005160	0.028456	0.050838	0.091505	0.033237	0.094417	0.049495	0.022660	0.043612	0.021826	0.046539	0.030470	
0.316211	0.003197	0.177255	0.001514	0.006472	0.040365	0.030374	0.034202	0.142945	0.024233	0.002842	0.019664	0.046086	0.147299	0.007341	
0.270644	0.000851	0.152435	0.001056	0.018337	0.032825	0.056641	0.018066	0.172581	0.018262	0.022529	0.047621	0.043482	0.136042	0.008630	
0.303184	0.000905	0.159042	0.001270	0.025283	0.035056	0.042958	0.021971	0.136255	0.041829	0.019901	0.032089	0.038443	0.113386	0.028427	
0.334227	0.001017	0.152398	0.001312	0.024048	0.036553	0.026578	0.032451	0.116538	0.056507	0.008404	0.016378	0.040798	0.115777	0.037013	
0.276704	0.000805	0.146255	0.000736	0.031341	0.021481	0.080700	0.014241	0.164734	0.011197	0.049898	0.072240	0.044511	0.081229	0.003928	
0.384272	0.006629	0.150436	0.001324	0.016065	0.026532	0.031404	0.063580	0.093012	0.052546	0.009666	0.023365	0.039597	0.080870	0.020703	
0.432371	0.007972	0.126928	0.002969	0.009294	0.035050	0.048719	0.069702	0.081512	0.041316	0.007831	0.025679	0.037266	0.065397	0.007994	
0.445565	0.009501	0.136019	0.001578	0.011531	0.020265	0.036088	0.086489	0.068320	0.046861	0.011481	0.026663	0.046192	0.047716	0.005731	
0.541230	0.001076	0.015277	0.000933	0.024749	0.010492	0.024133	0.100709	0.053194	0.064593	0.002387	0.018191	0.088373	0.042205	0.012459	
0.553071	0.004654	0.053454	0.002228	0.018856	0.020825	0.030332	0.099668	0.033230	0.059923	0.003636	0.013336	0.072099	0.024807	0.009882	
0.570846	0.000942	0.017220	0.002363	0.028310	0.022007	0.030540	0.093460	0.027703	0.071646	0.004025	0.010658	0.078318	0.019686	0.022277	
0.449427	0.000905	0.033775	0.001777	0.048224	0.021503	0.038041	0.067391	0.051526	0.116414	0.012595	0.023094	0.032744	0.027052	0.075533	
0.246390	0.001367	0.048994	0.001543	0.021296	0.023202	0.105214	0.026268	0.219069	0.018774	0.029367	0.091429	0.028902	0.132749	0.005436	
0.334493	0.003014	0.081013	0.000971	0.024954	0.017129	0.071091	0.049392	0.148740	0.037523	0.026828	0.063529	0.042659	0.086314	0.012348	
0.273780	0.003658	0.062165	0.001298	0.012875	0.022665	0.083027	0.044692	0.201099	0.027091	0.014255	0.073899	0.031726	0.142564	0.005207	
0.360442	0.007487	0.078272	0.001068	0.010394	0.016426	0.056240	0.077512	0.139225	0.046190	0.005982	0.051578	0.037472	0.103071	0.008641	
0.320108	0.002535	0.044785	0.004119	0.013584	0.046836	0.096916	0.031200	0.174268	0.033836	0.008830	0.060763	0.016562	0.128324	0.017334	
