0.129839	0.043508	0.084275	0.091470	0.041110	0.077081	0.532717	
0.038163	0.234380	0.031071	0.035799	0.151638	0.028707	0.480243	
0.050824	0.146978	0.017170	0.041209	0.106113	0.019574	0.618132	
0.598428	0.189337	0.021873	0.026658	0.096036	0.029050	0.038619	
0.446092	0.028639	0.042790	0.139488	0.049865	0.236186	0.056941	
0.472035	0.179582	0.094677	0.130054	0.054582	0.038073	0.030997	
0.729748	0.021513	0.021513	0.042689	0.030924	0.052101	0.101513	
0.045255	0.411685	0.182371	0.198919	0.047619	0.087808	0.026342	
0.227614	0.624744	0.024265	0.024265	0.029050	0.050581	0.019481	
0.206657	0.029473	0.053745	0.308599	0.053745	0.325589	0.022191	
0.033199	0.185781	0.021462	0.117706	0.042589	0.563716	0.035547	
0.251568	0.017422	0.024739	0.388153	0.017422	0.275958	0.024739	
0.042095	0.216109	0.037454	0.506132	0.053696	0.032814	0.111700	
0.039867	0.156146	0.084053	0.523588	0.042193	0.016611	0.137542	
0.030565	0.098007	0.049169	0.663123	0.044518	0.039867	0.074751	
0.026721	0.067489	0.103460	0.038712	0.602261	0.026721	0.134635	
0.063147	0.075224	0.077640	0.029331	0.683920	0.026915	0.043823	
0.060150	0.050581	0.038619	0.021873	0.674983	0.074504	0.079289	
0.192189	0.120247	0.041110	0.029120	0.264132	0.204180	0.149024	
0.021717	0.138107	0.556159	0.047845	0.081099	0.031218	0.123855	
0.139766	0.113324	0.353709	0.094093	0.098901	0.082074	0.118132	
0.095007	0.148405	0.133842	0.027046	0.196949	0.252774	0.145978	
0.046239	0.034161	0.353002	0.051070	0.208075	0.169427	0.138026	
0.064472	0.380387	0.059722	0.019342	0.071598	0.271123	0.133356	
