0.137033	0.021925	0.065091	0.017129	0.597465	0.026721	0.134635	
0.057346	0.430268	0.066848	0.021717	0.361384	0.033593	0.028843	
0.083073	0.236357	0.041710	0.044143	0.494265	0.053876	0.046576	
0.033916	0.141829	0.026721	0.036314	0.036314	0.153820	0.571086	
0.663846	0.026405	0.076168	0.045362	0.097495	0.052471	0.038253	
0.186945	0.033835	0.031442	0.033835	0.045796	0.354409	0.313739	
0.054454	0.026218	0.021513	0.063866	0.023866	0.360336	0.449748	
0.058176	0.318417	0.024441	0.335284	0.094320	0.034079	0.135284	
0.031823	0.070564	0.024559	0.392598	0.056036	0.034244	0.390176	
0.114703	0.027112	0.119569	0.443170	0.022245	0.049009	0.224192	
0.091885	0.059021	0.068410	0.451040	0.019115	0.030852	0.279678	
0.046804	0.034579	0.034579	0.496682	0.027244	0.024799	0.335313	
0.083471	0.018806	0.034972	0.143517	0.531508	0.106565	0.081161	
0.208664	0.099868	0.076720	0.204034	0.252646	0.127646	0.030423	
0.051857	0.110405	0.068250	0.264972	0.328203	0.112747	0.063566	
0.029331	0.212905	0.435128	0.017253	0.193582	0.067978	0.043823	
0.024323	0.158616	0.511134	0.024323	0.026721	0.139431	0.115450	
0.026658	0.045796	0.299385	0.021873	0.292208	0.026658	0.287423	
0.043718	0.250947	0.224441	0.041308	0.046127	0.041308	0.352151	
0.055102	0.157483	0.145578	0.119388	0.157483	0.333673	0.031293	
0.062843	0.303228	0.103709	0.288805	0.029190	0.171016	0.041209	
0.432783	0.047034	0.076518	0.108459	0.091260	0.147771	0.096174	
0.048074	0.043300	0.036140	0.043300	0.028981	0.740198	0.060007	
0.198919	0.239108	0.049983	0.040527	0.061803	0.217832	0.191827	
