0.028912	0.264626	0.062245	0.102721	0.040816	0.455102	0.045578	
0.031293	0.578912	0.138435	0.021769	0.071769	0.057483	0.100340	
0.033593	0.736681	0.097727	0.024092	0.028843	0.040719	0.038344	
0.036054	0.028912	0.245578	0.024150	0.033673	0.024150	0.607483	
0.210243	0.049865	0.030997	0.111186	0.115903	0.021563	0.460243	
0.064472	0.097727	0.078724	0.135731	0.050221	0.024092	0.549033	
0.176807	0.035630	0.035630	0.059160	0.054454	0.030924	0.607395	
0.057075	0.040527	0.123269	0.071260	0.033435	0.650456	0.023978	
0.019388	0.043197	0.178912	0.436054	0.031293	0.181293	0.109864	
0.031823	0.036666	0.051193	0.683155	0.043929	0.041508	0.111726	
0.084842	0.021462	0.134138	0.427565	0.084842	0.188129	0.059021	
0.144251	0.034495	0.029617	0.224739	0.027178	0.105226	0.434495	
0.027915	0.299179	0.101478	0.340558	0.062397	0.140558	0.027915	
0.032967	0.233433	0.065601	0.303363	0.081918	0.184482	0.098235	
0.056146	0.418937	0.037542	0.258472	0.072425	0.035216	0.121262	
0.029120	0.019527	0.062693	0.021925	0.674203	0.168208	0.024323	
0.022084	0.101794	0.063147	0.024500	0.717736	0.024500	0.046239	
0.019574	0.031593	0.139766	0.019574	0.714286	0.019574	0.055632	
0.021769	0.028912	0.124150	0.217007	0.483673	0.033673	0.090816	
0.489699	0.045255	0.021614	0.028707	0.232016	0.154002	0.028707	
0.116569	0.043929	0.051193	0.194051	0.240055	0.143203	0.211000	
0.503959	0.026850	0.190706	0.106368	0.036489	0.058176	0.077453	
0.391230	0.225762	0.029120	0.033916	0.098664	0.110654	0.110654	
0.324923	0.033754	0.418002	0.040914	0.100580	0.033754	0.048074	
