0.017088	0.710868	0.031442	0.029050	0.146275	0.031442	0.033835	
0.028707	0.513340	0.092536	0.177643	0.019250	0.132725	0.035799	
0.021978	0.526786	0.062843	0.228709	0.041209	0.077266	0.041209	
0.130151	0.021978	0.031593	0.017170	0.031593	0.127747	0.639766	
0.425870	0.040527	0.040527	0.038163	0.106721	0.023978	0.324215	
0.186658	0.030997	0.028639	0.165431	0.115903	0.099394	0.372978	
0.333671	0.049983	0.080716	0.042891	0.049983	0.031071	0.411685	
0.031071	0.130361	0.042891	0.047619	0.310030	0.416413	0.021614	
0.031293	0.028912	0.028912	0.036054	0.267007	0.436054	0.171769	
0.128675	0.036666	0.036666	0.082670	0.489450	0.031823	0.194051	
0.037629	0.028305	0.023643	0.039960	0.715951	0.114552	0.039960	
0.083275	0.024739	0.019861	0.151568	0.493031	0.027178	0.200348	
0.028371	0.252670	0.037717	0.182577	0.336782	0.114820	0.047063	
0.027979	0.016458	0.032587	0.615537	0.138578	0.145490	0.023371	
0.046844	0.028239	0.028239	0.779402	0.042193	0.030565	0.044518	
0.047845	0.035969	0.803190	0.040719	0.019342	0.019342	0.033593	
0.026468	0.021717	0.815066	0.035969	0.031218	0.035969	0.033593	
0.091470	0.041110	0.568688	0.021925	0.033916	0.026721	0.216170	
0.035884	0.038253	0.246784	0.040623	0.211239	0.035884	0.391334	
0.576531	0.040816	0.136054	0.040816	0.033673	0.083673	0.088435	
0.220966	0.038712	0.113052	0.031518	0.134635	0.204180	0.256937	
0.556971	0.019621	0.034079	0.038898	0.022031	0.142513	0.185886	
0.338509	0.029331	0.309524	0.084886	0.145273	0.060732	0.031746	
0.332083	0.026594	0.033754	0.038527	0.043300	0.291510	0.234231	
