0.586333	0.009711	0.014153	0.001040	0.022062	0.008080	0.029969	0.147740	0.021371	0.106957	0.007581	0.010654	0.015247	0.013968	0.005132	
0.570353	0.003926	0.052235	0.001173	0.025805	0.009665	0.025649	0.065617	0.047625	0.050385	0.009172	0.022154	0.083115	0.023696	0.009428	
0.545145	0.006520	0.031352	0.000971	0.028662	0.012010	0.022896	0.096834	0.033335	0.090982	0.006489	0.010936	0.053375	0.030733	0.029761	
0.509653	0.001057	0.010320	0.014941	0.007898	0.104631	0.183562	0.012148	0.024264	0.011710	0.082583	0.009086	0.010945	0.012447	0.004755	
0.281092	0.000873	0.142384	0.003492	0.025026	0.029863	0.084055	0.031919	0.168740	0.020262	0.024101	0.078904	0.036480	0.068778	0.004030	
0.375213	0.001131	0.116707	0.006186	0.021897	0.049519	0.095774	0.029951	0.101399	0.021361	0.037824	0.047750	0.035309	0.052950	0.007027	
0.488487	0.000921	0.016008	0.007487	0.011772	0.056469	0.119830	0.012453	0.099120	0.010236	0.041811	0.035167	0.055780	0.039809	0.004649	
0.348439	0.001447	0.161698	0.000971	0.010661	0.055862	0.040581	0.023853	0.105954	0.017857	0.006041	0.014683	0.026712	0.161224	0.024020	
0.344320	0.001835	0.129524	0.003363	0.006682	0.069079	0.074061	0.025665	0.109761	0.019975	0.018349	0.015850	0.007801	0.151686	0.022050	
0.390185	0.002072	0.102812	0.001844	0.010930	0.048669	0.057945	0.029989	0.115362	0.024685	0.010325	0.023467	0.034253	0.127293	0.020169	
0.299429	0.000791	0.150863	0.000875	0.005380	0.062198	0.055199	0.009348	0.146437	0.008735	0.004232	0.022676	0.019915	0.187403	0.026518	
0.366352	0.001933	0.178545	0.002788	0.033194	0.021616	0.044366	0.054523	0.087758	0.035471	0.022041	0.054455	0.048588	0.043553	0.004816	
0.347241	0.002239	0.188085	0.001082	0.026898	0.027758	0.030408	0.052961	0.095520	0.035111	0.010989	0.041794	0.037949	0.090129	0.011837	
0.374394	0.000777	0.187310	0.000653	0.027772	0.023519	0.022708	0.031641	0.096930	0.019357	0.008749	0.042407	0.065611	0.086902	0.011269	
0.310958	0.001103	0.222246	0.001063	0.032047	0.023583	0.026667	0.042791	0.104110	0.027145	0.012431	0.053040	0.047334	0.084616	0.010866	
0.491529	0.007528	0.019192	0.000945	0.042830	0.007437	0.013889	0.105862	0.021670	0.134142	0.005353	0.007990	0.052317	0.021192	0.068124	
0.590735	0.005305	0.012395	0.000786	0.033635	0.006215	0.012050	0.075835	0.019322	0.087258	0.005021	0.005623	0.089096	0.015986	0.040738	
0.383630	0.009077	0.020568	0.000985	0.045072	0.011106	0.027034	0.125676	0.053862	0.162269	0.004772	0.018668	0.014223	0.039676	0.083383	
0.432183	0.007955	0.028808	0.002918	0.036987	0.027203	0.043786	0.111063	0.032383	0.134080	0.015786	0.008888	0.013699	0.038964	0.065297	
0.250453	0.003375	0.078456	0.001016	0.027421	0.014571	0.074109	0.056333	0.204598	0.061973	0.007613	0.083188	0.027193	0.081146	0.028555	
0.347831	0.004957	0.071420	0.002153	0.030640	0.021886	0.059511	0.077348	0.117915	0.083788	0.013609	0.048438	0.024498	0.059119	0.036888	
0.308531	0.000895	0.016344	0.002835	0.010143	0.029058	0.116921	0.012191	0.247225	0.010773	0.015722	0.089910	0.046198	0.088320	0.004934	
0.421713	0.001403	0.036966	0.000825	0.015801	0.018382	0.064288	0.021151	0.170018	0.019484	0.005183	0.057857	0.076359	0.079252	0.011317	
0.229300	0.001887	0.039062	0.001516	0.008641	0.029957	0.112331	0.026187	0.274367	0.022801	0.008064	0.094907	0.018751	0.121711	0.010518	
