0.026721	0.693388	0.048304	0.125043	0.021925	0.055498	0.029120	
0.086882	0.538805	0.118132	0.036401	0.072459	0.021978	0.125343	
0.041209	0.536401	0.149382	0.067651	0.048420	0.086882	0.070055	
0.367007	0.036054	0.312245	0.093197	0.102721	0.024150	0.064626	
0.561658	0.052224	0.028639	0.033356	0.040431	0.247978	0.035714	
0.386434	0.062693	0.084275	0.079479	0.259335	0.053100	0.074683	
0.230924	0.033277	0.035630	0.110924	0.021513	0.541513	0.026218	
0.038435	0.114626	0.314626	0.255102	0.164626	0.069388	0.043197	
0.031442	0.048189	0.572112	0.170198	0.050581	0.098428	0.029050	
0.029473	0.044036	0.029473	0.449376	0.090153	0.320735	0.036755	
0.040053	0.030708	0.360147	0.502670	0.021362	0.021362	0.023698	
0.101587	0.086772	0.096649	0.341093	0.094180	0.247266	0.032451	
0.021115	0.323656	0.069614	0.247443	0.138898	0.134279	0.064995	
0.028108	0.104497	0.134590	0.470238	0.134590	0.058201	0.069775	
0.040241	0.279678	0.040241	0.333669	0.096579	0.162307	0.047284	
0.031367	0.038527	0.062393	0.024207	0.028981	0.033754	0.780771	
0.218568	0.067489	0.108256	0.019527	0.029120	0.019527	0.537513	
0.029120	0.132237	0.081877	0.033916	0.067489	0.036314	0.619048	
0.127136	0.148667	0.560150	0.026658	0.021873	0.067327	0.048189	
0.257555	0.139766	0.053228	0.053228	0.276786	0.113324	0.106113	
0.031144	0.021666	0.033514	0.026405	0.540623	0.102234	0.244414	
0.196949	0.022191	0.121706	0.027046	0.022191	0.544036	0.065881	
0.299139	0.062995	0.072633	0.024441	0.320826	0.183477	0.036489	
0.079862	0.036489	0.431670	0.058176	0.041308	0.272633	0.079862	
