0.028843	0.781812	0.050221	0.038344	0.019342	0.045470	0.035969	
0.214626	0.336054	0.036054	0.024150	0.026531	0.283673	0.078912	
0.128675	0.361121	0.026980	0.024559	0.075406	0.249741	0.133518	
0.385509	0.036227	0.024265	0.021873	0.060150	0.033835	0.438141	
0.023922	0.071092	0.186658	0.061658	0.042790	0.262129	0.351752	
0.146275	0.079289	0.021873	0.055366	0.079289	0.222830	0.395079	
0.026342	0.040527	0.194191	0.040527	0.049983	0.120905	0.527524	
0.036054	0.036054	0.024150	0.271769	0.112245	0.455102	0.064626	
0.275043	0.072633	0.029260	0.277453	0.031670	0.029260	0.284682	
0.053615	0.155310	0.063300	0.395019	0.022138	0.046351	0.264268	
0.295417	0.033121	0.021412	0.581131	0.023754	0.019070	0.026096	
0.058742	0.019812	0.029545	0.202294	0.051442	0.304484	0.333681	
0.028044	0.591554	0.032662	0.164302	0.025734	0.048829	0.108875	
0.149517	0.184482	0.025974	0.228771	0.032967	0.349983	0.028305	
0.040147	0.253262	0.030780	0.086986	0.173637	0.337571	0.077618	
0.145273	0.024500	0.693582	0.024500	0.034161	0.055901	0.022084	
0.154190	0.053228	0.509959	0.026786	0.021978	0.202266	0.031593	
0.038712	0.196985	0.580678	0.033916	0.038712	0.041110	0.069887	
0.310603	0.105353	0.227071	0.043300	0.040914	0.081487	0.191272	
0.026218	0.042689	0.059160	0.037983	0.765042	0.035630	0.033277	
0.031293	0.021769	0.112245	0.033673	0.302721	0.214626	0.283673	
0.189667	0.063454	0.194521	0.102288	0.109570	0.034327	0.306172	
0.019527	0.029120	0.292909	0.077081	0.201781	0.271326	0.108256	
0.355102	0.033673	0.224150	0.133673	0.036054	0.026531	0.190816	
