0.036054	0.017007	0.019388	0.019388	0.031293	0.845578	0.031293	
0.038619	0.076897	0.081681	0.088859	0.050581	0.055366	0.607997	
0.024323	0.060295	0.045906	0.036314	0.050702	0.048304	0.734156	
0.259864	0.450340	0.052721	0.112245	0.038435	0.036054	0.050340	
0.720993	0.040241	0.044936	0.035547	0.054326	0.033199	0.070758	
0.408356	0.219677	0.118261	0.047507	0.120620	0.030997	0.054582	
0.282689	0.035630	0.369748	0.042689	0.035630	0.042689	0.190924	
0.043197	0.145578	0.226531	0.367007	0.026531	0.024150	0.167007	
0.031442	0.375940	0.052973	0.354409	0.021873	0.124744	0.038619	
0.029545	0.126868	0.199861	0.460202	0.027112	0.102537	0.053876	
0.032967	0.191475	0.282384	0.361638	0.028305	0.063270	0.039960	
0.027178	0.051568	0.414983	0.388153	0.032056	0.058885	0.027178	
0.032814	0.139543	0.037454	0.278754	0.023533	0.448127	0.039775	
0.039960	0.240426	0.023643	0.338328	0.042291	0.207792	0.107559	
0.054072	0.016689	0.215287	0.182577	0.056409	0.423231	0.051736	
0.038805	0.041209	0.021978	0.058036	0.584478	0.026786	0.228709	
0.033754	0.024207	0.019434	0.040914	0.792704	0.028981	0.060007	
0.062543	0.021873	0.103213	0.041012	0.313739	0.088859	0.368763	
0.062245	0.086054	0.255102	0.028912	0.217007	0.212245	0.138435	
0.050221	0.480149	0.142857	0.040719	0.211741	0.033593	0.040719	
0.111713	0.400812	0.182803	0.045362	0.142519	0.024035	0.092756	
0.455335	0.051442	0.070907	0.022245	0.134168	0.024678	0.241223	
0.275707	0.179089	0.171843	0.031746	0.029331	0.024500	0.287785	
0.375940	0.165414	0.076897	0.041012	0.186945	0.084074	0.069720	
