0.047959	0.102721	0.262245	0.033673	0.019388	0.505102	0.028912	
0.026218	0.268571	0.202689	0.023866	0.040336	0.400336	0.037983	
0.099620	0.196472	0.457973	0.026980	0.029402	0.145624	0.043929	
0.035884	0.033514	0.028775	0.028775	0.095125	0.019296	0.758632	
0.182371	0.154002	0.189463	0.054711	0.092536	0.028707	0.298210	
0.037894	0.176392	0.019115	0.042589	0.059021	0.035547	0.629443	
0.525160	0.033435	0.028707	0.040527	0.019250	0.045255	0.307666	
0.035630	0.788571	0.028571	0.033277	0.052101	0.030924	0.030924	
0.128055	0.320826	0.031670	0.229260	0.156971	0.029260	0.103959	
0.169019	0.034079	0.029260	0.590706	0.019621	0.031670	0.125645	
0.207792	0.079587	0.032967	0.552781	0.063270	0.039960	0.023643	
0.027046	0.046463	0.022191	0.650832	0.017337	0.031900	0.204230	
0.025616	0.306076	0.044007	0.064696	0.037110	0.489984	0.032512	
0.035298	0.184482	0.046953	0.207792	0.144855	0.354645	0.025974	
0.103379	0.033121	0.033121	0.283707	0.021412	0.480428	0.044831	
0.026721	0.074683	0.669407	0.036314	0.026721	0.134635	0.031518	
0.017253	0.125949	0.570393	0.046239	0.038992	0.135611	0.065562	
0.084275	0.033916	0.729359	0.053100	0.038712	0.021925	0.038712	
0.021769	0.057483	0.393197	0.052721	0.274150	0.036054	0.164626	
0.117007	0.045578	0.100340	0.105102	0.559864	0.021769	0.050340	
0.081487	0.110126	0.038527	0.052847	0.418002	0.086260	0.212751	
0.323162	0.036755	0.022191	0.019764	0.121706	0.257628	0.218793	
0.248537	0.132874	0.043718	0.031670	0.091910	0.409983	0.041308	
0.387902	0.055366	0.029050	0.036227	0.244361	0.182160	0.064935	
