0.545520	0.007263	0.018339	0.000934	0.014187	0.014523	0.051271	0.101741	0.018624	0.170813	0.007435	0.008104	0.020434	0.015512	0.005301	
0.500206	0.002888	0.068840	0.000821	0.038839	0.023183	0.029179	0.110351	0.030394	0.089875	0.007965	0.022221	0.040460	0.026056	0.008723	
0.520083	0.004326	0.058224	0.001013	0.028039	0.025924	0.040246	0.119425	0.023013	0.103539	0.009725	0.015918	0.016118	0.025676	0.008730	
0.523531	0.000934	0.019823	0.015081	0.004729	0.071839	0.194353	0.010961	0.015654	0.012017	0.089174	0.017609	0.007861	0.012230	0.004205	
0.404092	0.002517	0.079617	0.005162	0.015660	0.040580	0.091052	0.038633	0.113952	0.023786	0.031175	0.040864	0.026022	0.067474	0.019414	
0.482524	0.001896	0.035751	0.008755	0.011228	0.050324	0.132220	0.041378	0.076721	0.022054	0.052601	0.031798	0.007494	0.036948	0.008307	
0.484522	0.001393	0.055652	0.006070	0.024568	0.040242	0.093261	0.064946	0.066123	0.034095	0.037613	0.032381	0.024125	0.028772	0.006237	
0.353326	0.004019	0.125616	0.000798	0.020622	0.036016	0.041494	0.065995	0.110653	0.038168	0.006854	0.037062	0.027022	0.098468	0.033887	
0.331762	0.005650	0.091584	0.003361	0.007108	0.049395	0.082211	0.029840	0.110201	0.040499	0.020003	0.029872	0.019995	0.131142	0.047377	
0.306792	0.002439	0.168479	0.002595	0.012564	0.027192	0.055596	0.022492	0.172116	0.016758	0.016169	0.058990	0.045797	0.072065	0.019955	
0.217268	0.003968	0.203306	0.000684	0.010372	0.032826	0.037975	0.010228	0.187537	0.011211	0.004462	0.057933	0.051495	0.127454	0.043280	
0.310867	0.001056	0.204358	0.002883	0.015256	0.019221	0.047349	0.021463	0.177127	0.014770	0.018390	0.066502	0.058838	0.035898	0.006023	
0.458737	0.002495	0.105561	0.000759	0.029595	0.022649	0.031980	0.102581	0.079965	0.060283	0.008158	0.035896	0.025613	0.029292	0.006437	
0.366619	0.001881	0.144704	0.000774	0.028826	0.020385	0.028636	0.059853	0.131920	0.037295	0.006431	0.051181	0.053524	0.053665	0.014307	
0.401689	0.001288	0.144523	0.000987	0.029713	0.020853	0.029295	0.079326	0.120660	0.031904	0.008934	0.050094	0.039948	0.034286	0.006499	
0.502082	0.001152	0.014908	0.000574	0.061905	0.005838	0.016109	0.072403	0.042396	0.111494	0.002454	0.031221	0.112282	0.020319	0.004864	
0.520097	0.001674	0.012903	0.000794	0.060896	0.007447	0.017554	0.079195	0.017730	0.126010	0.004111	0.023846	0.109483	0.013752	0.004508	
0.442373	0.002376	0.044732	0.000836	0.038126	0.017207	0.037742	0.066804	0.105084	0.067853	0.005124	0.041258	0.060563	0.055939	0.013982	
0.367362	0.004377	0.063124	0.002540	0.026091	0.041906	0.063387	0.039386	0.085404	0.053411	0.014524	0.027827	0.049609	0.117956	0.043094	
0.310566	0.005655	0.083873	0.002366	0.021742	0.055760	0.065156	0.032257	0.076554	0.041930	0.013560	0.020356	0.042234	0.164025	0.063967	
0.339167	0.004799	0.081586	0.002805	0.022422	0.052961	0.068098	0.040864	0.079145	0.036123	0.016742	0.023800	0.036390	0.141345	0.053753	
0.416647	0.002878	0.038373	0.002994	0.008931	0.021558	0.084952	0.040812	0.196333	0.025621	0.017614	0.060617	0.010688	0.063916	0.008067	
0.388316	0.003404	0.025583	0.000760	0.004575	0.008169	0.072439	0.033902	0.265718	0.023693	0.003522	0.076726	0.007661	0.078511	0.007022	
0.254458	0.007357	0.080500	0.001007	0.007009	0.060053	0.070620	0.026510	0.137196	0.019579	0.005432	0.028512	0.009888	0.213690	0.078190	
