0.024092	0.026468	0.045470	0.019342	0.038344	0.805565	0.040719	
0.085444	0.258021	0.033435	0.099629	0.113813	0.371496	0.038163	
0.031978	0.107404	0.046576	0.034411	0.484532	0.214460	0.080640	
0.375043	0.432322	0.045687	0.040914	0.026594	0.028981	0.050460	
0.489699	0.038163	0.026342	0.274569	0.120905	0.026342	0.023978	
0.217318	0.021563	0.054582	0.372978	0.273922	0.038073	0.021563	
0.803656	0.019296	0.031144	0.040623	0.019296	0.040623	0.045362	
0.040816	0.290816	0.178912	0.152721	0.217007	0.086054	0.033673	
0.065091	0.484755	0.244947	0.065091	0.057897	0.055498	0.026721	
0.097909	0.032056	0.505226	0.046690	0.114983	0.063763	0.139373	
0.049631	0.021462	0.603622	0.049631	0.174044	0.044936	0.056673	
0.078397	0.024739	0.295470	0.378397	0.019861	0.110105	0.093031	
0.030494	0.035134	0.589659	0.032814	0.248591	0.035134	0.028174	
0.061658	0.130054	0.309299	0.184299	0.181941	0.040431	0.092318	
0.113277	0.030924	0.468571	0.179160	0.087395	0.089748	0.030924	
0.019342	0.278249	0.057346	0.038344	0.439769	0.043095	0.123855	
0.028843	0.294876	0.033593	0.026468	0.492026	0.040719	0.083475	
0.046127	0.219621	0.079862	0.024441	0.501549	0.022031	0.106368	
0.031293	0.224150	0.057483	0.036054	0.031293	0.047959	0.571769	
0.041012	0.036227	0.048189	0.497949	0.158237	0.052973	0.165414	
0.028981	0.119673	0.045687	0.437095	0.038527	0.057620	0.272417	
0.347332	0.140103	0.062995	0.173838	0.234079	0.017212	0.024441	
0.219326	0.031978	0.160932	0.212026	0.299618	0.041710	0.034411	
0.313597	0.185886	0.137694	0.089501	0.193115	0.031670	0.048537	
