0.523808	0.006172	0.048805	0.000940	0.037551	0.034713	0.021690	0.075919	0.078324	0.091271	0.004918	0.008887	0.039018	0.020809	0.007173	
0.510988	0.006264	0.053050	0.002024	0.033457	0.028017	0.015923	0.082221	0.035993	0.090300	0.012422	0.024161	0.027042	0.059824	0.018315	
0.570870	0.007150	0.022456	0.000985	0.041648	0.029412	0.011914	0.097499	0.032257	0.111265	0.005236	0.010983	0.028626	0.022053	0.007646	
0.526353	0.009259	0.022024	0.014614	0.005871	0.054328	0.024922	0.013524	0.026844	0.011791	0.100191	0.011682	0.008793	0.021119	0.148684	
0.278472	0.001177	0.084525	0.000925	0.036707	0.042702	0.177009	0.026361	0.186751	0.022245	0.004848	0.064095	0.017970	0.049141	0.007070	
0.330940	0.001395	0.102069	0.001329	0.022149	0.028154	0.101779	0.031201	0.153077	0.014635	0.007381	0.070078	0.012421	0.112582	0.010811	
0.271818	0.001095	0.073142	0.000788	0.041209	0.048140	0.201910	0.022395	0.207443	0.021103	0.003964	0.060865	0.018368	0.021998	0.005763	
0.383005	0.003002	0.115911	0.001957	0.018772	0.031504	0.040510	0.038072	0.128807	0.036944	0.011837	0.037328	0.042428	0.092489	0.017436	
0.278596	0.002631	0.167271	0.001353	0.022944	0.029031	0.066212	0.028772	0.102098	0.032170	0.007682	0.065574	0.024046	0.160352	0.011268	
0.347707	0.001697	0.137193	0.001826	0.012408	0.037493	0.039727	0.024841	0.180807	0.027036	0.010971	0.020848	0.074890	0.066403	0.016154	
0.353376	0.001877	0.132372	0.002238	0.012546	0.041521	0.043260	0.019931	0.192682	0.024425	0.013877	0.014231	0.078723	0.048470	0.020473	
0.299730	0.002025	0.135045	0.002661	0.019346	0.041623	0.090462	0.011137	0.174168	0.012484	0.016835	0.043872	0.042561	0.083183	0.024867	
0.437040	0.005147	0.100004	0.001873	0.028389	0.033764	0.024624	0.052680	0.085431	0.064470	0.011360	0.025859	0.036582	0.076040	0.016736	
0.347913	0.003846	0.158135	0.000953	0.023480	0.026693	0.023321	0.041100	0.081389	0.049556	0.004867	0.050244	0.029824	0.151594	0.007084	
0.396031	0.003514	0.101472	0.000984	0.027836	0.033171	0.054150	0.048542	0.120745	0.053662	0.005146	0.034412	0.039571	0.073260	0.007504	
0.473118	0.002147	0.025765	0.002118	0.017305	0.015784	0.026441	0.124642	0.041602	0.109615	0.013139	0.015199	0.090413	0.023329	0.019384	
0.465244	0.002960	0.049492	0.002587	0.016046	0.015083	0.009557	0.114153	0.023689	0.102227	0.016353	0.022229	0.076933	0.059294	0.024154	
0.455685	0.001304	0.024233	0.001371	0.017979	0.013798	0.036818	0.133306	0.045882	0.116517	0.007961	0.015862	0.099931	0.017658	0.011696	
0.491181	0.006239	0.034625	0.009308	0.010090	0.037746	0.024642	0.054851	0.034017	0.047627	0.063204	0.017703	0.038595	0.036427	0.093745	
0.256528	0.001296	0.180380	0.001178	0.013867	0.016769	0.042653	0.051534	0.066675	0.045398	0.006420	0.071010	0.043581	0.193319	0.009391	
0.333265	0.003432	0.151921	0.004591	0.008401	0.025060	0.018508	0.036547	0.059626	0.031335	0.030176	0.054587	0.035060	0.162816	0.044675	
0.308976	0.002106	0.099113	0.002333	0.027596	0.037174	0.129929	0.021771	0.154451	0.013434	0.014514	0.067375	0.008497	0.091314	0.021417	
0.528828	0.000937	0.025108	0.000798	0.006044	0.007793	0.017931	0.062482	0.159770	0.013256	0.003211	0.059434	0.011787	0.098040	0.004579	
0.308051	0.002747	0.095315	0.002766	0.031541	0.042750	0.137115	0.023577	0.147572	0.023789	0.017659	0.057324	0.016197	0.067498	0.026099	
