0.131921	0.029050	0.086466	0.617567	0.079289	0.029050	0.026658	
0.050340	0.131293	0.081293	0.547959	0.124150	0.038435	0.026531	
0.048420	0.089286	0.031593	0.603709	0.158997	0.021978	0.046016	
0.043404	0.330485	0.050581	0.031442	0.340055	0.174983	0.029050	
0.026280	0.019205	0.033356	0.061658	0.155997	0.634771	0.068733	
0.054971	0.211741	0.064472	0.043095	0.052596	0.375636	0.197489	
0.066532	0.038163	0.023978	0.021614	0.766295	0.057075	0.026342	
0.469241	0.191729	0.038619	0.057758	0.038619	0.146275	0.057758	
0.403727	0.195997	0.101794	0.024500	0.174258	0.051070	0.048654	
0.607143	0.034327	0.061026	0.044036	0.065881	0.085298	0.102288	
0.553028	0.051857	0.173637	0.049515	0.096353	0.023754	0.051857	
0.368641	0.075958	0.066202	0.044251	0.344251	0.049129	0.051568	
0.499171	0.067617	0.097779	0.188266	0.035134	0.074577	0.037454	
0.543457	0.123876	0.058608	0.165834	0.028305	0.028305	0.051615	
0.336807	0.028571	0.037983	0.374454	0.162689	0.030924	0.028571	
0.019342	0.648795	0.214116	0.021717	0.043095	0.028843	0.024092	
0.024207	0.081487	0.764064	0.028981	0.021821	0.019434	0.060007	
0.024265	0.155844	0.481203	0.127136	0.141490	0.038619	0.031442	
0.031144	0.061950	0.550102	0.038253	0.116452	0.080907	0.121192	
0.050340	0.202721	0.043197	0.081293	0.045578	0.467007	0.109864	
0.023922	0.061658	0.049865	0.035714	0.030997	0.028639	0.769205	
0.029260	0.125645	0.026850	0.046127	0.135284	0.605164	0.031670	
0.063147	0.031746	0.022084	0.237060	0.118703	0.408558	0.118703	
0.135611	0.101794	0.198413	0.080055	0.152519	0.285369	0.046239	
