0.391551	0.014777	0.012849	0.000877	0.033668	0.019802	0.067007	0.088639	0.027814	0.161421	0.019526	0.016488	0.010226	0.013008	0.122347	
0.511091	0.006498	0.071662	0.004526	0.025980	0.026027	0.015894	0.069410	0.030550	0.083306	0.013129	0.025021	0.042588	0.022407	0.051911	
0.491227	0.011198	0.035939	0.003632	0.028264	0.020936	0.014436	0.084396	0.019697	0.131877	0.012774	0.012244	0.026199	0.015041	0.092141	
0.541707	0.001188	0.036608	0.004334	0.015273	0.056275	0.122546	0.011443	0.073845	0.012537	0.035086	0.032944	0.007789	0.042184	0.006241	
0.327707	0.001695	0.097091	0.001759	0.027334	0.029210	0.101712	0.043002	0.130945	0.022170	0.021941	0.070557	0.049983	0.068184	0.006711	
0.415522	0.001449	0.067443	0.002560	0.022192	0.043132	0.123394	0.026353	0.106084	0.016425	0.029873	0.054497	0.028418	0.056203	0.006454	
0.446444	0.001106	0.025538	0.000879	0.024266	0.060545	0.211885	0.011542	0.069402	0.011670	0.047840	0.047606	0.008089	0.027064	0.006123	
0.379579	0.003904	0.121789	0.002270	0.015417	0.038787	0.041373	0.038102	0.121235	0.046610	0.010721	0.022893	0.021683	0.106651	0.028988	
0.426941	0.003091	0.106875	0.002564	0.012096	0.050130	0.068735	0.021834	0.108921	0.033505	0.018056	0.016682	0.007449	0.099900	0.023219	
0.320705	0.001559	0.158673	0.000688	0.018672	0.042209	0.073050	0.032860	0.125710	0.022454	0.013254	0.034430	0.033975	0.112064	0.009699	
0.332278	0.002411	0.139370	0.001900	0.009583	0.044174	0.050102	0.020165	0.168581	0.023828	0.010166	0.026304	0.011943	0.144039	0.015157	
0.342310	0.000953	0.152005	0.000829	0.022933	0.041961	0.091067	0.034810	0.101672	0.016591	0.018039	0.043416	0.043085	0.085490	0.004840	
0.429863	0.003148	0.132584	0.003018	0.017850	0.038123	0.028324	0.044062	0.085460	0.043488	0.010012	0.021584	0.034615	0.083983	0.023885	
0.417393	0.001155	0.156560	0.003396	0.021086	0.034410	0.029257	0.043361	0.086417	0.020989	0.009972	0.040442	0.054115	0.075357	0.006090	
0.299144	0.001053	0.226726	0.000802	0.045606	0.008575	0.027618	0.093595	0.028381	0.035711	0.003821	0.077248	0.124790	0.020964	0.005966	
0.532954	0.000998	0.019737	0.002386	0.036136	0.013860	0.010695	0.127459	0.025492	0.100027	0.006585	0.009795	0.091919	0.016709	0.005248	
0.533585	0.001222	0.011937	0.002239	0.036787	0.013621	0.015100	0.129373	0.023616	0.103812	0.007450	0.009201	0.091119	0.013787	0.007149	
0.482953	0.001401	0.028604	0.000983	0.038718	0.012665	0.023188	0.132905	0.029686	0.106963	0.006237	0.010089	0.093945	0.022658	0.009005	
0.445386	0.009093	0.045323	0.002460	0.023495	0.033830	0.063049	0.057883	0.055525	0.100472	0.019807	0.016636	0.010435	0.042542	0.074062	
0.321276	0.002328	0.077183	0.004640	0.014627	0.018563	0.025096	0.035952	0.226746	0.021836	0.008644	0.072814	0.036207	0.127549	0.006538	
0.333992	0.003983	0.058233	0.003089	0.018644	0.024838	0.061453	0.041534	0.182784	0.043372	0.015486	0.059053	0.026883	0.103243	0.023413	
0.302516	0.002392	0.056073	0.003902	0.011296	0.026612	0.061130	0.021194	0.248498	0.016407	0.015009	0.070920	0.016581	0.140733	0.006737	
0.218706	0.003660	0.061832	0.002709	0.011837	0.018972	0.050404	0.030651	0.286554	0.031833	0.009144	0.072998	0.016623	0.168114	0.015962	
0.403732	0.003020	0.057732	0.004436	0.010474	0.037431	0.060297	0.018879	0.178649	0.024819	0.018368	0.046815	0.008384	0.110601	0.016362	
