0.017047	0.537334	0.155472	0.019434	0.024207	0.215138	0.031367	
0.065091	0.554299	0.077081	0.053100	0.110654	0.033916	0.105858	
0.033916	0.662213	0.048304	0.045906	0.096266	0.045906	0.067489	
0.026721	0.060295	0.021925	0.036314	0.041110	0.165810	0.647825	
0.493261	0.030997	0.049865	0.104111	0.101752	0.127695	0.092318	
0.489650	0.035969	0.024092	0.192738	0.052596	0.119104	0.085850	
0.664626	0.033673	0.036054	0.021769	0.038435	0.171769	0.033673	
0.110924	0.150924	0.207395	0.139160	0.092101	0.235630	0.063866	
0.058316	0.089717	0.162181	0.367495	0.026915	0.224983	0.070393	
0.036934	0.027178	0.607666	0.095470	0.085714	0.080836	0.066202	
0.087190	0.028504	0.507378	0.084842	0.061368	0.176392	0.054326	
0.134824	0.027244	0.438002	0.056584	0.029689	0.066364	0.247293	
0.023588	0.232890	0.391030	0.067774	0.077076	0.130565	0.077076	
0.032738	0.028108	0.407738	0.208664	0.074405	0.162368	0.085979	
0.051736	0.121829	0.467623	0.075100	0.082109	0.086782	0.114820	
0.026594	0.136379	0.050460	0.033754	0.494374	0.193658	0.064780	
0.021925	0.204180	0.031518	0.074683	0.494347	0.069887	0.103460	
0.077266	0.060440	0.043613	0.031593	0.577266	0.149382	0.060440	
0.067327	0.036227	0.038619	0.050581	0.213260	0.151059	0.442925	
0.149274	0.101993	0.130361	0.399865	0.144546	0.033435	0.040527	
0.050581	0.033835	0.196514	0.318524	0.143882	0.017088	0.239576	
0.581067	0.024441	0.038898	0.130465	0.036489	0.079862	0.108778	
0.549267	0.031367	0.031367	0.076713	0.200818	0.091033	0.019434	
0.382555	0.029190	0.050824	0.103709	0.055632	0.211882	0.166209	
