0.429589	0.005555	0.046053	0.000761	0.023500	0.033204	0.021453	0.189285	0.043736	0.116072	0.010237	0.013734	0.017889	0.028443	0.020491	
0.433910	0.005458	0.044426	0.002188	0.021184	0.015662	0.041449	0.177957	0.041597	0.113083	0.006243	0.015128	0.022059	0.048791	0.010865	
0.441258	0.006213	0.038642	0.001240	0.022040	0.017473	0.018386	0.209716	0.040825	0.125321	0.007955	0.012707	0.019579	0.026621	0.012023	
0.438954	0.001425	0.063304	0.003287	0.028682	0.048727	0.057037	0.023306	0.119994	0.045780	0.013054	0.056595	0.046445	0.024055	0.029356	
0.321500	0.001957	0.078952	0.000761	0.018378	0.008762	0.127954	0.030594	0.194972	0.021511	0.006110	0.103452	0.024999	0.052487	0.007611	
0.332430	0.004359	0.083414	0.001192	0.017347	0.010063	0.091600	0.043976	0.167631	0.030316	0.013882	0.070226	0.028078	0.091611	0.013874	
0.367136	0.000903	0.061978	0.000578	0.027721	0.064000	0.089077	0.010222	0.170666	0.026686	0.012822	0.089995	0.026188	0.014900	0.037126	
0.297590	0.003124	0.153531	0.001006	0.014603	0.017377	0.107715	0.031028	0.097707	0.024448	0.017294	0.025090	0.031034	0.162217	0.016235	
0.297508	0.001232	0.159541	0.001158	0.016757	0.036489	0.128770	0.016215	0.071227	0.024063	0.014234	0.020924	0.027435	0.161693	0.022752	
0.379340	0.002742	0.143324	0.000722	0.024093	0.030441	0.021539	0.014526	0.150090	0.018470	0.027852	0.042755	0.060005	0.059091	0.025011	
0.389697	0.001532	0.147041	0.001088	0.025150	0.034233	0.032281	0.014978	0.130070	0.022956	0.024486	0.039666	0.060820	0.052094	0.023910	
0.375969	0.001200	0.141372	0.000866	0.024174	0.027807	0.049486	0.011278	0.150757	0.017793	0.021484	0.056172	0.057461	0.044668	0.019514	
0.406097	0.002031	0.135532	0.001285	0.024129	0.019599	0.028437	0.053049	0.118414	0.040897	0.020398	0.038061	0.059618	0.037979	0.014475	
0.376847	0.002475	0.144680	0.001263	0.021592	0.017373	0.043923	0.036759	0.122859	0.030382	0.021616	0.035952	0.055823	0.073189	0.015265	
0.406386	0.004013	0.110855	0.000987	0.022196	0.009834	0.018423	0.094954	0.118496	0.058351	0.019280	0.036498	0.050482	0.038171	0.011075	
0.654603	0.001224	0.016629	0.012713	0.033128	0.004332	0.015473	0.012987	0.025743	0.084903	0.003315	0.009413	0.100455	0.020889	0.004193	
0.629850	0.002256	0.016564	0.011800	0.031846	0.008323	0.012598	0.018858	0.033825	0.083013	0.006216	0.008167	0.092898	0.035123	0.008663	
0.493403	0.002380	0.051857	0.006252	0.027118	0.037850	0.054516	0.064486	0.024118	0.082992	0.007460	0.006940	0.048986	0.069203	0.022442	
0.476328	0.001115	0.018806	0.002675	0.041738	0.163994	0.017881	0.009861	0.028190	0.069637	0.023071	0.007309	0.021301	0.025333	0.092761	
0.332277	0.003352	0.082801	0.001836	0.016882	0.010536	0.117016	0.043403	0.144741	0.034666	0.008557	0.067345	0.024480	0.100929	0.011179	
0.299302	0.014082	0.056913	0.002556	0.009905	0.012822	0.017142	0.023753	0.171853	0.020825	0.040207	0.007495	0.020813	0.261149	0.041181	
0.312302	0.001437	0.087999	0.001117	0.018273	0.017655	0.141167	0.012497	0.178182	0.016394	0.006296	0.094559	0.023436	0.076448	0.012239	
0.316516	0.008303	0.071648	0.000940	0.015018	0.014086	0.054199	0.048685	0.175308	0.029762	0.025014	0.049006	0.022772	0.142847	0.025896	
0.323291	0.001541	0.106208	0.001277	0.020723	0.052667	0.121841	0.018429	0.098289	0.031029	0.012046	0.043867	0.019634	0.117436	0.031723	
