0.031071	0.019250	0.045255	0.031071	0.023978	0.820669	0.028707	
0.026342	0.194191	0.232016	0.064168	0.213104	0.241472	0.028707	
0.021821	0.141152	0.458575	0.038527	0.145926	0.176952	0.017047	
0.050581	0.387902	0.021873	0.041012	0.033835	0.201299	0.263500	
0.023978	0.035799	0.087808	0.191827	0.208376	0.130361	0.321851	
0.038712	0.113052	0.213772	0.029120	0.196985	0.110654	0.297705	
0.070924	0.047395	0.299160	0.052101	0.037983	0.033277	0.459160	
0.333673	0.038435	0.433673	0.052721	0.064626	0.033673	0.043197	
0.472633	0.262995	0.024441	0.031670	0.026850	0.046127	0.135284	
0.564511	0.024559	0.053615	0.029402	0.024559	0.240055	0.063300	
0.432260	0.199866	0.113011	0.035547	0.019115	0.164655	0.035547	
0.406217	0.083479	0.151939	0.039469	0.217953	0.029689	0.071254	
0.120422	0.041900	0.187397	0.028044	0.226658	0.367535	0.028044	
0.109635	0.123588	0.174751	0.039867	0.444518	0.077076	0.030565	
0.119772	0.054199	0.161927	0.147876	0.332887	0.150217	0.033121	
0.017047	0.258098	0.181725	0.429935	0.050460	0.026594	0.036140	
0.021978	0.122940	0.178228	0.606113	0.024382	0.021978	0.024382	
0.029120	0.153820	0.069887	0.475163	0.019527	0.180199	0.072285	
0.282638	0.227614	0.036227	0.062543	0.055366	0.222830	0.112782	
0.031071	0.120905	0.099629	0.201283	0.473151	0.028707	0.045255	
0.200340	0.067007	0.038435	0.169388	0.393197	0.045578	0.086054	
0.063919	0.191058	0.056584	0.147049	0.044359	0.019909	0.477122	
0.067814	0.026850	0.564200	0.036489	0.111188	0.031670	0.161790	
0.072633	0.229260	0.026850	0.075043	0.031670	0.181067	0.383477	
