0.543905	0.000933	0.058718	0.000575	0.025887	0.016275	0.021719	0.080611	0.027164	0.155889	0.004109	0.020249	0.018527	0.018273	0.007165	
0.392997	0.009253	0.086617	0.000683	0.024467	0.016532	0.040424	0.109074	0.045400	0.076781	0.025427	0.011460	0.020672	0.129917	0.010297	
0.457292	0.003535	0.060070	0.000825	0.026885	0.023495	0.043100	0.083782	0.057934	0.117332	0.013276	0.015047	0.021363	0.061982	0.014081	
0.353714	0.003933	0.076210	0.004599	0.016282	0.049854	0.065708	0.036284	0.150251	0.013332	0.015886	0.053104	0.020495	0.102946	0.037403	
0.279736	0.002699	0.094646	0.002622	0.044723	0.006226	0.160700	0.027092	0.215232	0.016042	0.039168	0.025651	0.042793	0.038199	0.004470	
0.358341	0.007927	0.094496	0.003483	0.024887	0.014285	0.068809	0.071019	0.117591	0.018848	0.029160	0.038074	0.027818	0.114647	0.010615	
0.315246	0.000847	0.086677	0.003823	0.034612	0.025589	0.133709	0.011607	0.210990	0.013416	0.027150	0.043349	0.037545	0.036325	0.019116	
0.416373	0.006188	0.104240	0.003497	0.014960	0.026234	0.032774	0.063671	0.083275	0.032858	0.016307	0.051711	0.024196	0.104657	0.019060	
0.277040	0.002212	0.086635	0.001246	0.009108	0.097665	0.066804	0.031293	0.133900	0.030320	0.006708	0.032976	0.020058	0.131226	0.072808	
0.389110	0.001136	0.158203	0.001053	0.024932	0.016146	0.083127	0.024917	0.111846	0.038747	0.017958	0.049786	0.044646	0.027282	0.011110	
0.289304	0.001377	0.132029	0.000748	0.005986	0.090899	0.060524	0.017905	0.119722	0.014632	0.004484	0.046684	0.033323	0.113994	0.068390	
0.345081	0.000800	0.168929	0.000836	0.028965	0.014864	0.108834	0.014199	0.139828	0.021308	0.022994	0.048157	0.051927	0.022481	0.010797	
0.461117	0.002284	0.150685	0.000855	0.017132	0.017614	0.033284	0.048368	0.049590	0.066188	0.009363	0.050988	0.038827	0.042305	0.011401	
0.380700	0.005636	0.167408	0.000890	0.012499	0.029519	0.037910	0.054561	0.059865	0.023945	0.015893	0.050664	0.037900	0.100748	0.021863	
0.430508	0.003217	0.185243	0.000710	0.017121	0.009987	0.041429	0.042082	0.055074	0.033838	0.014036	0.058290	0.053389	0.048028	0.007048	
0.533551	0.001004	0.019890	0.001422	0.033409	0.009612	0.011881	0.091516	0.031591	0.112324	0.003135	0.017279	0.106261	0.019997	0.007127	
0.517153	0.001960	0.021193	0.002693	0.029739	0.013888	0.017833	0.084160	0.054516	0.098808	0.005852	0.026318	0.079341	0.036680	0.009866	
0.468333	0.002949	0.028984	0.000583	0.031214	0.023260	0.024082	0.097266	0.038859	0.104205	0.008108	0.007606	0.088423	0.059069	0.017060	
0.342241	0.001029	0.024007	0.002406	0.018138	0.083277	0.064746	0.044430	0.138628	0.066566	0.005542	0.023388	0.024914	0.099462	0.061226	
0.426660	0.007670	0.080751	0.004495	0.020749	0.010154	0.035985	0.077228	0.090670	0.028671	0.022047	0.048099	0.032013	0.107268	0.007540	
0.320926	0.010651	0.087139	0.000664	0.026694	0.022513	0.057857	0.109161	0.070113	0.039957	0.031426	0.006838	0.041630	0.157594	0.016838	
0.467667	0.000814	0.033171	0.009195	0.017842	0.028570	0.056499	0.010784	0.190396	0.011977	0.010042	0.086198	0.014321	0.041206	0.021318	
0.446570	0.006038	0.063947	0.006882	0.019428	0.011081	0.043847	0.054580	0.131705	0.018231	0.020244	0.065905	0.015627	0.087901	0.008012	
0.350505	0.000805	0.045512	0.004486	0.017819	0.067832	0.074878	0.022539	0.171224	0.029867	0.009190	0.047644	0.025072	0.082013	0.050614	
