0.023978	0.023978	0.016886	0.035799	0.026342	0.047619	0.825397	
0.080716	0.031071	0.144546	0.092536	0.052347	0.146910	0.451874	
0.108516	0.120536	0.142170	0.026786	0.077266	0.067651	0.457074	
0.683673	0.057483	0.026531	0.031293	0.045578	0.128912	0.026531	
0.336016	0.235077	0.270288	0.049631	0.028504	0.042589	0.037894	
0.655997	0.115903	0.028639	0.054582	0.021563	0.094677	0.028639	
0.246201	0.600811	0.023978	0.035799	0.028707	0.031071	0.033435	
0.057346	0.033593	0.033593	0.078724	0.033593	0.724805	0.038344	
0.026658	0.048189	0.019481	0.442925	0.024265	0.416610	0.021873	
0.037024	0.186168	0.103039	0.523577	0.061474	0.032134	0.056584	
0.051979	0.124748	0.028504	0.587190	0.030852	0.129443	0.047284	
0.046576	0.058742	0.489399	0.282586	0.024678	0.039277	0.058742	
0.067932	0.023643	0.412920	0.224109	0.035298	0.142524	0.093573	
0.096353	0.070592	0.442958	0.215791	0.047173	0.098695	0.028438	
0.197090	0.032738	0.590608	0.048942	0.044312	0.037368	0.048942	
0.024207	0.040914	0.040914	0.033754	0.754518	0.081487	0.024207	
0.048420	0.026786	0.026786	0.019574	0.596497	0.120536	0.161401	
0.126531	0.028912	0.031293	0.047959	0.714626	0.024150	0.026531	
0.033673	0.038435	0.024150	0.459864	0.319388	0.078912	0.045578	
0.045042	0.277983	0.200336	0.040336	0.299160	0.115630	0.021513	
0.074150	0.188435	0.207483	0.181293	0.247959	0.071769	0.028912	
0.029260	0.742513	0.019621	0.036489	0.024441	0.113597	0.034079	
0.220966	0.446386	0.043508	0.038712	0.153820	0.050702	0.045906	
0.083873	0.346403	0.028981	0.105353	0.038527	0.375043	0.021821	
