0.529387	0.003558	0.049006	0.000748	0.023728	0.015063	0.021549	0.103946	0.038965	0.104289	0.003675	0.021686	0.039942	0.028424	0.016036	
0.553741	0.003338	0.067520	0.002264	0.020287	0.017316	0.043915	0.089920	0.021784	0.084759	0.009130	0.021825	0.026243	0.033642	0.004315	
0.514395	0.003256	0.056111	0.001641	0.023203	0.025133	0.044225	0.091339	0.051330	0.089002	0.006896	0.026861	0.031810	0.029149	0.005650	
0.582358	0.000932	0.058998	0.011559	0.017666	0.038920	0.136289	0.034057	0.024004	0.007423	0.034500	0.008892	0.008512	0.030337	0.005554	
0.403406	0.003255	0.085689	0.006787	0.022534	0.042998	0.104372	0.029429	0.095808	0.014443	0.031271	0.044453	0.026456	0.083158	0.005940	
0.508379	0.001931	0.072323	0.009746	0.019295	0.040096	0.124076	0.030284	0.052238	0.007872	0.034031	0.023819	0.015242	0.054762	0.005907	
0.283430	0.000861	0.034750	0.004596	0.024786	0.099844	0.145620	0.020784	0.261185	0.011210	0.014059	0.063905	0.009330	0.019670	0.005968	
0.485414	0.001094	0.217324	0.001133	0.006427	0.010151	0.080195	0.013030	0.038269	0.011622	0.009898	0.011049	0.011563	0.091297	0.011534	
0.329026	0.002871	0.170735	0.000773	0.014909	0.029488	0.071700	0.011785	0.130202	0.011435	0.015322	0.043987	0.028736	0.115010	0.024022	
0.297968	0.001077	0.101288	0.000766	0.011206	0.034785	0.044725	0.013536	0.228609	0.013244	0.004069	0.028521	0.037293	0.080254	0.102658	
0.308116	0.000968	0.113453	0.000754	0.009729	0.033489	0.048571	0.009974	0.219900	0.009285	0.004235	0.027298	0.033345	0.082350	0.098533	
0.286319	0.003574	0.141118	0.001412	0.012726	0.010108	0.025396	0.009085	0.162139	0.006734	0.018455	0.037670	0.050082	0.143274	0.091907	
0.533893	0.002834	0.123938	0.000723	0.013250	0.011705	0.045268	0.067256	0.028940	0.064515	0.005953	0.019957	0.017287	0.054757	0.009726	
0.406587	0.006201	0.091011	0.000875	0.024493	0.013189	0.021745	0.076160	0.055853	0.073588	0.019290	0.054234	0.044061	0.105280	0.007434	
0.447155	0.005127	0.051652	0.000967	0.024056	0.026687	0.030957	0.089893	0.076235	0.086170	0.011795	0.049403	0.033024	0.059830	0.007048	
0.487446	0.003127	0.038723	0.000727	0.038735	0.014505	0.020593	0.116872	0.026069	0.128130	0.004366	0.012512	0.080477	0.024130	0.003587	
0.512393	0.003061	0.039602	0.001897	0.033804	0.014953	0.029009	0.108599	0.023306	0.113754	0.007365	0.012554	0.066582	0.025095	0.008026	
0.476132	0.002951	0.029312	0.001329	0.039588	0.014645	0.019756	0.114449	0.036164	0.125171	0.005686	0.010225	0.085728	0.024766	0.014097	
0.431791	0.002169	0.075414	0.001641	0.025541	0.012844	0.027274	0.068911	0.087161	0.073547	0.007416	0.010676	0.065161	0.056949	0.053505	
0.141911	0.009370	0.163467	0.001081	0.032171	0.013674	0.027147	0.020582	0.113760	0.020380	0.043819	0.098928	0.075454	0.232656	0.005600	
0.236257	0.007036	0.146367	0.001584	0.025637	0.018430	0.039555	0.025022	0.113888	0.022457	0.033562	0.076135	0.056924	0.179830	0.017316	
0.322574	0.003335	0.068682	0.002453	0.023953	0.061072	0.088810	0.041687	0.176703	0.036139	0.015895	0.062060	0.024498	0.064391	0.007750	
0.403599	0.003615	0.037494	0.001807	0.023892	0.053135	0.067295	0.072569	0.141288	0.067127	0.009827	0.054181	0.021877	0.036259	0.006034	
0.293527	0.003512	0.086879	0.000986	0.025565	0.056645	0.078452	0.041536	0.178391	0.041385	0.013401	0.062872	0.033738	0.075866	0.007246	
