0.366135	0.045470	0.154734	0.026468	0.026468	0.031218	0.349508	
0.038435	0.312245	0.307483	0.078912	0.038435	0.200340	0.024150	
0.122059	0.179339	0.563587	0.026594	0.021821	0.050460	0.036140	
0.122645	0.304899	0.019527	0.019527	0.038712	0.019527	0.475163	
0.021614	0.101993	0.047619	0.066532	0.227288	0.194191	0.340763	
0.038527	0.131606	0.040914	0.122059	0.133992	0.112513	0.420389	
0.033673	0.090816	0.024150	0.055102	0.224150	0.078912	0.493197	
0.062393	0.138766	0.074327	0.460961	0.098193	0.093420	0.071940	
0.098428	0.196514	0.041012	0.497949	0.033835	0.043404	0.088859	
0.096730	0.067814	0.111188	0.431670	0.058176	0.060585	0.173838	
0.108827	0.160714	0.033356	0.523922	0.066375	0.028639	0.078167	
0.076144	0.019909	0.024799	0.389102	0.068809	0.222843	0.198393	
0.094581	0.140558	0.069294	0.214122	0.027915	0.289984	0.163547	
0.046412	0.143186	0.046412	0.290652	0.048716	0.398947	0.025675	
0.026035	0.028371	0.028371	0.163885	0.058745	0.624166	0.070427	
0.021978	0.235920	0.418613	0.053228	0.043613	0.183036	0.043613	
0.024323	0.165810	0.688592	0.021925	0.036314	0.017129	0.045906	
0.036227	0.115174	0.655844	0.026658	0.055366	0.062543	0.048189	
0.540623	0.227827	0.042993	0.057211	0.038253	0.033514	0.059580	
0.026531	0.238435	0.043197	0.062245	0.419388	0.188435	0.021769	
0.226850	0.089501	0.050947	0.176248	0.224441	0.123236	0.108778	
0.044577	0.145314	0.047034	0.179712	0.334503	0.098631	0.150228	
0.089501	0.034079	0.060585	0.111188	0.605164	0.043718	0.055766	
0.076349	0.249746	0.035969	0.221242	0.292501	0.035969	0.088225	
