0.033673	0.028912	0.021769	0.043197	0.031293	0.093197	0.747959	
0.040719	0.214116	0.021717	0.133356	0.031218	0.081099	0.477774	
0.052596	0.185612	0.035969	0.019342	0.043095	0.038344	0.625042	
0.317007	0.417007	0.057483	0.024150	0.047959	0.105102	0.031293	
0.302224	0.252695	0.092318	0.151280	0.104111	0.071092	0.026280	
0.214626	0.381293	0.147959	0.097959	0.038435	0.086054	0.033673	
0.172915	0.163458	0.317123	0.033435	0.191827	0.071260	0.049983	
0.024092	0.142857	0.102477	0.040719	0.031218	0.606040	0.052596	
0.047959	0.038435	0.150340	0.145578	0.024150	0.569388	0.024150	
0.039087	0.053615	0.605673	0.080249	0.058457	0.114147	0.048772	
0.035630	0.035630	0.496807	0.085042	0.162689	0.157983	0.026218	
0.027378	0.177255	0.322218	0.391014	0.029835	0.029835	0.022464	
0.046305	0.030213	0.034811	0.471593	0.027915	0.175041	0.214122	
0.033199	0.136486	0.047284	0.563716	0.028504	0.150570	0.040241	
0.049169	0.235216	0.039867	0.588704	0.021262	0.018937	0.046844	
0.038992	0.036577	0.019669	0.055901	0.572809	0.048654	0.227398	
0.045796	0.076897	0.021873	0.033835	0.744361	0.041012	0.036227	
0.043300	0.040914	0.024207	0.021821	0.816570	0.021821	0.031367	
0.038435	0.026531	0.071769	0.031293	0.367007	0.419388	0.045578	
0.508612	0.042891	0.111449	0.049983	0.149274	0.031071	0.106721	
0.104462	0.169837	0.104462	0.102041	0.189208	0.252162	0.077828	
0.754561	0.048537	0.046127	0.031670	0.034079	0.038898	0.046127	
0.239004	0.470508	0.088646	0.038527	0.110126	0.019434	0.033754	
0.596036	0.043404	0.041012	0.029050	0.227614	0.043404	0.019481	
