0.455990	0.000937	0.056237	0.001394	0.043302	0.027580	0.049369	0.175684	0.027652	0.083966	0.006533	0.021087	0.027357	0.017834	0.005079	
0.416106	0.002297	0.028883	0.000915	0.039377	0.021635	0.020379	0.237923	0.029858	0.125945	0.004585	0.013163	0.023249	0.019782	0.015904	
0.391738	0.003062	0.055593	0.001059	0.032185	0.019231	0.021223	0.177658	0.071938	0.102218	0.006078	0.029189	0.028089	0.042763	0.017977	
0.492491	0.002472	0.031658	0.007397	0.019926	0.062743	0.115887	0.017537	0.058065	0.028788	0.036933	0.023935	0.020426	0.065550	0.016194	
0.362100	0.002307	0.087274	0.000734	0.029517	0.042451	0.101685	0.041645	0.156307	0.026497	0.005381	0.047432	0.020424	0.069860	0.006385	
0.384542	0.002665	0.072389	0.002794	0.024207	0.051073	0.114621	0.015530	0.154462	0.016832	0.014502	0.048895	0.013989	0.076895	0.006602	
0.469783	0.000922	0.024335	0.001102	0.041404	0.081862	0.206790	0.006659	0.103455	0.007875	0.005768	0.011626	0.008431	0.025412	0.004575	
0.389258	0.003123	0.091351	0.004215	0.016536	0.035282	0.055708	0.034604	0.100591	0.044526	0.026126	0.034858	0.044912	0.092524	0.026387	
0.406203	0.001009	0.075094	0.011100	0.006575	0.061107	0.079760	0.009549	0.079233	0.011200	0.059771	0.035551	0.025090	0.129023	0.009733	
0.228674	0.001061	0.153437	0.003116	0.012305	0.037544	0.055541	0.019693	0.181303	0.016959	0.027597	0.045008	0.048905	0.152052	0.016805	
0.229972	0.001183	0.151167	0.003082	0.012048	0.038708	0.059223	0.015422	0.183841	0.015986	0.027304	0.044974	0.048122	0.151646	0.017321	
0.225139	0.001038	0.158367	0.002033	0.014363	0.037674	0.062762	0.012283	0.184552	0.015694	0.023143	0.041594	0.053705	0.148304	0.019349	
0.528514	0.000860	0.155049	0.000860	0.042234	0.008252	0.042545	0.019386	0.035215	0.013096	0.004774	0.052331	0.066781	0.025494	0.004609	
0.390018	0.002730	0.154040	0.000986	0.025565	0.009848	0.028415	0.016549	0.126888	0.023139	0.008314	0.063977	0.056010	0.079582	0.013938	
0.352354	0.001413	0.146751	0.000642	0.028460	0.017943	0.035648	0.056089	0.110329	0.037507	0.010320	0.042645	0.059086	0.084658	0.016156	
0.527797	0.007659	0.039687	0.000685	0.021884	0.009055	0.014977	0.073915	0.020856	0.115679	0.004599	0.014713	0.068838	0.016455	0.063201	
0.555741	0.010223	0.021841	0.001906	0.009444	0.013674	0.023754	0.008569	0.028767	0.114729	0.011079	0.012297	0.077002	0.026899	0.084075	
0.497592	0.005469	0.035266	0.001858	0.025682	0.024981	0.045466	0.087930	0.035655	0.095813	0.009960	0.016193	0.048567	0.026193	0.043376	
0.518937	0.008127	0.026879	0.000852	0.017840	0.025470	0.057748	0.021945	0.049271	0.097765	0.006340	0.010650	0.064225	0.026286	0.067666	
0.356166	0.004132	0.085746	0.001264	0.021839	0.020136	0.030669	0.092516	0.127749	0.071303	0.008923	0.045258	0.035420	0.075098	0.023780	
0.298076	0.004806	0.125013	0.002265	0.007207	0.019730	0.020179	0.020410	0.156836	0.054438	0.020335	0.044911	0.060154	0.124525	0.041115	
0.288775	0.004369	0.132187	0.002698	0.010707	0.018542	0.032277	0.012215	0.223795	0.018648	0.014565	0.089357	0.021643	0.122874	0.007347	
0.315588	0.004277	0.101381	0.001144	0.018552	0.030139	0.071366	0.020753	0.216462	0.023082	0.005540	0.076254	0.013030	0.095447	0.006985	
0.404852	0.004507	0.067211	0.002416	0.019831	0.038403	0.083091	0.021450	0.137159	0.041264	0.012816	0.045854	0.027259	0.070892	0.022997	
