0.477176	0.000828	0.017482	0.000993	0.047890	0.021415	0.016984	0.185269	0.017353	0.141045	0.003419	0.006823	0.047125	0.011248	0.004949	
0.449274	0.003166	0.053244	0.001560	0.032283	0.020109	0.043584	0.091288	0.062924	0.077460	0.011794	0.026479	0.050185	0.058133	0.018517	
0.423877	0.002481	0.051331	0.001154	0.033912	0.032071	0.053873	0.079361	0.105748	0.069860	0.008744	0.036837	0.036177	0.043925	0.020651	
0.584590	0.000713	0.022703	0.007618	0.014195	0.046710	0.131686	0.017873	0.030326	0.009963	0.026234	0.026401	0.048555	0.028460	0.003976	
0.367969	0.004894	0.087221	0.005886	0.021765	0.051920	0.108550	0.027377	0.127440	0.020499	0.031117	0.041970	0.018148	0.078068	0.007174	
0.441543	0.002986	0.071106	0.010431	0.008713	0.062201	0.148424	0.024199	0.063359	0.013679	0.041559	0.027767	0.019566	0.058888	0.005577	
0.448257	0.000821	0.038060	0.004968	0.025250	0.065691	0.123563	0.024608	0.142094	0.021123	0.017606	0.048593	0.012430	0.015107	0.011829	
0.356087	0.006201	0.118702	0.001821	0.023934	0.025395	0.052337	0.024996	0.133198	0.023125	0.020736	0.045126	0.044111	0.114704	0.009526	
0.557599	0.001609	0.069029	0.001403	0.018961	0.015901	0.050064	0.017729	0.058688	0.014921	0.007522	0.034651	0.079247	0.068090	0.004587	
0.373674	0.000795	0.170098	0.001668	0.005879	0.034462	0.024712	0.021759	0.137056	0.020008	0.006316	0.045944	0.053816	0.094751	0.009061	
0.255034	0.007036	0.174886	0.001301	0.017873	0.021747	0.023410	0.037017	0.153438	0.036808	0.021082	0.046133	0.040223	0.146500	0.017511	
0.241301	0.007914	0.191563	0.001466	0.017150	0.022023	0.023304	0.024788	0.163283	0.022761	0.023915	0.048287	0.041737	0.162229	0.008279	
0.381134	0.003764	0.125862	0.000884	0.021299	0.028816	0.039356	0.024358	0.141537	0.021503	0.011300	0.047659	0.048973	0.097067	0.006489	
0.323725	0.006490	0.152666	0.001113	0.020193	0.023184	0.036496	0.013717	0.152155	0.013359	0.019113	0.049381	0.048037	0.134401	0.005971	
0.308027	0.005732	0.144006	0.001454	0.021900	0.030224	0.041388	0.029679	0.157502	0.027268	0.018275	0.048719	0.037429	0.118101	0.010295	
0.486497	0.000860	0.014301	0.000892	0.023227	0.006642	0.038352	0.108868	0.017419	0.119890	0.003702	0.020582	0.055277	0.029701	0.073789	
0.476688	0.001386	0.025178	0.001612	0.023104	0.015214	0.052192	0.088110	0.040221	0.096533	0.007541	0.025961	0.050200	0.036186	0.059872	
0.380090	0.001260	0.046847	0.001213	0.022819	0.020728	0.038666	0.115821	0.068565	0.126104	0.005807	0.028121	0.031772	0.036113	0.076072	
0.411503	0.000687	0.049476	0.001730	0.017635	0.016185	0.036539	0.113193	0.042587	0.124174	0.006081	0.023238	0.041633	0.038336	0.077003	
0.348232	0.006704	0.104841	0.001979	0.024529	0.017453	0.047897	0.049379	0.104807	0.049861	0.022503	0.037538	0.043995	0.114529	0.025751	
0.198008	0.009528	0.149781	0.002389	0.022379	0.018381	0.039095	0.063569	0.138877	0.068825	0.031131	0.040521	0.023501	0.152375	0.041640	
0.447890	0.002126	0.056422	0.001790	0.030355	0.049934	0.089577	0.010678	0.162374	0.008936	0.010250	0.055297	0.029886	0.040763	0.003722	
0.395680	0.001870	0.067176	0.002423	0.026071	0.049678	0.082299	0.037931	0.151714	0.038720	0.011665	0.049856	0.021155	0.041281	0.022481	
0.469291	0.001045	0.043381	0.001383	0.028995	0.042665	0.077862	0.032451	0.133104	0.032848	0.006037	0.048532	0.035665	0.028938	0.017802	
