0.433527	0.009608	0.032776	0.001004	0.047054	0.040380	0.014841	0.132936	0.060559	0.143494	0.009474	0.015182	0.021256	0.031442	0.006467	
0.442073	0.009591	0.051092	0.001917	0.048262	0.028356	0.015428	0.129188	0.039044	0.135755	0.012708	0.025724	0.016650	0.036706	0.007504	
0.455616	0.011088	0.026339	0.001044	0.053793	0.034304	0.011189	0.151547	0.028579	0.163511	0.007974	0.012406	0.014288	0.022230	0.006092	
0.366029	0.002302	0.016554	0.007104	0.022268	0.039978	0.126621	0.020006	0.168238	0.012067	0.037642	0.063331	0.008671	0.103924	0.005265	
0.402728	0.001852	0.095539	0.003546	0.023663	0.035036	0.106983	0.030527	0.111601	0.017378	0.017139	0.052036	0.027286	0.061951	0.012736	
0.397227	0.001663	0.071895	0.004818	0.024268	0.038020	0.123854	0.024998	0.128087	0.011169	0.023327	0.058529	0.019811	0.067130	0.005203	
0.432434	0.001042	0.021942	0.002733	0.028332	0.065930	0.213145	0.024994	0.127749	0.010930	0.004439	0.028808	0.009096	0.021362	0.007065	
0.352934	0.005154	0.157856	0.000910	0.012265	0.006364	0.067198	0.017074	0.061517	0.013665	0.004019	0.015940	0.014991	0.156426	0.113685	
0.322989	0.003965	0.116588	0.002295	0.010832	0.027612	0.058089	0.014052	0.137561	0.012183	0.017073	0.030526	0.022990	0.148203	0.075041	
0.270198	0.001155	0.100823	0.000771	0.005875	0.079384	0.015231	0.013635	0.272037	0.013286	0.022029	0.040468	0.059797	0.097662	0.007651	
0.275060	0.002094	0.110274	0.001001	0.006271	0.066212	0.022017	0.011500	0.240754	0.011138	0.020580	0.036714	0.049132	0.117333	0.029921	
0.314889	0.002375	0.121710	0.001019	0.010376	0.052092	0.051482	0.014156	0.183665	0.009865	0.014135	0.033669	0.039719	0.108360	0.042489	
0.419274	0.003717	0.189063	0.000887	0.025441	0.009333	0.033556	0.052372	0.035232	0.039382	0.004992	0.045001	0.040982	0.061981	0.038787	
0.416543	0.002009	0.212325	0.001150	0.021777	0.008928	0.033721	0.038447	0.046256	0.020220	0.006935	0.056650	0.049927	0.056257	0.028855	
0.424072	0.001270	0.219559	0.000788	0.023682	0.016894	0.027172	0.043300	0.056557	0.022554	0.006309	0.062655	0.058778	0.029380	0.007030	
0.502573	0.002187	0.032916	0.001092	0.023473	0.008566	0.010834	0.113355	0.028957	0.125805	0.006281	0.015761	0.092431	0.027019	0.008749	
0.508884	0.000975	0.058500	0.000967	0.021493	0.005849	0.013684	0.104296	0.023951	0.111942	0.004934	0.022614	0.098842	0.018519	0.004550	
0.516259	0.001005	0.018005	0.000944	0.020497	0.008961	0.015771	0.113886	0.030728	0.128078	0.004871	0.012252	0.104354	0.019478	0.004912	
0.437830	0.002695	0.064595	0.001294	0.017775	0.016411	0.060876	0.064814	0.061300	0.069829	0.005599	0.014753	0.056996	0.077107	0.048125	
0.320056	0.003543	0.041405	0.009136	0.014725	0.009149	0.023961	0.024767	0.174501	0.024746	0.057748	0.082012	0.022402	0.173255	0.018592	
0.351451	0.003285	0.089404	0.004086	0.014947	0.021171	0.024829	0.037595	0.137507	0.037565	0.029000	0.049579	0.040636	0.124745	0.034198	
0.374767	0.002784	0.070393	0.005231	0.023791	0.034121	0.077116	0.035684	0.141924	0.027138	0.030691	0.062398	0.024504	0.086006	0.003453	
0.413640	0.001954	0.111891	0.002864	0.026338	0.036115	0.099941	0.037536	0.100168	0.022608	0.013522	0.052474	0.030556	0.044296	0.006096	
0.372101	0.002703	0.074529	0.004373	0.021525	0.035765	0.078277	0.033588	0.141111	0.026463	0.026056	0.053901	0.027336	0.088676	0.013597	
