0.031071	0.638636	0.106721	0.028707	0.038163	0.019250	0.137454	
0.052596	0.518154	0.071598	0.100102	0.064472	0.173736	0.019342	
0.065247	0.483516	0.017170	0.146978	0.077266	0.118132	0.091690	
0.117567	0.038619	0.026658	0.521873	0.029050	0.076897	0.189337	
0.625337	0.035714	0.033356	0.059299	0.047507	0.099394	0.099394	
0.373860	0.033435	0.047619	0.180007	0.083080	0.236744	0.045255	
0.445042	0.026218	0.021513	0.245042	0.019160	0.040336	0.202689	
0.054711	0.234380	0.191827	0.118541	0.035799	0.123269	0.241472	
0.072633	0.154561	0.154561	0.171429	0.031670	0.265404	0.149742	
0.046463	0.024619	0.221221	0.019764	0.039182	0.046463	0.602288	
0.030780	0.023754	0.517899	0.138508	0.033121	0.030780	0.225159	
0.086559	0.076707	0.234342	0.057002	0.020056	0.034835	0.490500	
0.046953	0.156510	0.060939	0.140193	0.046953	0.086580	0.461871	
0.030565	0.111960	0.156146	0.160797	0.049169	0.267774	0.223588	
0.072764	0.147530	0.163885	0.049399	0.065754	0.154539	0.346128	
0.031218	0.026468	0.019342	0.178487	0.691551	0.024092	0.028843	
0.074863	0.024382	0.019574	0.197459	0.562843	0.072459	0.048420	
0.019481	0.029050	0.196514	0.064935	0.588859	0.069720	0.031442	
0.031518	0.026721	0.326482	0.333676	0.170606	0.024323	0.086674	
0.288112	0.098664	0.184995	0.045906	0.151422	0.173004	0.057897	
0.031144	0.019296	0.059580	0.038253	0.237305	0.507448	0.106974	
0.474922	0.152888	0.039087	0.201314	0.031823	0.029402	0.070564	
0.381067	0.060585	0.036489	0.128055	0.058176	0.241308	0.094320	
0.299627	0.076349	0.119104	0.292501	0.057346	0.045470	0.109603	
