0.019342	0.024092	0.040719	0.024092	0.028843	0.035969	0.826943	
0.021614	0.248565	0.035799	0.097264	0.035799	0.281662	0.279298	
0.046016	0.146978	0.048420	0.089286	0.084478	0.279190	0.305632	
0.074504	0.230007	0.072112	0.045796	0.474026	0.064935	0.038619	
0.050102	0.090386	0.099865	0.031144	0.403182	0.306026	0.019296	
0.092976	0.135731	0.043095	0.021717	0.444520	0.242620	0.019342	
0.176807	0.061513	0.026218	0.021513	0.616807	0.023866	0.073277	
0.229652	0.458967	0.045255	0.090172	0.052347	0.073624	0.049983	
0.112782	0.646275	0.124744	0.019481	0.029050	0.026658	0.041012	
0.518596	0.058742	0.141467	0.036844	0.058742	0.027112	0.158498	
0.507412	0.181941	0.113544	0.026280	0.056941	0.026280	0.087601	
0.592036	0.032134	0.173943	0.029689	0.054139	0.051694	0.066364	
0.028174	0.243951	0.065297	0.018893	0.083858	0.515413	0.044415	
0.073277	0.235630	0.054454	0.030924	0.120336	0.433277	0.052101	
0.121829	0.044726	0.042390	0.042390	0.051736	0.652203	0.044726	
0.048189	0.031442	0.038619	0.773069	0.038619	0.031442	0.038619	
0.019434	0.083873	0.026594	0.477668	0.339243	0.026594	0.026594	
0.057211	0.021666	0.149628	0.531144	0.047732	0.019296	0.173324	
0.031442	0.036227	0.777854	0.057758	0.031442	0.026658	0.038619	
0.531293	0.188435	0.105102	0.090816	0.033673	0.024150	0.026531	
0.328880	0.168208	0.129839	0.115450	0.120247	0.105858	0.031518	
0.350840	0.201331	0.054272	0.032213	0.299370	0.034664	0.027311	
0.232229	0.036577	0.046239	0.024500	0.454451	0.179089	0.026915	
0.166610	0.406515	0.128605	0.028843	0.178487	0.059722	0.031218	
