0.136705	0.026658	0.029050	0.471634	0.050581	0.136705	0.148667	
0.041110	0.031518	0.050702	0.467968	0.336074	0.041110	0.031518	
0.076713	0.033754	0.105353	0.408456	0.193658	0.119673	0.062393	
0.407040	0.026658	0.158237	0.021873	0.088859	0.060150	0.237184	
0.083080	0.092536	0.522796	0.083080	0.047619	0.132725	0.038163	
0.107997	0.048189	0.497949	0.045796	0.033835	0.041012	0.225222	
0.143866	0.030924	0.649748	0.023866	0.040336	0.035630	0.075630	
0.171429	0.287091	0.077453	0.043718	0.202754	0.120826	0.096730	
0.584886	0.234645	0.029331	0.017253	0.029331	0.053485	0.051070	
0.044251	0.556446	0.063763	0.039373	0.058885	0.046690	0.190592	
0.209256	0.495641	0.063716	0.019115	0.023810	0.030852	0.157612	
0.041812	0.436934	0.049129	0.027178	0.032056	0.054007	0.358885	
0.030353	0.034972	0.058067	0.062686	0.025734	0.767074	0.021115	
0.018849	0.194775	0.044312	0.035053	0.132275	0.548942	0.025794	
0.030780	0.309468	0.051857	0.166611	0.122114	0.255604	0.063566	
0.019669	0.019669	0.019669	0.198413	0.444790	0.246722	0.051070	
0.122940	0.021978	0.043613	0.029190	0.728709	0.019574	0.033997	
0.076531	0.024150	0.040816	0.228912	0.252721	0.164626	0.212245	
0.024441	0.048537	0.026850	0.026850	0.325645	0.026850	0.520826	
0.019481	0.191729	0.249146	0.201299	0.273069	0.043404	0.021873	
0.041110	0.321686	0.127441	0.086674	0.213772	0.072285	0.137033	
0.120826	0.147332	0.262995	0.079862	0.036489	0.308778	0.043718	
0.019669	0.111456	0.543823	0.087302	0.053485	0.152519	0.031746	
0.096036	0.060150	0.344839	0.062543	0.275461	0.062543	0.098428	
