0.036227	0.036227	0.112782	0.730007	0.019481	0.029050	0.036227	
0.281293	0.167007	0.033673	0.293197	0.055102	0.031293	0.138435	
0.082670	0.143203	0.051193	0.460394	0.024559	0.024559	0.213421	
0.629528	0.165414	0.041012	0.029050	0.031442	0.033835	0.069720	
0.454021	0.024092	0.033593	0.021717	0.206990	0.166610	0.092976	
0.358827	0.146563	0.144205	0.033356	0.047507	0.207884	0.061658	
0.045362	0.026405	0.734936	0.028775	0.052471	0.035884	0.076168	
0.035969	0.760434	0.050221	0.024092	0.062097	0.038344	0.028843	
0.060150	0.402256	0.198906	0.029050	0.251538	0.036227	0.021873	
0.029617	0.036934	0.280836	0.051568	0.546690	0.022300	0.032056	
0.023810	0.108317	0.246814	0.028504	0.460429	0.030852	0.101274	
0.423705	0.024678	0.097671	0.019812	0.292318	0.117136	0.024678	
0.034972	0.275157	0.044210	0.155064	0.406796	0.051138	0.032662	
0.151848	0.144855	0.142524	0.098235	0.403596	0.030636	0.028305	
0.349868	0.025794	0.037368	0.030423	0.412368	0.099868	0.044312	
0.087091	0.140103	0.026850	0.091910	0.026850	0.050947	0.576248	
0.096036	0.076897	0.029050	0.050581	0.029050	0.026658	0.691729	
0.079100	0.045687	0.122059	0.052847	0.019434	0.026594	0.654279	
0.047732	0.137779	0.438727	0.028775	0.033514	0.026405	0.287068	
0.033277	0.030924	0.023866	0.054454	0.094454	0.501513	0.261513	
0.309864	0.126531	0.164626	0.028912	0.047959	0.193197	0.128912	
0.070224	0.123236	0.116007	0.024441	0.031670	0.472633	0.161790	
0.189667	0.048890	0.024619	0.027046	0.184813	0.405687	0.119279	
0.035969	0.266373	0.140482	0.026468	0.033593	0.461147	0.035969	
