0.024150	0.350340	0.197959	0.036054	0.019388	0.336054	0.036054	
0.049748	0.190924	0.186218	0.023866	0.082689	0.419160	0.047395	
0.046351	0.155310	0.457973	0.019716	0.029402	0.206157	0.085092	
0.628301	0.085647	0.033514	0.021666	0.187542	0.019296	0.024035	
0.368261	0.042790	0.033356	0.026280	0.196092	0.172507	0.160714	
0.472035	0.054582	0.099394	0.045148	0.174865	0.120620	0.033356	
0.284026	0.040527	0.042891	0.021614	0.016886	0.023978	0.570078	
0.033277	0.765042	0.030924	0.056807	0.056807	0.030924	0.026218	
0.123236	0.369019	0.024441	0.178657	0.166609	0.041308	0.096730	
0.161790	0.024441	0.043718	0.523236	0.026850	0.036489	0.183477	
0.025974	0.093573	0.025974	0.543457	0.074925	0.018981	0.217116	
0.240638	0.039182	0.017337	0.587725	0.036755	0.024619	0.053745	
0.025734	0.362917	0.032662	0.164302	0.025734	0.362917	0.025734	
0.084249	0.081918	0.065601	0.182151	0.161172	0.408258	0.016650	
0.103379	0.023754	0.033121	0.161927	0.047173	0.510873	0.119772	
0.026721	0.079479	0.674203	0.029120	0.036314	0.137033	0.017129	
0.031746	0.046239	0.604210	0.058316	0.036577	0.203244	0.019669	
0.033673	0.040816	0.614626	0.055102	0.033673	0.036054	0.186054	
0.159864	0.057483	0.567007	0.095578	0.064626	0.017007	0.038435	
0.017007	0.031293	0.150340	0.043197	0.597959	0.059864	0.100340	
0.212751	0.091033	0.093420	0.098193	0.346403	0.100580	0.057620	
0.133842	0.041609	0.036755	0.036755	0.216366	0.262483	0.272191	
0.022191	0.024619	0.022191	0.031900	0.111997	0.478502	0.308599	
0.028981	0.184112	0.045687	0.028981	0.203205	0.021821	0.487214	
