0.017088	0.081681	0.186945	0.612782	0.048189	0.026658	0.026658	
0.049983	0.066532	0.028707	0.544073	0.149274	0.111449	0.049983	
0.026850	0.077453	0.082272	0.605164	0.108778	0.060585	0.038898	
0.038805	0.058036	0.036401	0.029190	0.021978	0.021978	0.793613	
0.179582	0.082884	0.056941	0.023922	0.038073	0.257412	0.361186	
0.115903	0.054582	0.134771	0.165431	0.021563	0.094677	0.413073	
0.230924	0.042689	0.026218	0.026218	0.108571	0.033277	0.532101	
0.224924	0.567714	0.033435	0.033435	0.080716	0.026342	0.033435	
0.038435	0.531293	0.197959	0.028912	0.050340	0.036054	0.117007	
0.128675	0.194051	0.479765	0.026980	0.039087	0.080249	0.051193	
0.162307	0.277331	0.296110	0.016767	0.026157	0.033199	0.188129	
0.114983	0.144251	0.468641	0.039373	0.027178	0.112544	0.093031	
0.030708	0.339119	0.126502	0.385848	0.056409	0.026035	0.035381	
0.023371	0.366689	0.018762	0.532587	0.018762	0.021066	0.018762	
0.116611	0.121262	0.030565	0.621262	0.037542	0.037542	0.035216	
0.021717	0.021717	0.019342	0.040719	0.829318	0.033593	0.033593	
0.045470	0.021717	0.028843	0.019342	0.812691	0.033593	0.038344	
0.024323	0.024323	0.021925	0.024323	0.376841	0.405618	0.122645	
0.016926	0.028775	0.538253	0.021666	0.332092	0.024035	0.038253	
0.331293	0.067007	0.028912	0.038435	0.097959	0.367007	0.069388	
0.141829	0.110654	0.201781	0.031518	0.065091	0.343268	0.105858	
0.569019	0.038898	0.070224	0.029260	0.022031	0.053356	0.217212	
0.725878	0.052847	0.024207	0.033754	0.048074	0.098193	0.017047	
0.286737	0.071940	0.028981	0.021821	0.021821	0.055234	0.513467	
