0.431228	0.000891	0.023562	0.001886	0.044536	0.042359	0.031444	0.171566	0.040874	0.152622	0.010505	0.015512	0.010569	0.018246	0.004201	
0.519725	0.002003	0.020655	0.000762	0.037857	0.027261	0.012470	0.153766	0.021853	0.124586	0.003393	0.008296	0.042448	0.016776	0.008148	
0.501969	0.003259	0.027372	0.001116	0.033670	0.028010	0.021853	0.133913	0.036045	0.118383	0.005677	0.014150	0.036784	0.017777	0.020022	
0.472330	0.001614	0.038350	0.007256	0.024760	0.055007	0.114600	0.029954	0.098661	0.014081	0.045215	0.038822	0.036107	0.017101	0.006142	
0.336399	0.001099	0.077584	0.004632	0.025957	0.052905	0.104308	0.032547	0.170197	0.022598	0.028455	0.062024	0.033683	0.042420	0.005193	
0.403490	0.001919	0.051021	0.004528	0.021880	0.046015	0.090139	0.048479	0.128013	0.033961	0.028459	0.038416	0.031361	0.062303	0.010015	
0.410557	0.001008	0.052645	0.009935	0.028658	0.071260	0.149466	0.014991	0.106903	0.014986	0.062366	0.048384	0.009666	0.013156	0.006022	
0.306579	0.002126	0.166218	0.000646	0.013096	0.009033	0.031158	0.030270	0.096545	0.020169	0.007678	0.018264	0.042383	0.241734	0.014103	
0.387225	0.001484	0.108864	0.003357	0.015530	0.025859	0.063773	0.029331	0.094042	0.008510	0.023567	0.019829	0.043356	0.169444	0.005827	
0.282311	0.001192	0.135888	0.002923	0.027748	0.041863	0.085273	0.019315	0.176126	0.016818	0.017915	0.073163	0.045814	0.065970	0.007680	
0.248411	0.001742	0.097878	0.001317	0.017831	0.040771	0.081238	0.033160	0.227404	0.024102	0.008191	0.067183	0.035893	0.103752	0.011128	
0.286313	0.000738	0.174021	0.003036	0.030295	0.034515	0.074506	0.011641	0.138520	0.009875	0.019443	0.067225	0.052130	0.093220	0.004523	
0.465761	0.002443	0.173792	0.000903	0.037264	0.010136	0.017693	0.038432	0.032145	0.029712	0.004692	0.049917	0.094470	0.029579	0.013060	
0.447136	0.003847	0.173462	0.000706	0.030520	0.006452	0.015630	0.033858	0.032334	0.036915	0.004296	0.041559	0.080318	0.066633	0.026334	
0.382873	0.000999	0.217438	0.001252	0.044433	0.014621	0.022666	0.038041	0.037446	0.035661	0.007290	0.059817	0.083843	0.048416	0.005202	
0.561220	0.008199	0.025674	0.000759	0.013151	0.013955	0.026003	0.067366	0.055055	0.076674	0.003528	0.017707	0.052588	0.019428	0.058693	
0.627767	0.008235	0.017338	0.000582	0.014220	0.007653	0.012073	0.076547	0.016570	0.077560	0.002405	0.006064	0.064347	0.012157	0.056483	
0.519913	0.008983	0.020572	0.001262	0.012923	0.019813	0.034284	0.075117	0.060759	0.100079	0.006856	0.017356	0.027972	0.025290	0.068821	
0.516208	0.008540	0.034591	0.002415	0.012661	0.022649	0.047508	0.054996	0.059321	0.080518	0.014458	0.020415	0.029690	0.030644	0.065386	
0.330961	0.003185	0.093290	0.000607	0.018968	0.027940	0.051208	0.054998	0.155189	0.049912	0.003902	0.045675	0.039537	0.102541	0.022088	
0.393604	0.005766	0.100343	0.002617	0.011777	0.020954	0.052433	0.035828	0.077049	0.053841	0.018232	0.018768	0.021220	0.142092	0.045473	
0.330837	0.004724	0.026758	0.002018	0.010168	0.045041	0.090169	0.041639	0.221751	0.044331	0.011716	0.057083	0.022624	0.056691	0.034450	
0.294301	0.005994	0.095800	0.000703	0.006075	0.021994	0.051032	0.042763	0.148994	0.063799	0.006296	0.028562	0.008439	0.176047	0.049200	
0.325157	0.002623	0.030180	0.000834	0.012797	0.041931	0.078686	0.053242	0.235685	0.032143	0.004290	0.057728	0.040380	0.070177	0.014146	
