0.019388	0.440816	0.357483	0.040816	0.076531	0.024150	0.040816	
0.053100	0.408016	0.089072	0.151422	0.089072	0.053100	0.156218	
0.048189	0.505126	0.026658	0.206083	0.024265	0.045796	0.143882	
0.089072	0.019527	0.096266	0.036314	0.173004	0.091470	0.494347	
0.054711	0.057075	0.045255	0.052347	0.151638	0.610267	0.028707	
0.071769	0.050340	0.086054	0.055102	0.026531	0.478912	0.231293	
0.028571	0.026218	0.047395	0.125042	0.037983	0.527395	0.207395	
0.291910	0.029260	0.279862	0.137694	0.041308	0.096730	0.123236	
0.280246	0.081681	0.151059	0.186945	0.036227	0.105605	0.158237	
0.417017	0.083683	0.167017	0.211134	0.034664	0.042017	0.044468	
0.514488	0.054582	0.181941	0.030997	0.030997	0.059299	0.127695	
0.496682	0.039469	0.095704	0.034579	0.193503	0.103039	0.037024	
0.170496	0.037629	0.100566	0.515485	0.042291	0.039960	0.093573	
0.263246	0.080148	0.096579	0.357143	0.098927	0.033199	0.070758	
0.177904	0.114820	0.026035	0.411549	0.100801	0.110147	0.058745	
0.017129	0.137033	0.120247	0.180199	0.244947	0.026721	0.273724	
0.017047	0.093420	0.086260	0.267644	0.212751	0.026594	0.296284	
0.021821	0.205592	0.162632	0.114899	0.188885	0.036140	0.270031	
0.033673	0.076531	0.076531	0.119388	0.495578	0.052721	0.145578	
0.228368	0.121479	0.019342	0.045470	0.249746	0.173736	0.161860	
0.313135	0.133040	0.016926	0.031144	0.320244	0.090386	0.095125	
0.039277	0.036844	0.027112	0.036844	0.022245	0.382343	0.455335	
0.043508	0.074683	0.113052	0.069887	0.105858	0.352861	0.240151	
0.052973	0.029050	0.086466	0.041012	0.036227	0.225222	0.529050	
