0.600854	0.001032	0.014279	0.000674	0.067713	0.006311	0.060562	0.071370	0.019590	0.119756	0.003002	0.007325	0.011174	0.011060	0.005296	
0.454978	0.010842	0.039236	0.001390	0.022092	0.046875	0.020604	0.177161	0.044701	0.091352	0.008685	0.015481	0.015251	0.037112	0.014240	
0.482553	0.013274	0.016433	0.000857	0.024415	0.048900	0.013545	0.216240	0.022630	0.109855	0.003837	0.008529	0.014176	0.019495	0.005261	
0.326677	0.002354	0.075438	0.007409	0.010928	0.053325	0.062531	0.021067	0.100311	0.013267	0.027729	0.034618	0.018517	0.238582	0.007247	
0.221878	0.001434	0.130025	0.000816	0.027806	0.009812	0.185200	0.021987	0.243176	0.020338	0.004193	0.086498	0.021579	0.018096	0.007162	
0.301751	0.002160	0.105895	0.003761	0.018922	0.031119	0.104739	0.026290	0.152796	0.024122	0.015933	0.055383	0.031115	0.116682	0.009332	
0.357969	0.003213	0.061339	0.000678	0.016578	0.035108	0.084132	0.050483	0.195375	0.028163	0.019267	0.055817	0.009150	0.012854	0.069876	
0.322325	0.003241	0.163721	0.001915	0.008313	0.032838	0.047397	0.046980	0.133452	0.027085	0.020949	0.050220	0.047979	0.054608	0.038977	
0.337832	0.001743	0.140171	0.005521	0.013433	0.039864	0.045857	0.022513	0.083701	0.024736	0.024767	0.035855	0.040775	0.175160	0.008071	
0.321957	0.001623	0.183496	0.001956	0.012205	0.025906	0.053037	0.026097	0.130627	0.026384	0.020526	0.051988	0.054782	0.055819	0.033597	
0.329606	0.001509	0.153595	0.002981	0.008880	0.034852	0.046394	0.019320	0.133526	0.018058	0.025249	0.048289	0.044699	0.090096	0.042946	
0.327491	0.000984	0.170806	0.000787	0.008277	0.026925	0.050230	0.014570	0.168184	0.016793	0.023942	0.058189	0.050922	0.016560	0.065340	
0.427753	0.001304	0.130341	0.001872	0.037938	0.014558	0.061652	0.045678	0.068895	0.068992	0.011025	0.032536	0.040856	0.052260	0.004340	
0.420808	0.001934	0.098815	0.003481	0.030964	0.026791	0.054885	0.042536	0.067423	0.058557	0.015191	0.029211	0.038484	0.106574	0.004345	
0.467001	0.001426	0.083268	0.000640	0.039194	0.016760	0.059369	0.049697	0.094322	0.071348	0.012117	0.032480	0.028430	0.010839	0.033106	
0.570358	0.003441	0.024877	0.000906	0.035503	0.017605	0.012721	0.052219	0.022504	0.101878	0.003892	0.016895	0.111098	0.022458	0.003647	
0.590581	0.001441	0.023799	0.000688	0.039156	0.010163	0.015872	0.020746	0.025649	0.101808	0.003233	0.019110	0.127941	0.015369	0.004443	
0.535458	0.006300	0.019872	0.000686	0.033652	0.028164	0.020742	0.106523	0.037252	0.100818	0.005420	0.015817	0.061337	0.014114	0.013847	
0.505675	0.002934	0.016989	0.001690	0.028045	0.034746	0.027090	0.053885	0.088163	0.065719	0.017978	0.023462	0.035577	0.046846	0.051200	
0.378712	0.002280	0.076437	0.005815	0.013037	0.046421	0.041268	0.022256	0.085965	0.028033	0.025011	0.031219	0.042262	0.185528	0.015756	
0.412215	0.003151	0.031788	0.005344	0.012666	0.053517	0.032228	0.037641	0.095759	0.030527	0.027361	0.026614	0.023756	0.169450	0.037982	
0.334786	0.004626	0.082001	0.001345	0.027046	0.023810	0.115668	0.073241	0.154645	0.051107	0.005861	0.055450	0.027505	0.035910	0.006998	
0.356348	0.004894	0.066620	0.002632	0.018038	0.039477	0.076627	0.073497	0.137457	0.040514	0.016091	0.044090	0.016263	0.078641	0.028812	
0.358935	0.002878	0.070693	0.002862	0.026411	0.027990	0.099757	0.043488	0.135923	0.044131	0.011524	0.048188	0.031696	0.086594	0.008931	
