0.413763	0.007253	0.064404	0.000789	0.025678	0.036679	0.065338	0.096311	0.039842	0.100587	0.006390	0.010273	0.048802	0.045377	0.038514	
0.552244	0.003965	0.077199	0.001365	0.022594	0.015385	0.044923	0.076914	0.027367	0.065381	0.011801	0.018629	0.047190	0.022743	0.012302	
0.506217	0.009779	0.021049	0.000694	0.028740	0.011409	0.017076	0.144882	0.023293	0.130110	0.008868	0.007709	0.068104	0.016522	0.005547	
0.418163	0.000837	0.079839	0.008359	0.037942	0.042903	0.118086	0.025904	0.111379	0.011328	0.036918	0.019796	0.020755	0.051630	0.016162	
0.368402	0.001333	0.086697	0.010560	0.048826	0.038636	0.138032	0.029641	0.119756	0.019032	0.039939	0.030722	0.018255	0.044168	0.006003	
0.444393	0.000748	0.067195	0.008038	0.036235	0.033049	0.110790	0.030044	0.114436	0.009128	0.034530	0.031123	0.021969	0.050066	0.008257	
0.372005	0.000629	0.085189	0.012457	0.053185	0.050846	0.163118	0.018675	0.115312	0.006111	0.048375	0.012837	0.010912	0.037956	0.012393	
0.450286	0.001193	0.078932	0.000791	0.009141	0.037510	0.035119	0.032400	0.124458	0.019791	0.017244	0.031269	0.038126	0.093373	0.030365	
0.407840	0.000752	0.094751	0.000940	0.011911	0.050311	0.101088	0.013428	0.092485	0.015966	0.007755	0.034113	0.020917	0.089015	0.058729	
0.318576	0.001120	0.113482	0.000919	0.007969	0.064627	0.021091	0.015720	0.175659	0.019101	0.025690	0.015699	0.040284	0.133659	0.046405	
0.297186	0.000670	0.108613	0.000694	0.004951	0.065271	0.016925	0.009144	0.200018	0.010675	0.025406	0.024865	0.039006	0.149492	0.047086	
0.337263	0.000703	0.117511	0.003236	0.019616	0.051546	0.068905	0.013440	0.145335	0.017524	0.023169	0.032714	0.029582	0.102596	0.036860	
0.421911	0.000889	0.228367	0.000865	0.028460	0.007755	0.041314	0.029239	0.035263	0.063173	0.003975	0.057325	0.043832	0.032397	0.005237	
0.461318	0.000723	0.178115	0.000825	0.022258	0.009655	0.036639	0.031737	0.056855	0.047196	0.007174	0.054348	0.042356	0.044211	0.006589	
0.437280	0.001059	0.176294	0.001666	0.025522	0.014742	0.044975	0.032827	0.061776	0.049491	0.010268	0.049449	0.041271	0.045049	0.008331	
0.418474	0.009906	0.026095	0.000774	0.029139	0.011147	0.015441	0.140112	0.066850	0.130796	0.006841	0.030142	0.067483	0.042506	0.004293	
0.506466	0.010486	0.015843	0.000694	0.030252	0.010257	0.016951	0.153451	0.016471	0.138786	0.008154	0.005731	0.070130	0.011669	0.004659	
0.365894	0.012255	0.027636	0.000853	0.035063	0.021634	0.028823	0.159040	0.046147	0.160943	0.005123	0.014260	0.070770	0.035619	0.015940	
0.448102	0.003072	0.064033	0.001681	0.018594	0.054602	0.124276	0.041218	0.042465	0.040308	0.008107	0.008199	0.022270	0.057860	0.065213	
0.234542	0.000940	0.072701	0.001158	0.009420	0.014568	0.023269	0.021538	0.265693	0.012342	0.007677	0.127125	0.035989	0.166335	0.006704	
0.328639	0.003446	0.067279	0.001153	0.014651	0.030572	0.025897	0.052879	0.174088	0.045567	0.013789	0.060316	0.044764	0.116761	0.020200	
0.296359	0.000702	0.078404	0.001638	0.011550	0.037472	0.073798	0.012444	0.191270	0.008928	0.009245	0.081591	0.024697	0.135005	0.036898	
0.372438	0.001466	0.075759	0.001170	0.013006	0.010299	0.025677	0.038385	0.179450	0.025409	0.009413	0.091426	0.040075	0.112156	0.003872	
0.352570	0.000751	0.071997	0.000898	0.009506	0.048447	0.108716	0.009645	0.134442	0.008500	0.004062	0.058856	0.016727	0.114726	0.060158	
