0.021614	0.170550	0.038163	0.021614	0.021614	0.693009	0.033435	
0.031442	0.067327	0.342447	0.117567	0.019481	0.304170	0.117567	
0.028981	0.165019	0.525401	0.169792	0.033754	0.021821	0.055234	
0.052471	0.038253	0.045362	0.035884	0.035884	0.031144	0.761002	
0.593792	0.026035	0.035381	0.035381	0.236315	0.033044	0.040053	
0.422139	0.031144	0.024035	0.024035	0.159106	0.242045	0.097495	
0.222560	0.135089	0.116177	0.057075	0.104357	0.023978	0.340763	
0.026342	0.515704	0.035799	0.109085	0.092536	0.175279	0.045255	
0.100340	0.640816	0.028912	0.036054	0.028912	0.052721	0.112245	
0.039373	0.539373	0.034495	0.075958	0.078397	0.075958	0.156446	
0.028371	0.778371	0.016689	0.026035	0.030708	0.019025	0.100801	
0.026915	0.125949	0.048654	0.029331	0.512422	0.024500	0.232229	
0.025734	0.351369	0.051138	0.030353	0.141208	0.367535	0.032662	
0.030565	0.346844	0.023588	0.023588	0.251495	0.304983	0.018937	
0.025794	0.030423	0.041997	0.106812	0.315146	0.435516	0.044312	
0.017047	0.091033	0.585066	0.107740	0.124446	0.043300	0.031367	
0.026468	0.024092	0.848320	0.026468	0.021717	0.026468	0.026468	
0.114083	0.099865	0.277590	0.367637	0.021666	0.071429	0.047732	
0.019296	0.121192	0.265741	0.040623	0.047732	0.028775	0.476642	
0.050340	0.045578	0.040816	0.567007	0.219388	0.024150	0.052721	
0.028981	0.241391	0.069553	0.324923	0.131606	0.026594	0.176952	
0.791709	0.026721	0.031518	0.026721	0.038712	0.019527	0.065091	
0.685440	0.055632	0.108516	0.036401	0.055632	0.038805	0.019574	
0.215138	0.169792	0.040914	0.298670	0.033754	0.028981	0.212751	
