0.498489	0.006569	0.019412	0.000889	0.042739	0.039691	0.021981	0.175741	0.023727	0.128895	0.004075	0.007490	0.009237	0.015012	0.006054	
0.484498	0.005376	0.048594	0.001509	0.038389	0.026851	0.016236	0.134856	0.033342	0.111126	0.008395	0.027279	0.029997	0.023563	0.009989	
0.477283	0.004668	0.056154	0.001070	0.035894	0.038817	0.033915	0.122198	0.029225	0.109492	0.005335	0.030653	0.035329	0.013102	0.006866	
0.463204	0.003391	0.057799	0.007653	0.025106	0.040035	0.068248	0.034840	0.098711	0.014619	0.050343	0.052884	0.029976	0.048214	0.004978	
0.419348	0.003220	0.071068	0.005898	0.020218	0.048158	0.086139	0.026311	0.119006	0.013743	0.038599	0.047675	0.028903	0.063746	0.007968	
0.423154	0.003296	0.095421	0.005306	0.022369	0.026217	0.052715	0.032651	0.105341	0.028166	0.034684	0.053597	0.037782	0.071684	0.007617	
0.432625	0.001039	0.042962	0.005109	0.019877	0.097093	0.148444	0.033261	0.086338	0.021003	0.032975	0.027937	0.027017	0.013670	0.010651	
0.254929	0.001157	0.181233	0.000836	0.006714	0.022610	0.080911	0.016587	0.177786	0.014863	0.005904	0.009959	0.018922	0.179064	0.028524	
0.301087	0.001633	0.168797	0.002937	0.011085	0.011859	0.060010	0.017452	0.162004	0.011418	0.019924	0.022860	0.022582	0.163578	0.022774	
0.362764	0.001061	0.125451	0.003069	0.015301	0.047359	0.092915	0.022134	0.113678	0.026673	0.019967	0.032033	0.035216	0.086905	0.015475	
0.273281	0.002294	0.131572	0.000841	0.005594	0.061352	0.127409	0.010590	0.182645	0.010119	0.005214	0.018651	0.015479	0.136556	0.018404	
0.407516	0.001337	0.134522	0.005448	0.020889	0.013696	0.042728	0.024223	0.095628	0.025125	0.036143	0.046463	0.042961	0.089983	0.013338	
0.366193	0.002147	0.153311	0.000786	0.020233	0.012143	0.034489	0.047192	0.092501	0.064297	0.004508	0.039839	0.048930	0.096724	0.016707	
0.379629	0.002833	0.155937	0.000754	0.018577	0.008298	0.028092	0.015382	0.092758	0.061732	0.003761	0.075328	0.073475	0.074511	0.008933	
0.430636	0.000992	0.150540	0.000777	0.022043	0.026160	0.041238	0.011976	0.034792	0.078679	0.003415	0.085387	0.095188	0.013470	0.004709	
0.482490	0.001019	0.018633	0.000644	0.041484	0.005799	0.010503	0.122590	0.021744	0.110994	0.002906	0.009819	0.073947	0.014610	0.082819	
0.472663	0.001835	0.025990	0.001774	0.037906	0.008896	0.018034	0.104277	0.044107	0.091976	0.010554	0.020229	0.066170	0.026558	0.069030	
0.468504	0.000827	0.018694	0.000840	0.037883	0.024567	0.038820	0.112375	0.032241	0.099545	0.004232	0.007037	0.065507	0.013769	0.075158	
0.466084	0.000947	0.057365	0.003295	0.035369	0.006331	0.018704	0.091273	0.044792	0.075995	0.021207	0.019069	0.058260	0.043349	0.057960	
0.341782	0.008562	0.078266	0.001738	0.015747	0.008894	0.037569	0.024267	0.201160	0.027322	0.010258	0.074339	0.033550	0.126062	0.010485	
0.386456	0.004519	0.085158	0.004015	0.020839	0.015208	0.045315	0.038162	0.142655	0.026882	0.026121	0.047012	0.033108	0.102756	0.021795	
0.354597	0.008598	0.072123	0.003769	0.015448	0.012630	0.044219	0.017668	0.207176	0.009380	0.024066	0.074793	0.023699	0.128298	0.003537	
0.333671	0.006448	0.069968	0.000865	0.012605	0.052353	0.097045	0.021383	0.182539	0.027749	0.004252	0.056795	0.029620	0.094963	0.009744	
0.307827	0.006541	0.054627	0.000676	0.007713	0.083773	0.144255	0.014551	0.205493	0.013080	0.002944	0.046227	0.013274	0.094882	0.004136	
