0.655415	0.001000	0.011830	0.000780	0.060442	0.006747	0.084473	0.048640	0.016455	0.068280	0.003166	0.005271	0.019254	0.013488	0.004760	
0.415194	0.000944	0.039630	0.001118	0.029021	0.025534	0.055581	0.154509	0.048715	0.159009	0.005890	0.018311	0.018205	0.021713	0.006626	
0.319263	0.003323	0.063443	0.000894	0.019350	0.043645	0.012310	0.175561	0.064756	0.176980	0.004473	0.016172	0.020129	0.064440	0.015263	
0.565177	0.002072	0.020847	0.012119	0.007315	0.048459	0.051553	0.019313	0.055659	0.018451	0.082889	0.008537	0.009274	0.034405	0.063931	
0.173749	0.000908	0.122961	0.000924	0.007298	0.011006	0.217590	0.050065	0.224764	0.024841	0.004677	0.076654	0.025485	0.053339	0.005740	
0.309886	0.000919	0.089958	0.005256	0.005788	0.021648	0.172239	0.029486	0.173185	0.010988	0.034954	0.056908	0.020435	0.041834	0.026515	
0.347139	0.004611	0.069470	0.003466	0.014146	0.042524	0.078742	0.055540	0.131218	0.047598	0.022453	0.033463	0.025736	0.091166	0.032729	
0.408858	0.002064	0.112888	0.000992	0.033992	0.015170	0.092186	0.035004	0.111188	0.035022	0.005025	0.041626	0.036938	0.058528	0.010521	
0.490751	0.002332	0.096751	0.004392	0.030346	0.026341	0.047537	0.025240	0.073908	0.029692	0.028823	0.026668	0.033638	0.055666	0.027912	
0.265582	0.007873	0.162750	0.001658	0.017948	0.052429	0.018771	0.018046	0.156667	0.012621	0.009924	0.036234	0.040876	0.161355	0.037264	
0.171366	0.013610	0.116810	0.000990	0.010015	0.086466	0.015460	0.028553	0.198160	0.019626	0.005208	0.015150	0.017743	0.243889	0.056953	
0.419745	0.000870	0.169782	0.004798	0.021919	0.018604	0.036025	0.011633	0.095985	0.009690	0.031882	0.050713	0.054256	0.049806	0.024293	
0.365864	0.003187	0.167135	0.000833	0.030855	0.022451	0.032989	0.030886	0.110424	0.031455	0.004083	0.046056	0.052832	0.086475	0.014474	
0.383084	0.002176	0.172921	0.000744	0.030190	0.017709	0.015437	0.037085	0.097461	0.037414	0.003554	0.054099	0.066427	0.071577	0.010124	
0.343450	0.000791	0.197626	0.000822	0.027204	0.009243	0.042852	0.034477	0.115369	0.030874	0.004117	0.064886	0.066717	0.056588	0.004982	
0.597122	0.000672	0.013956	0.000767	0.036461	0.013020	0.016440	0.069515	0.028858	0.073726	0.003664	0.048645	0.079247	0.013754	0.004153	
0.615516	0.000666	0.012155	0.000602	0.037720	0.011590	0.011139	0.061746	0.026059	0.066217	0.002536	0.051564	0.085741	0.013379	0.003371	
0.473298	0.002053	0.030655	0.000730	0.028006	0.025311	0.030760	0.099988	0.059548	0.100367	0.003383	0.040056	0.056423	0.039954	0.009468	
0.410755	0.004507	0.035064	0.006448	0.010703	0.056730	0.028377	0.096591	0.074094	0.095852	0.043264	0.006141	0.008048	0.076880	0.046544	
0.371933	0.004244	0.081099	0.003005	0.017677	0.040050	0.048848	0.061208	0.110802	0.056566	0.019269	0.034214	0.035710	0.086269	0.029106	
0.295092	0.010918	0.074230	0.003280	0.010603	0.076543	0.020717	0.024021	0.158542	0.016969	0.021211	0.016375	0.023226	0.191132	0.057142	
0.492460	0.001206	0.054660	0.003253	0.023160	0.016625	0.084370	0.019003	0.100715	0.012357	0.021030	0.057122	0.060924	0.034943	0.018175	
0.480387	0.003179	0.049660	0.000802	0.028324	0.022813	0.052811	0.029426	0.098471	0.025281	0.003923	0.055140	0.070614	0.064799	0.014370	
0.322634	0.003714	0.067679	0.001013	0.017586	0.033417	0.087046	0.082644	0.131903	0.073764	0.005321	0.043175	0.034746	0.077940	0.017418	
