0.634659	0.001261	0.016780	0.000611	0.018248	0.034337	0.103328	0.046867	0.016972	0.043365	0.002295	0.005996	0.012916	0.026170	0.036194	
0.564318	0.002618	0.044590	0.000994	0.017756	0.011857	0.071133	0.075250	0.057802	0.046236	0.005064	0.021707	0.041103	0.031690	0.007884	
0.522632	0.007112	0.018462	0.001405	0.040985	0.014418	0.055782	0.123613	0.018695	0.083028	0.008054	0.006544	0.073316	0.016254	0.009698	
0.427353	0.001108	0.058934	0.010922	0.032041	0.053369	0.178881	0.015468	0.052760	0.010203	0.074526	0.014556	0.012421	0.052629	0.004830	
0.401559	0.002204	0.064885	0.008311	0.030150	0.042082	0.123745	0.039337	0.082977	0.029376	0.056325	0.027806	0.030889	0.055570	0.004785	
0.438798	0.001434	0.064320	0.008061	0.025704	0.041871	0.120984	0.038375	0.068630	0.029059	0.054554	0.022317	0.030264	0.050461	0.005169	
0.331236	0.000881	0.056269	0.006844	0.026207	0.052120	0.100542	0.010569	0.170767	0.026063	0.046054	0.064046	0.008890	0.075304	0.024208	
0.340217	0.003862	0.172167	0.000849	0.012544	0.010075	0.062162	0.045333	0.116051	0.029954	0.004175	0.038901	0.043800	0.112492	0.007419	
0.323318	0.002609	0.158822	0.001925	0.015386	0.044353	0.068774	0.015198	0.101228	0.038602	0.011692	0.032640	0.024759	0.120143	0.040552	
0.263728	0.003116	0.171308	0.000891	0.016468	0.055124	0.033029	0.014668	0.118173	0.056414	0.004520	0.039195	0.030115	0.135627	0.057625	
0.233492	0.003575	0.194118	0.000903	0.015419	0.046418	0.037688	0.015075	0.129931	0.048435	0.004619	0.042880	0.033088	0.146300	0.048059	
0.290506	0.002127	0.136379	0.003152	0.017364	0.045284	0.061546	0.014499	0.147156	0.037310	0.020289	0.052025	0.023466	0.113857	0.035042	
0.319347	0.003238	0.202351	0.000599	0.005091	0.008832	0.034867	0.045875	0.120807	0.034162	0.002465	0.039929	0.053229	0.123429	0.005779	
0.421383	0.003198	0.150052	0.000795	0.008346	0.008007	0.027610	0.071650	0.079174	0.049740	0.003806	0.025838	0.063578	0.083941	0.002883	
0.474341	0.001907	0.112544	0.001113	0.006719	0.011931	0.026425	0.069960	0.083261	0.050632	0.005991	0.029359	0.056755	0.063961	0.005099	
0.444627	0.010218	0.027546	0.000835	0.051690	0.005863	0.023408	0.157497	0.032316	0.104728	0.004176	0.011802	0.100842	0.021130	0.003323	
0.485696	0.009495	0.017756	0.000681	0.048512	0.006461	0.018429	0.159284	0.019619	0.106967	0.003084	0.007399	0.100999	0.011535	0.004083	
0.451395	0.007413	0.016927	0.000839	0.046316	0.045565	0.016776	0.113202	0.023656	0.112755	0.004173	0.008439	0.072467	0.032739	0.047338	
0.470300	0.001261	0.018436	0.001834	0.029847	0.104530	0.036331	0.019135	0.021962	0.099331	0.011016	0.006820	0.011851	0.059700	0.107646	
0.270856	0.003167	0.079843	0.001043	0.019887	0.009152	0.024740	0.047882	0.269410	0.034644	0.005544	0.105449	0.032134	0.090322	0.005928	
0.362351	0.002250	0.059837	0.002303	0.022983	0.042879	0.039160	0.039518	0.160008	0.055061	0.014328	0.061394	0.027640	0.073838	0.036448	
0.276071	0.001025	0.068879	0.002135	0.016468	0.029802	0.038766	0.015905	0.274777	0.027841	0.013143	0.107559	0.010004	0.094242	0.023384	
0.323324	0.000918	0.079617	0.000979	0.009289	0.012076	0.021483	0.034010	0.264080	0.027983	0.005048	0.103708	0.023394	0.085846	0.008244	
0.437228	0.002892	0.050013	0.001544	0.023126	0.023228	0.068213	0.052648	0.133664	0.042103	0.008955	0.051448	0.027712	0.058033	0.019193	
