0.031218	0.031218	0.024092	0.033593	0.026468	0.028843	0.824567	
0.055102	0.233673	0.033673	0.088435	0.036054	0.288435	0.264626	
0.079670	0.158997	0.029190	0.082074	0.103709	0.252747	0.293613	
0.569720	0.117567	0.117567	0.033835	0.050581	0.062543	0.048189	
0.407921	0.071429	0.123561	0.021666	0.059580	0.294177	0.021666	
0.351883	0.126230	0.050221	0.035969	0.062097	0.328130	0.045470	
0.562689	0.056807	0.033277	0.033277	0.245042	0.028571	0.040336	
0.023978	0.555893	0.040527	0.101993	0.189463	0.066532	0.021614	
0.045796	0.804170	0.021873	0.021873	0.038619	0.029050	0.038619	
0.058742	0.046576	0.207160	0.031978	0.535627	0.029545	0.090372	
0.068733	0.212601	0.125337	0.033356	0.483827	0.026280	0.049865	
0.039469	0.039469	0.161718	0.019909	0.582256	0.115264	0.041914	
0.030494	0.315877	0.037454	0.016573	0.037454	0.527014	0.035134	
0.028571	0.221513	0.089748	0.028571	0.070924	0.475630	0.085042	
0.037717	0.033044	0.068091	0.030708	0.154539	0.626502	0.049399	
0.017088	0.021873	0.041012	0.792208	0.048189	0.033835	0.045796	
0.241891	0.067978	0.041408	0.427881	0.019669	0.169427	0.031746	
0.040816	0.024150	0.143197	0.602721	0.038435	0.019388	0.131293	
0.033835	0.033835	0.782638	0.067327	0.026658	0.024265	0.031442	
0.028912	0.197959	0.100340	0.114626	0.512245	0.024150	0.021769	
0.086674	0.127441	0.122645	0.120247	0.362453	0.153820	0.026721	
0.287115	0.184174	0.034664	0.044468	0.355742	0.066527	0.027311	
0.142857	0.031746	0.048654	0.034161	0.292616	0.413389	0.036577	
0.392263	0.271123	0.107228	0.045470	0.111978	0.047845	0.024092	
