0.026342	0.033435	0.026342	0.023978	0.040527	0.827761	0.021614	
0.021717	0.401765	0.123855	0.081099	0.111978	0.225993	0.033593	
0.024092	0.843570	0.031218	0.021717	0.028843	0.021717	0.028843	
0.817874	0.026405	0.047732	0.035884	0.019296	0.033514	0.019296	
0.318733	0.153639	0.196092	0.236186	0.035714	0.030997	0.028639	
0.441097	0.147258	0.066689	0.211239	0.073798	0.033514	0.026405	
0.299385	0.055366	0.026658	0.392686	0.064935	0.036227	0.124744	
0.047845	0.192738	0.363760	0.114354	0.026468	0.024092	0.230743	
0.099139	0.024441	0.434079	0.099139	0.041308	0.219621	0.082272	
0.127178	0.034495	0.063763	0.058885	0.056446	0.051568	0.607666	
0.044936	0.019115	0.138833	0.040241	0.042589	0.037894	0.676392	
0.226625	0.095238	0.233924	0.049009	0.034411	0.022245	0.338547	
0.042193	0.046844	0.539867	0.067774	0.074751	0.158472	0.070100	
0.086782	0.124166	0.663885	0.033044	0.030708	0.026035	0.035381	
0.146164	0.301257	0.340608	0.021164	0.039683	0.023479	0.127646	
0.026594	0.019434	0.031367	0.036140	0.830890	0.028981	0.026594	
0.026594	0.091033	0.031367	0.129219	0.675759	0.019434	0.026594	
0.057897	0.038712	0.017129	0.055498	0.760534	0.045906	0.024323	
0.178064	0.026405	0.035884	0.021666	0.391334	0.047732	0.298917	
0.090816	0.026531	0.207483	0.505102	0.109864	0.019388	0.040816	
0.098428	0.134313	0.184552	0.311347	0.096036	0.031442	0.143882	
0.085298	0.073162	0.087725	0.631415	0.034327	0.024619	0.063454	
0.046239	0.179089	0.024500	0.488268	0.174258	0.029331	0.058316	
0.055366	0.024265	0.096036	0.526658	0.057758	0.158237	0.081681	
