0.024323	0.647825	0.091470	0.036314	0.117849	0.055498	0.026721	
0.042891	0.456602	0.016886	0.234380	0.040527	0.035799	0.172915	
0.033997	0.596497	0.021978	0.125343	0.046016	0.031593	0.144574	
0.050581	0.026658	0.019481	0.189337	0.607997	0.036227	0.069720	
0.239108	0.052347	0.075988	0.042891	0.411685	0.123269	0.054711	
0.120620	0.052224	0.073450	0.205526	0.347035	0.130054	0.071092	
0.073624	0.054711	0.026342	0.028707	0.711922	0.068896	0.035799	
0.035799	0.033435	0.111449	0.503884	0.042891	0.220196	0.052347	
0.033835	0.021873	0.031442	0.610390	0.215653	0.041012	0.045796	
0.041609	0.031900	0.315881	0.027046	0.245492	0.311026	0.027046	
0.042589	0.016767	0.596579	0.143528	0.049631	0.103622	0.047284	
0.054007	0.032056	0.288153	0.019861	0.171080	0.395470	0.039373	
0.030494	0.086178	0.030494	0.230030	0.053696	0.517733	0.051376	
0.040336	0.045042	0.021513	0.249748	0.042689	0.508571	0.092101	
0.051495	0.049169	0.023588	0.098007	0.028239	0.691030	0.058472	
0.026721	0.151422	0.017129	0.156218	0.026721	0.024323	0.597465	
0.031367	0.048074	0.031367	0.150699	0.052847	0.033754	0.651892	
0.026658	0.072112	0.072112	0.057758	0.093643	0.029050	0.648667	
0.031518	0.161014	0.213772	0.137033	0.199383	0.019527	0.237753	
0.252121	0.330506	0.026468	0.230743	0.024092	0.052596	0.083475	
0.211239	0.223087	0.054841	0.218348	0.142519	0.069059	0.080907	
0.505201	0.034327	0.044036	0.124133	0.136269	0.029473	0.126560	
0.610515	0.031823	0.048772	0.036666	0.041508	0.039087	0.191629	
0.304377	0.066848	0.123855	0.283000	0.073974	0.031218	0.116729	
