0.454021	0.031218	0.038344	0.052596	0.021717	0.019342	0.382762	
0.028707	0.194191	0.090172	0.123269	0.142182	0.033435	0.388045	
0.026850	0.140103	0.091910	0.019621	0.075043	0.043718	0.602754	
0.597465	0.232956	0.031518	0.019527	0.029120	0.062693	0.026721	
0.307666	0.038163	0.151638	0.031071	0.194191	0.253293	0.023978	
0.392354	0.091885	0.042589	0.098927	0.145875	0.134138	0.094232	
0.527787	0.038527	0.028981	0.036140	0.098193	0.224685	0.045687	
0.100820	0.110390	0.062543	0.416610	0.043404	0.100820	0.165414	
0.206157	0.174680	0.026980	0.310273	0.152888	0.060879	0.068143	
0.217953	0.046804	0.051694	0.384212	0.188613	0.068809	0.041914	
0.117983	0.148571	0.045042	0.485042	0.096807	0.073277	0.033277	
0.266046	0.026915	0.026915	0.314355	0.200828	0.142857	0.022084	
0.204926	0.083087	0.021018	0.089984	0.386535	0.044007	0.170443	
0.030494	0.165065	0.035134	0.176666	0.480610	0.028174	0.083858	
0.049399	0.040053	0.035381	0.084446	0.544726	0.205941	0.040053	
0.036401	0.161401	0.459478	0.041209	0.139766	0.050824	0.110920	
0.065247	0.120536	0.582074	0.019574	0.021978	0.019574	0.171016	
0.024265	0.076897	0.715653	0.072112	0.024265	0.029050	0.057758	
0.302721	0.386054	0.043197	0.038435	0.083673	0.033673	0.112245	
0.024150	0.171769	0.090816	0.155102	0.088435	0.438435	0.031293	
0.193115	0.103959	0.099139	0.195525	0.087091	0.212392	0.108778	
0.158616	0.103460	0.108256	0.141829	0.089072	0.376841	0.021925	
0.101549	0.034079	0.036489	0.072633	0.077453	0.532874	0.144923	
0.111978	0.192738	0.045470	0.216491	0.064472	0.342382	0.026468	
