0.021717	0.024092	0.026468	0.033593	0.021717	0.016966	0.855446	
0.048074	0.265257	0.069553	0.079100	0.167405	0.060007	0.310603	
0.024500	0.135611	0.060732	0.019669	0.442374	0.082471	0.234645	
0.351176	0.482441	0.031367	0.021821	0.033754	0.057620	0.021821	
0.534617	0.028707	0.094900	0.172915	0.080716	0.047619	0.040527	
0.210243	0.042790	0.521563	0.106469	0.045148	0.052224	0.021563	
0.442418	0.035799	0.040527	0.064168	0.364404	0.023978	0.028707	
0.033754	0.265257	0.076713	0.088646	0.162632	0.289124	0.083873	
0.122645	0.429599	0.026721	0.043508	0.033916	0.244947	0.098664	
0.126868	0.029545	0.036844	0.282586	0.097671	0.365311	0.061175	
0.094677	0.026280	0.068733	0.064016	0.097035	0.601752	0.047507	
0.044577	0.034749	0.024921	0.720253	0.027378	0.123201	0.024921	
0.044622	0.119214	0.021312	0.063270	0.221778	0.447885	0.081918	
0.044108	0.184661	0.055629	0.143186	0.087887	0.461159	0.023371	
0.078167	0.030997	0.089960	0.271563	0.056941	0.361186	0.111186	
0.024323	0.420007	0.033916	0.036314	0.424803	0.036314	0.024323	
0.021821	0.332083	0.057620	0.024207	0.501534	0.040914	0.021821	
0.078912	0.207483	0.045578	0.028912	0.476531	0.126531	0.036054	
0.069887	0.240151	0.244947	0.041110	0.177801	0.120247	0.105858	
0.146275	0.033835	0.215653	0.136705	0.256323	0.189337	0.021873	
0.019296	0.163846	0.320244	0.242045	0.059580	0.161476	0.033514	
0.259335	0.163412	0.038712	0.069887	0.338472	0.110654	0.019527	
0.068308	0.036755	0.158114	0.070735	0.444521	0.199376	0.022191	
0.302277	0.249137	0.041408	0.051070	0.200828	0.130780	0.024500	
