0.462710	0.000785	0.015367	0.003236	0.025292	0.029037	0.033323	0.084199	0.015311	0.152283	0.003172	0.005674	0.038081	0.014226	0.117305	
0.447411	0.008198	0.104266	0.001293	0.015417	0.034173	0.044623	0.082260	0.049393	0.075344	0.010899	0.018949	0.022481	0.064469	0.020826	
0.486057	0.008485	0.062808	0.001676	0.017560	0.025870	0.023901	0.103089	0.033238	0.117017	0.006162	0.015630	0.022450	0.024432	0.051625	
0.461822	0.001275	0.059397	0.006837	0.010664	0.060880	0.157377	0.018130	0.067982	0.015388	0.019804	0.024942	0.018131	0.070174	0.007196	
0.448700	0.003218	0.072596	0.005425	0.017145	0.041494	0.110966	0.036292	0.103923	0.027683	0.022992	0.035978	0.028820	0.039507	0.005261	
0.437654	0.004851	0.065940	0.004288	0.012366	0.044296	0.099210	0.047998	0.090199	0.041391	0.014289	0.037415	0.016232	0.073843	0.010028	
0.477541	0.001264	0.055112	0.005420	0.022958	0.041639	0.109910	0.040350	0.072942	0.033914	0.019512	0.023905	0.044444	0.034303	0.016786	
0.322212	0.002410	0.142882	0.001162	0.019182	0.040445	0.062771	0.034747	0.107661	0.037403	0.018227	0.033941	0.033474	0.122568	0.020914	
0.312192	0.000763	0.149933	0.001778	0.015113	0.055728	0.099097	0.014557	0.091988	0.011765	0.017476	0.028746	0.028977	0.161954	0.009934	
0.289012	0.001196	0.178381	0.001978	0.030461	0.017659	0.039627	0.022603	0.189149	0.029706	0.039430	0.049236	0.055608	0.037394	0.018560	
0.315621	0.000947	0.137621	0.001624	0.028968	0.024361	0.044252	0.032757	0.154002	0.036002	0.026153	0.045876	0.053312	0.075256	0.023249	
0.246751	0.000774	0.244842	0.001240	0.036013	0.010860	0.028702	0.009349	0.219278	0.008425	0.053603	0.047662	0.070645	0.018067	0.003788	
0.410015	0.007420	0.110187	0.001203	0.015132	0.034517	0.047504	0.071280	0.077247	0.062787	0.012024	0.029785	0.021397	0.084288	0.015215	
0.400295	0.006169	0.126484	0.001527	0.020236	0.029869	0.048660	0.061226	0.099406	0.047569	0.019608	0.032107	0.034353	0.064923	0.007567	
0.434845	0.009815	0.104399	0.001090	0.019059	0.018606	0.020750	0.088741	0.105807	0.070912	0.015898	0.039726	0.026752	0.036246	0.007354	
0.494296	0.001086	0.022832	0.000897	0.046627	0.012457	0.021602	0.085617	0.073744	0.037993	0.002702	0.032161	0.099516	0.061175	0.007297	
0.512620	0.002298	0.046490	0.002006	0.034678	0.029499	0.053700	0.079140	0.024542	0.051465	0.005700	0.010286	0.073635	0.055090	0.018852	
0.523324	0.000898	0.014702	0.001985	0.043116	0.016725	0.029564	0.089361	0.038400	0.069103	0.003830	0.016102	0.089828	0.027129	0.035933	
0.474563	0.000846	0.033241	0.004438	0.020694	0.043445	0.085055	0.059377	0.022761	0.091761	0.008243	0.008676	0.035033	0.043747	0.068119	
0.253062	0.000819	0.048425	0.000880	0.029194	0.013636	0.023331	0.036973	0.249520	0.022928	0.007751	0.104855	0.045666	0.153483	0.009477	
0.315279	0.001953	0.083102	0.001375	0.027899	0.020157	0.036577	0.042811	0.185224	0.031084	0.014654	0.071404	0.047452	0.109360	0.011668	
0.346896	0.003332	0.059308	0.003152	0.016888	0.033390	0.075066	0.037319	0.171652	0.026386	0.012400	0.072256	0.022262	0.115486	0.004206	
0.396582	0.007365	0.047509	0.002007	0.017154	0.022627	0.039731	0.072611	0.151274	0.054717	0.007176	0.068512	0.019809	0.087433	0.005493	
0.349915	0.001045	0.084693	0.003299	0.012835	0.053059	0.104455	0.024021	0.100349	0.030959	0.011183	0.040643	0.018896	0.141867	0.022779	
