0.038712	0.184995	0.120247	0.105858	0.050702	0.029120	0.470367	
0.126833	0.102966	0.050460	0.048074	0.136379	0.028981	0.506308	
0.111188	0.099139	0.099139	0.043718	0.058176	0.024441	0.564200	
0.384225	0.028775	0.424509	0.021666	0.021666	0.021666	0.097495	
0.292390	0.028371	0.023698	0.285381	0.054072	0.266689	0.049399	
0.375636	0.090601	0.185612	0.035969	0.043095	0.230743	0.038344	
0.031071	0.023978	0.463695	0.047619	0.019250	0.373860	0.040527	
0.142857	0.290126	0.038344	0.199864	0.031218	0.152358	0.145232	
0.055632	0.454670	0.211882	0.149382	0.017170	0.060440	0.050824	
0.027178	0.132056	0.275958	0.419861	0.022300	0.032056	0.090592	
0.082302	0.140850	0.161927	0.517899	0.023754	0.040147	0.033121	
0.027178	0.046690	0.251568	0.558885	0.027178	0.051568	0.036934	
0.030565	0.160797	0.084053	0.211960	0.039867	0.095681	0.377076	
0.105228	0.074925	0.046953	0.252081	0.018981	0.074925	0.426906	
0.030708	0.033044	0.035381	0.306409	0.037717	0.093792	0.462951	
0.212751	0.033754	0.026594	0.024207	0.642346	0.036140	0.024207	
0.142170	0.036401	0.046016	0.033997	0.615728	0.062843	0.062843	
0.040816	0.036054	0.021769	0.026531	0.733673	0.105102	0.036054	
0.050340	0.481293	0.336054	0.028912	0.031293	0.036054	0.036054	
0.180862	0.097727	0.024092	0.487275	0.152358	0.028843	0.028843	
0.133992	0.329697	0.167405	0.196045	0.122059	0.033754	0.017047	
0.167427	0.093717	0.241137	0.037206	0.056862	0.351702	0.051948	
0.256384	0.067978	0.080055	0.067978	0.142857	0.350587	0.034161	
0.237753	0.105858	0.072285	0.038712	0.038712	0.479959	0.026721	
