0.021821	0.064780	0.026594	0.028981	0.048074	0.031367	0.778384	
0.036314	0.376841	0.072285	0.204180	0.050702	0.069887	0.189791	
0.120536	0.375343	0.019574	0.279190	0.017170	0.072459	0.115728	
0.031518	0.547105	0.266530	0.019527	0.079479	0.026721	0.029120	
0.245620	0.033356	0.460243	0.111186	0.021563	0.097035	0.030997	
0.064320	0.154367	0.531144	0.028775	0.088016	0.050102	0.083277	
0.617359	0.033435	0.255657	0.019250	0.028707	0.021614	0.023978	
0.122689	0.228571	0.092101	0.037983	0.183866	0.160336	0.174454	
0.024265	0.263500	0.096036	0.029050	0.275461	0.124744	0.186945	
0.109837	0.044143	0.034411	0.100104	0.579423	0.080640	0.051442	
0.153464	0.107060	0.021213	0.037454	0.492211	0.065297	0.123301	
0.149494	0.051694	0.122599	0.125044	0.452672	0.039469	0.059029	
0.025914	0.118937	0.030565	0.030565	0.058472	0.451495	0.284053	
0.079034	0.125331	0.102183	0.118386	0.069775	0.454034	0.051257	
0.119772	0.094011	0.131482	0.197056	0.068250	0.330545	0.058883	
0.043718	0.359380	0.034079	0.383477	0.026850	0.058176	0.094320	
0.077266	0.401786	0.024382	0.365728	0.029190	0.021978	0.079670	
0.041508	0.179523	0.135939	0.470080	0.041508	0.034244	0.097198	
0.046127	0.181067	0.149742	0.284682	0.265404	0.036489	0.036489	
0.191827	0.139818	0.137454	0.220196	0.071260	0.215468	0.023978	
0.075224	0.104210	0.113872	0.256384	0.336094	0.063147	0.051070	
0.505226	0.119861	0.078397	0.041812	0.039373	0.183275	0.032056	
0.711558	0.031367	0.036140	0.045687	0.045687	0.028981	0.100580	
0.296730	0.193115	0.156971	0.034079	0.072633	0.135284	0.111188	
