0.432256	0.006432	0.046852	0.000847	0.057108	0.026868	0.025130	0.119025	0.033011	0.139932	0.012772	0.013854	0.043145	0.038227	0.004541	
0.607215	0.004476	0.019041	0.002573	0.020740	0.031257	0.010585	0.094431	0.020983	0.078417	0.006858	0.026712	0.029237	0.012075	0.035400	
0.515971	0.006327	0.017352	0.001676	0.045643	0.031166	0.016903	0.114240	0.028648	0.124901	0.010974	0.015453	0.037305	0.014124	0.019319	
0.492954	0.004279	0.024354	0.005783	0.017742	0.067547	0.032747	0.022821	0.157069	0.021903	0.035975	0.020745	0.016666	0.023422	0.055993	
0.328938	0.001296	0.078264	0.001688	0.021871	0.024259	0.090905	0.044020	0.187807	0.032823	0.018955	0.066818	0.023224	0.073886	0.005246	
0.457967	0.001914	0.065898	0.002732	0.015677	0.033848	0.048664	0.051612	0.123181	0.032594	0.019592	0.046708	0.022735	0.055100	0.021778	
0.366802	0.001737	0.043606	0.003694	0.025923	0.057112	0.055864	0.029085	0.230615	0.030491	0.049753	0.032132	0.026381	0.041947	0.004860	
0.293539	0.002376	0.208136	0.002277	0.019271	0.021198	0.067305	0.028311	0.052967	0.019308	0.003979	0.043186	0.043284	0.163696	0.031167	
0.238117	0.002475	0.221033	0.003086	0.022659	0.032074	0.072452	0.008675	0.089003	0.007838	0.013748	0.038304	0.041021	0.175389	0.034127	
0.339252	0.001440	0.102020	0.004297	0.027497	0.063628	0.038625	0.015073	0.201105	0.015619	0.054143	0.020629	0.025046	0.081627	0.009998	
0.405169	0.002425	0.071208	0.004760	0.022942	0.065285	0.032544	0.020530	0.180264	0.020956	0.048902	0.016490	0.027648	0.057308	0.023569	
0.348091	0.000926	0.103199	0.003773	0.025212	0.056926	0.041151	0.021065	0.194407	0.015690	0.050028	0.027444	0.024210	0.082481	0.005397	
0.334506	0.002868	0.170462	0.001534	0.026133	0.018139	0.057594	0.054452	0.043910	0.048352	0.004407	0.039400	0.044944	0.133853	0.019447	
0.386880	0.001524	0.158840	0.001197	0.015980	0.013518	0.052535	0.058519	0.042836	0.038295	0.003976	0.045534	0.045099	0.122741	0.012524	
0.497984	0.001147	0.097823	0.000811	0.012585	0.011966	0.034889	0.083066	0.038264	0.052322	0.005053	0.046880	0.039223	0.073220	0.004768	
0.532898	0.005421	0.019242	0.001321	0.020802	0.021232	0.036381	0.102626	0.022467	0.108608	0.004352	0.013569	0.079504	0.015753	0.015825	
0.546866	0.005315	0.012794	0.001079	0.013179	0.017832	0.040302	0.103610	0.016028	0.110237	0.002754	0.009054	0.098706	0.010310	0.011933	
0.527045	0.005302	0.012931	0.000777	0.014044	0.016042	0.045735	0.105102	0.022912	0.115363	0.003635	0.007946	0.106148	0.011310	0.005708	
0.512745	0.006406	0.067079	0.004657	0.012400	0.043769	0.037902	0.043905	0.027991	0.047759	0.003415	0.014502	0.050828	0.053770	0.072874	
0.198017	0.002097	0.099326	0.001147	0.031623	0.016907	0.131375	0.034706	0.224731	0.038458	0.012409	0.081262	0.023617	0.099469	0.004854	
0.374598	0.003022	0.105141	0.001917	0.021188	0.023473	0.067286	0.054155	0.094563	0.049638	0.009581	0.042993	0.045132	0.087689	0.019625	
0.242508	0.003046	0.092691	0.002998	0.023629	0.027700	0.129857	0.011657	0.219788	0.011372	0.007631	0.083582	0.007075	0.095246	0.041221	
0.330429	0.001136	0.073918	0.001528	0.020241	0.020051	0.098887	0.044352	0.192430	0.029124	0.014269	0.076465	0.016943	0.072446	0.007782	
0.304702	0.003864	0.081475	0.003368	0.021272	0.030820	0.111715	0.019372	0.180725	0.019759	0.005734	0.070618	0.014487	0.082582	0.049505	
