0.041110	0.021925	0.026721	0.031518	0.067489	0.762933	0.048304	
0.210868	0.038619	0.031442	0.100820	0.407040	0.170198	0.041012	
0.043300	0.024207	0.031367	0.126833	0.477668	0.262871	0.033754	
0.725878	0.067167	0.067167	0.026594	0.024207	0.026594	0.062393	
0.427904	0.154539	0.063418	0.096128	0.149866	0.026035	0.082109	
0.340103	0.164200	0.067814	0.178657	0.152151	0.070224	0.026850	
0.440054	0.144546	0.090172	0.061803	0.087808	0.073624	0.101993	
0.024323	0.103460	0.396026	0.062693	0.141829	0.211374	0.060295	
0.128364	0.205659	0.345756	0.058316	0.026915	0.200828	0.034161	
0.053615	0.075406	0.438603	0.155310	0.097198	0.099620	0.080249	
0.118822	0.042993	0.457684	0.076168	0.021666	0.234936	0.047732	
0.054272	0.046919	0.774860	0.027311	0.027311	0.032213	0.037115	
0.032512	0.149754	0.034811	0.485386	0.066995	0.191133	0.039409	
0.078167	0.052224	0.224394	0.450809	0.089960	0.030997	0.073450	
0.042993	0.078538	0.151997	0.412661	0.168585	0.042993	0.102234	
0.077266	0.086882	0.021978	0.031593	0.074863	0.060440	0.646978	
0.217525	0.026594	0.021821	0.076713	0.088646	0.124446	0.444255	
0.060295	0.024323	0.026721	0.031518	0.206578	0.189791	0.460774	
0.165798	0.041710	0.078206	0.049009	0.029545	0.486966	0.148766	
0.079479	0.453580	0.072285	0.029120	0.141829	0.024323	0.199383	
0.038712	0.211374	0.295307	0.050702	0.117849	0.077081	0.208976	
0.150228	0.474552	0.071604	0.042120	0.064233	0.029835	0.167427	
0.096266	0.312093	0.053100	0.117849	0.302501	0.038712	0.079479	
0.265257	0.289124	0.079100	0.069553	0.033754	0.200818	0.062393	
