0.017129	0.021925	0.782117	0.029120	0.036314	0.041110	0.072285	
0.036666	0.029402	0.150467	0.058457	0.024559	0.356278	0.344172	
0.028843	0.026468	0.297251	0.035969	0.166610	0.285375	0.159484	
0.293897	0.079100	0.028981	0.122059	0.026594	0.028981	0.420389	
0.403639	0.054582	0.042790	0.210243	0.054582	0.132412	0.101752	
0.260484	0.086260	0.064780	0.052847	0.050460	0.298670	0.186498	
0.426531	0.021769	0.071769	0.093197	0.059864	0.055102	0.271769	
0.024323	0.261733	0.170606	0.264132	0.065091	0.163412	0.050702	
0.044251	0.390592	0.149129	0.236934	0.039373	0.041812	0.097909	
0.037298	0.069317	0.106263	0.606263	0.024982	0.066854	0.089022	
0.046953	0.086580	0.158841	0.433899	0.081918	0.044622	0.147186	
0.066527	0.029762	0.051821	0.742997	0.027311	0.039566	0.042017	
0.028504	0.143528	0.178739	0.084842	0.026157	0.486251	0.051979	
0.025794	0.143849	0.039683	0.157738	0.048942	0.465608	0.118386	
0.073798	0.071429	0.021666	0.156737	0.064320	0.569059	0.042993	
0.026915	0.150104	0.043823	0.029331	0.611456	0.029331	0.109041	
0.077640	0.029331	0.101794	0.024500	0.505176	0.087302	0.174258	
0.050340	0.055102	0.190816	0.021769	0.567007	0.043197	0.071769	
0.161401	0.067651	0.401786	0.048420	0.173420	0.053228	0.094093	
0.072459	0.358516	0.021978	0.178228	0.245536	0.058036	0.065247	
0.070564	0.203736	0.043929	0.290903	0.220685	0.114147	0.056036	
0.500348	0.173519	0.019861	0.083275	0.036934	0.139373	0.046690	
0.231845	0.138766	0.033754	0.105353	0.143539	0.324923	0.021821	
0.376248	0.183477	0.082272	0.041308	0.034079	0.099139	0.183477	
