0.456565	0.012072	0.011409	0.003503	0.050164	0.032054	0.077739	0.122904	0.022617	0.114625	0.026738	0.006261	0.018383	0.010541	0.034422	
0.560317	0.008022	0.040318	0.000748	0.031748	0.031564	0.020563	0.099904	0.044323	0.070686	0.007511	0.015779	0.025777	0.035616	0.007123	
0.523759	0.014667	0.015835	0.000630	0.048659	0.019588	0.019489	0.156428	0.020935	0.117716	0.010486	0.007799	0.022148	0.016106	0.005755	
0.591032	0.000900	0.013327	0.008025	0.013364	0.078446	0.162211	0.021018	0.016706	0.011755	0.048611	0.005828	0.006759	0.014387	0.007631	
0.290262	0.002310	0.089132	0.005482	0.014630	0.039867	0.118689	0.030383	0.156958	0.027663	0.033624	0.065001	0.023599	0.094372	0.008029	
0.395138	0.001987	0.057105	0.006123	0.019000	0.053027	0.128864	0.026312	0.103742	0.030844	0.037375	0.041498	0.015366	0.061260	0.022361	
0.411597	0.002105	0.039805	0.003069	0.041315	0.043362	0.067752	0.025169	0.091903	0.074506	0.018286	0.030527	0.013016	0.043577	0.094011	
0.300108	0.004466	0.161607	0.001292	0.022840	0.018879	0.042847	0.056642	0.117525	0.050650	0.008898	0.033656	0.060801	0.102982	0.016808	
0.372313	0.001900	0.136919	0.002030	0.018604	0.033988	0.053265	0.028750	0.114044	0.030212	0.012018	0.034738	0.043086	0.093841	0.024293	
0.214395	0.001914	0.200227	0.002536	0.017820	0.023485	0.070725	0.023100	0.142598	0.032698	0.015178	0.039585	0.065152	0.124583	0.026004	
0.250004	0.000932	0.197003	0.002378	0.013417	0.026826	0.066111	0.016209	0.143835	0.021020	0.013672	0.041381	0.062349	0.125527	0.019337	
0.220421	0.000848	0.193526	0.003811	0.011958	0.030741	0.094996	0.012869	0.145649	0.018406	0.022510	0.043185	0.060802	0.124564	0.015715	
0.458354	0.003498	0.114097	0.001228	0.020296	0.034458	0.034981	0.048740	0.085946	0.035796	0.007976	0.025133	0.039091	0.076853	0.013551	
0.374547	0.003773	0.148520	0.000690	0.019610	0.023509	0.028110	0.052903	0.109360	0.040031	0.004809	0.032120	0.053927	0.097345	0.010746	
0.389507	0.000877	0.152860	0.001227	0.014203	0.032396	0.037777	0.023492	0.116604	0.020498	0.006503	0.034308	0.049733	0.101669	0.018346	
0.575694	0.001316	0.015934	0.000632	0.018741	0.014061	0.020672	0.109884	0.024931	0.085963	0.002849	0.009690	0.096142	0.016783	0.006706	
0.556952	0.003691	0.010805	0.000775	0.024441	0.010167	0.024457	0.129590	0.014684	0.102090	0.005066	0.005462	0.096332	0.010235	0.005252	
0.540495	0.001484	0.021585	0.001016	0.020207	0.010582	0.030246	0.114987	0.021422	0.094456	0.005297	0.006797	0.105904	0.015917	0.009605	
0.520338	0.001348	0.019702	0.000875	0.052998	0.045136	0.022198	0.020678	0.048499	0.093068	0.004148	0.007264	0.011212	0.016476	0.136059	
0.291186	0.001442	0.105426	0.000737	0.010908	0.020665	0.021307	0.028127	0.237600	0.018340	0.003746	0.103348	0.016356	0.135630	0.005181	
0.338635	0.002919	0.090510	0.002456	0.020216	0.029429	0.057713	0.041912	0.156101	0.040539	0.015182	0.063096	0.026508	0.094723	0.020062	
0.289349	0.001253	0.095029	0.001670	0.012936	0.023576	0.040239	0.028354	0.221554	0.024873	0.009383	0.096084	0.019405	0.124066	0.012230	
0.251978	0.005156	0.108866	0.001489	0.021576	0.017135	0.039572	0.055301	0.204867	0.045522	0.010486	0.086006	0.021378	0.121446	0.009221	
0.412442	0.002186	0.063820	0.002665	0.017903	0.036737	0.058616	0.038901	0.141421	0.033424	0.016066	0.060029	0.018289	0.081015	0.016486	
