0.038619	0.021873	0.036227	0.029050	0.029050	0.811347	0.033835	
0.055234	0.060007	0.031367	0.181725	0.048074	0.587453	0.036140	
0.041209	0.072459	0.024382	0.262363	0.072459	0.485920	0.041209	
0.474150	0.140816	0.031293	0.021769	0.021769	0.028912	0.281293	
0.181941	0.170148	0.101752	0.113544	0.033356	0.028639	0.370620	
0.215653	0.091251	0.182160	0.179768	0.029050	0.043404	0.258715	
0.019160	0.063866	0.030924	0.021513	0.092101	0.042689	0.729748	
0.045255	0.149274	0.579534	0.038163	0.052347	0.042891	0.092536	
0.190816	0.045578	0.612245	0.028912	0.024150	0.033673	0.064626	
0.026850	0.108778	0.419621	0.164200	0.029260	0.053356	0.197935	
0.058608	0.119214	0.492174	0.023643	0.035298	0.028305	0.242757	
0.283968	0.061474	0.303528	0.237513	0.029689	0.027244	0.056584	
0.033044	0.030708	0.290053	0.271362	0.023698	0.301736	0.049399	
0.032738	0.088294	0.204034	0.599868	0.025794	0.023479	0.025794	
0.128239	0.023588	0.035216	0.679402	0.056146	0.023588	0.053821	
0.024092	0.035969	0.024092	0.038344	0.796064	0.038344	0.043095	
0.016966	0.195114	0.026468	0.019342	0.677299	0.040719	0.024092	
0.115450	0.079479	0.029120	0.031518	0.554299	0.036314	0.153820	
0.131293	0.019388	0.319388	0.021769	0.200340	0.267007	0.040816	
0.161860	0.394639	0.057346	0.166610	0.140482	0.024092	0.054971	
0.328880	0.201781	0.228160	0.041110	0.110654	0.029120	0.060295	
0.395525	0.417212	0.029260	0.031670	0.034079	0.036489	0.055766	
0.033916	0.655019	0.029120	0.031518	0.033916	0.038712	0.177801	
0.480055	0.060007	0.057620	0.048074	0.024207	0.028981	0.301057	
