0.524263	0.001537	0.096145	0.001249	0.040773	0.046760	0.048353	0.078550	0.030522	0.062993	0.003144	0.010506	0.028219	0.019823	0.007163	
0.511552	0.002146	0.076738	0.001255	0.034680	0.035693	0.048344	0.072572	0.052384	0.063470	0.012492	0.028277	0.040018	0.016115	0.004264	
0.493694	0.007604	0.054533	0.000991	0.031709	0.025979	0.034537	0.103826	0.043764	0.102151	0.005509	0.016949	0.045161	0.024668	0.008926	
0.404007	0.000836	0.108723	0.008752	0.010652	0.061949	0.106738	0.037858	0.027143	0.018844	0.038103	0.008064	0.062104	0.099945	0.006282	
0.350672	0.001350	0.092503	0.006255	0.018112	0.016001	0.078204	0.030042	0.136340	0.020445	0.039072	0.061191	0.062322	0.081958	0.005534	
0.369926	0.002250	0.084474	0.006324	0.008382	0.018626	0.073120	0.036615	0.096555	0.031665	0.045621	0.048300	0.073889	0.093358	0.010893	
0.343636	0.001472	0.070069	0.002112	0.033609	0.030537	0.089643	0.019895	0.224232	0.016875	0.010101	0.090328	0.022126	0.037568	0.007798	
0.358012	0.000894	0.108962	0.001242	0.016831	0.028464	0.049302	0.031789	0.127215	0.032844	0.016492	0.042964	0.032711	0.108174	0.044106	
0.239972	0.000777	0.149421	0.001477	0.005502	0.049430	0.061617	0.009812	0.152257	0.014022	0.003845	0.023940	0.009328	0.194949	0.083650	
0.257432	0.000759	0.152637	0.004214	0.011525	0.014685	0.046584	0.023570	0.141901	0.018033	0.023188	0.033618	0.038162	0.176024	0.057669	
0.233708	0.000725	0.157608	0.001567	0.007559	0.030888	0.044597	0.014801	0.156537	0.017701	0.008216	0.027756	0.016213	0.199071	0.083053	
0.293592	0.000935	0.099420	0.001087	0.007300	0.007644	0.045303	0.012276	0.185684	0.022823	0.028090	0.072672	0.043160	0.128540	0.051473	
0.431927	0.001277	0.125162	0.001158	0.035473	0.023696	0.028419	0.066472	0.075146	0.054314	0.005653	0.018585	0.027575	0.075422	0.029721	
0.470744	0.000912	0.101562	0.001439	0.032903	0.034250	0.045011	0.061790	0.064402	0.051134	0.011673	0.025347	0.034338	0.047501	0.016994	
0.498834	0.000688	0.084387	0.001152	0.035209	0.018861	0.037637	0.063501	0.074231	0.054228	0.019978	0.042948	0.045878	0.018593	0.003874	
0.506804	0.011089	0.030442	0.001190	0.029292	0.021932	0.030292	0.125843	0.025136	0.128417	0.005067	0.010252	0.054455	0.015826	0.003963	
0.499461	0.012351	0.015284	0.000933	0.025315	0.016325	0.028271	0.127850	0.034262	0.135761	0.007813	0.017086	0.060252	0.014757	0.004278	
0.497499	0.012730	0.021719	0.000925	0.027169	0.019103	0.026558	0.133011	0.027109	0.139301	0.003232	0.009081	0.055825	0.019809	0.006929	
0.369471	0.006410	0.089194	0.001254	0.016138	0.035957	0.044556	0.070000	0.086160	0.074537	0.003605	0.014512	0.031866	0.109990	0.046351	
0.357605	0.002694	0.098244	0.005964	0.020516	0.025969	0.076079	0.043969	0.112887	0.032923	0.028492	0.041716	0.053323	0.088428	0.011192	
0.358631	0.004161	0.095801	0.004741	0.015390	0.025348	0.061758	0.053897	0.094644	0.049053	0.024762	0.030183	0.052764	0.104214	0.024650	
0.351317	0.000744	0.060465	0.001232	0.032924	0.047892	0.105398	0.008724	0.235265	0.008455	0.004717	0.094895	0.011554	0.027111	0.009309	
0.396510	0.004448	0.044656	0.001097	0.023769	0.018381	0.062372	0.047485	0.164539	0.054017	0.018043	0.075304	0.043708	0.034624	0.011047	
0.422056	0.001160	0.052944	0.002646	0.021667	0.091655	0.131484	0.018233	0.129927	0.015889	0.005944	0.050732	0.016229	0.030517	0.008919	
