0.520731	0.001706	0.032689	0.000691	0.025446	0.011104	0.025162	0.120908	0.021458	0.149981	0.002913	0.007361	0.040778	0.028338	0.010733	
0.444893	0.003531	0.064179	0.000845	0.036809	0.022060	0.039736	0.108929	0.033555	0.087063	0.016617	0.030597	0.025822	0.061705	0.023662	
0.441376	0.004163	0.077353	0.000743	0.028751	0.025079	0.031213	0.106320	0.021975	0.110814	0.008806	0.015158	0.031788	0.068188	0.028271	
0.548921	0.000889	0.013593	0.016705	0.005365	0.104593	0.197167	0.011683	0.018013	0.009022	0.041991	0.008383	0.006531	0.012990	0.004155	
0.425625	0.002529	0.064177	0.005640	0.023852	0.046334	0.096819	0.051744	0.095849	0.027503	0.024618	0.039803	0.019969	0.058749	0.016790	
0.449907	0.001393	0.053137	0.008138	0.010401	0.055643	0.118576	0.028667	0.116180	0.031190	0.021028	0.029513	0.023611	0.043749	0.008866	
0.452918	0.000876	0.042078	0.006061	0.036098	0.039887	0.097699	0.065493	0.104118	0.010182	0.035362	0.052975	0.018798	0.032298	0.005157	
0.251098	0.007056	0.172836	0.000659	0.015806	0.041731	0.044007	0.028072	0.145050	0.023710	0.007118	0.037695	0.034521	0.140603	0.050039	
0.243347	0.008558	0.185109	0.003987	0.007796	0.070171	0.079920	0.010064	0.107920	0.008945	0.011102	0.024984	0.020432	0.157380	0.060286	
0.313924	0.001321	0.133843	0.003543	0.010902	0.029352	0.047586	0.014393	0.248755	0.018650	0.009596	0.040201	0.055322	0.061842	0.010770	
0.228926	0.003859	0.184355	0.000867	0.010458	0.027196	0.023478	0.009726	0.260524	0.014146	0.002988	0.041938	0.056754	0.105660	0.029124	
0.383298	0.000961	0.085064	0.002682	0.044205	0.020811	0.047059	0.076452	0.158241	0.008272	0.031758	0.060278	0.034203	0.039690	0.007027	
0.417572	0.003053	0.081352	0.000873	0.019147	0.020333	0.036412	0.078589	0.094436	0.097393	0.003157	0.022144	0.038904	0.065656	0.020978	
0.360488	0.006897	0.123331	0.000789	0.031521	0.040450	0.038594	0.090492	0.016916	0.071872	0.014499	0.022360	0.022313	0.111794	0.047684	
0.462929	0.001198	0.050577	0.000927	0.042218	0.010357	0.029244	0.112994	0.076794	0.079954	0.020616	0.038927	0.036029	0.029467	0.007769	
0.540611	0.000906	0.022248	0.000956	0.029819	0.007666	0.025632	0.058383	0.038725	0.098921	0.019588	0.037399	0.096348	0.018079	0.004719	
0.585680	0.001210	0.018682	0.000838	0.005531	0.008119	0.014896	0.013150	0.017695	0.147789	0.003796	0.014385	0.143201	0.018529	0.006499	
0.457467	0.002890	0.051721	0.001120	0.042475	0.019794	0.046068	0.081151	0.044880	0.051916	0.028187	0.051734	0.047537	0.054207	0.018852	
0.377319	0.005603	0.113060	0.001622	0.025088	0.038410	0.044676	0.048313	0.053977	0.053311	0.017312	0.032455	0.052411	0.097845	0.038596	
0.368892	0.003286	0.094425	0.000988	0.053520	0.022420	0.039699	0.096601	0.097380	0.011369	0.034568	0.062517	0.023847	0.067697	0.022789	
0.335423	0.005758	0.123110	0.001295	0.039709	0.037600	0.048100	0.071038	0.072712	0.019144	0.026539	0.048726	0.026446	0.104412	0.039988	
0.403059	0.000789	0.040755	0.004234	0.008634	0.028125	0.117258	0.012231	0.214122	0.008664	0.011374	0.064678	0.017611	0.063901	0.004565	
0.404332	0.000923	0.019868	0.000785	0.011040	0.006922	0.107880	0.018696	0.228803	0.017117	0.004399	0.082304	0.015353	0.076646	0.004931	
0.297477	0.006023	0.113672	0.001055	0.008492	0.037157	0.090685	0.012531	0.163833	0.013134	0.004068	0.056598	0.014152	0.139650	0.041475	
