0.048304	0.036314	0.256937	0.019527	0.043508	0.024323	0.571086	
0.132237	0.345666	0.187393	0.045906	0.108256	0.048304	0.132237	
0.024441	0.340103	0.166609	0.031670	0.058176	0.038898	0.340103	
0.630413	0.033754	0.038527	0.119673	0.060007	0.081487	0.036140	
0.422507	0.113544	0.052224	0.139488	0.120620	0.118261	0.033356	
0.399863	0.215653	0.091251	0.141490	0.064935	0.057758	0.029050	
0.507483	0.038435	0.186054	0.045578	0.140816	0.059864	0.021769	
0.026721	0.132237	0.101062	0.290510	0.079479	0.208976	0.161014	
0.155310	0.048772	0.058457	0.378070	0.058457	0.172259	0.128675	
0.059319	0.044577	0.253422	0.022464	0.044577	0.550720	0.024921	
0.059439	0.033435	0.350220	0.059439	0.045255	0.421142	0.031071	
0.107666	0.027178	0.022300	0.024739	0.024739	0.763763	0.029617	
0.039409	0.269294	0.172742	0.099179	0.053202	0.262397	0.103777	
0.070427	0.290053	0.105474	0.156876	0.033044	0.308745	0.035381	
0.071092	0.483827	0.042790	0.071092	0.097035	0.203167	0.030997	
0.041110	0.043508	0.033916	0.096266	0.741350	0.021925	0.021925	
0.144923	0.082272	0.048537	0.046127	0.516007	0.022031	0.140103	
0.038435	0.036054	0.231293	0.055102	0.583673	0.019388	0.036054	
0.144227	0.036314	0.364851	0.055498	0.302501	0.045906	0.050702	
0.072459	0.031593	0.029190	0.543613	0.247940	0.038805	0.036401	
0.101062	0.108256	0.081877	0.283316	0.213772	0.151422	0.060295	
0.419621	0.161790	0.034079	0.205164	0.050947	0.103959	0.024441	
0.197935	0.356971	0.029260	0.243718	0.084682	0.031670	0.055766	
0.358336	0.086260	0.193658	0.222298	0.043300	0.024207	0.071940	
