0.033754	0.048074	0.157859	0.048074	0.021821	0.663825	0.026594	
0.031293	0.312245	0.040816	0.197959	0.031293	0.326531	0.059864	
0.033754	0.188885	0.031367	0.045687	0.026594	0.515854	0.157859	
0.169388	0.307483	0.074150	0.193197	0.112245	0.026531	0.117007	
0.139488	0.073450	0.054582	0.271563	0.285714	0.040431	0.134771	
0.033356	0.276280	0.405997	0.038073	0.186658	0.035714	0.023922	
0.019296	0.038253	0.836831	0.031144	0.024035	0.026405	0.024035	
0.556159	0.285375	0.047845	0.033593	0.021717	0.021717	0.033593	
0.555366	0.222830	0.055366	0.050581	0.057758	0.041012	0.017088	
0.479765	0.036666	0.300588	0.058457	0.039087	0.043929	0.041508	
0.435932	0.136166	0.159585	0.061224	0.016728	0.021412	0.168953	
0.324739	0.027178	0.136934	0.375958	0.075958	0.032056	0.027178	
0.042193	0.081728	0.088704	0.530565	0.042193	0.104983	0.109635	
0.040147	0.133824	0.021412	0.656072	0.023754	0.084644	0.040147	
0.037542	0.104983	0.037542	0.593355	0.053821	0.121262	0.051495	
0.019527	0.077081	0.036314	0.117849	0.021925	0.081877	0.645427	
0.021925	0.117849	0.033916	0.017129	0.038712	0.026721	0.743748	
0.024265	0.036227	0.098428	0.026658	0.052973	0.050581	0.710868	
0.021769	0.109864	0.462245	0.031293	0.038435	0.024150	0.312245	
0.054454	0.021513	0.040336	0.023866	0.687395	0.120336	0.052101	
0.084074	0.112782	0.158237	0.239576	0.155844	0.076897	0.172591	
0.041308	0.144923	0.079862	0.034079	0.593115	0.024441	0.082272	
0.108256	0.218568	0.021925	0.026721	0.479959	0.041110	0.103460	
0.031367	0.279577	0.091033	0.021821	0.453802	0.028981	0.093420	
