0.019250	0.026342	0.234380	0.023978	0.031071	0.023978	0.641000	
0.038712	0.228160	0.218568	0.187393	0.026721	0.057897	0.242549	
0.029190	0.223901	0.293613	0.125343	0.019574	0.065247	0.243132	
0.057897	0.487153	0.024323	0.031518	0.038712	0.029120	0.331278	
0.405997	0.028639	0.021563	0.207884	0.040431	0.047507	0.247978	
0.133356	0.240244	0.043095	0.223617	0.021717	0.047845	0.290126	
0.553529	0.035799	0.291118	0.033435	0.028707	0.021614	0.035799	
0.062693	0.285714	0.105858	0.302501	0.017129	0.187393	0.038712	
0.217212	0.434079	0.067814	0.026850	0.019621	0.173838	0.060585	
0.208578	0.036666	0.077828	0.039087	0.036666	0.431339	0.169837	
0.096579	0.171697	0.122401	0.033199	0.033199	0.406439	0.136486	
0.208173	0.051694	0.044359	0.357317	0.029689	0.257073	0.051694	
0.041900	0.021115	0.113494	0.041900	0.032662	0.556912	0.192016	
0.023643	0.102897	0.105228	0.305694	0.032967	0.398934	0.030636	
0.044936	0.030852	0.028504	0.354795	0.044936	0.321932	0.174044	
0.026915	0.130780	0.111456	0.036577	0.630780	0.034161	0.029331	
0.053228	0.125343	0.082074	0.101305	0.579670	0.024382	0.033997	
0.019481	0.036227	0.081681	0.036227	0.500342	0.029050	0.296992	
0.177801	0.316889	0.129839	0.065091	0.060295	0.038712	0.211374	
0.028843	0.033593	0.121479	0.712928	0.038344	0.033593	0.031218	
0.150699	0.286737	0.024207	0.341630	0.133992	0.040914	0.021821	
0.456657	0.172677	0.250347	0.024619	0.046463	0.022191	0.027046	
0.171843	0.026915	0.481021	0.198413	0.075224	0.022084	0.024500	
0.378912	0.240816	0.069388	0.026531	0.067007	0.047959	0.169388	
