0.471006	0.001010	0.029319	0.000641	0.037649	0.027431	0.042419	0.153580	0.029163	0.154955	0.002864	0.013904	0.008442	0.020186	0.007432	
0.482784	0.002055	0.097292	0.003021	0.020993	0.040241	0.058145	0.072649	0.037936	0.066064	0.019021	0.021775	0.037160	0.035556	0.005307	
0.452640	0.006148	0.073071	0.002910	0.022625	0.037150	0.042348	0.096148	0.029723	0.063810	0.018136	0.044636	0.038353	0.067991	0.004311	
0.626782	0.001837	0.015129	0.009722	0.005597	0.107871	0.065994	0.020075	0.020300	0.009835	0.064759	0.015478	0.008671	0.023272	0.004679	
0.367019	0.001340	0.167670	0.000921	0.026994	0.010570	0.097050	0.027101	0.130222	0.026301	0.004649	0.035940	0.060189	0.038193	0.005839	
0.452754	0.004835	0.105163	0.004414	0.014446	0.049432	0.058539	0.050634	0.053311	0.019035	0.028532	0.040136	0.040580	0.068641	0.009547	
0.336939	0.003614	0.044707	0.003449	0.039507	0.037065	0.124214	0.033458	0.213823	0.010068	0.021803	0.064958	0.016472	0.043607	0.006316	
0.331541	0.003784	0.196886	0.000582	0.012730	0.007695	0.047191	0.034548	0.093766	0.022280	0.002785	0.037387	0.071835	0.105240	0.031752	
0.443671	0.000945	0.064024	0.005851	0.008885	0.070246	0.053165	0.022081	0.109257	0.022505	0.039062	0.019288	0.013486	0.083128	0.044405	
0.302998	0.000834	0.103463	0.003165	0.008844	0.044723	0.036811	0.027456	0.167519	0.028433	0.021340	0.023166	0.015525	0.138408	0.077314	
0.212730	0.000957	0.111910	0.002410	0.007942	0.036813	0.032822	0.014977	0.225637	0.016534	0.016594	0.029948	0.012495	0.177379	0.100851	
0.317741	0.003460	0.147047	0.002407	0.013767	0.029461	0.057453	0.031804	0.134929	0.009070	0.015449	0.040892	0.041401	0.112715	0.042405	
0.421620	0.002840	0.080063	0.000719	0.030791	0.021926	0.045075	0.124423	0.045314	0.109418	0.003417	0.027169	0.026238	0.049574	0.011413	
0.402039	0.001318	0.159108	0.001655	0.014240	0.024928	0.049252	0.050069	0.069272	0.048793	0.010131	0.018770	0.050645	0.071996	0.027783	
0.367439	0.003850	0.127836	0.000895	0.022460	0.018016	0.045848	0.085924	0.074071	0.064142	0.004787	0.036091	0.042420	0.083187	0.023034	
0.593519	0.001458	0.016688	0.000801	0.025805	0.007068	0.019639	0.016788	0.034669	0.139011	0.003607	0.014202	0.105683	0.017455	0.003607	
0.596136	0.000856	0.044259	0.000985	0.021677	0.009250	0.020361	0.011441	0.023834	0.128760	0.004928	0.008589	0.107103	0.017203	0.004618	
0.469982	0.005911	0.029840	0.001326	0.029121	0.018536	0.027637	0.088046	0.043559	0.105636	0.007270	0.044147	0.059115	0.063479	0.006395	
0.415735	0.001152	0.075329	0.003589	0.016190	0.045306	0.052349	0.031228	0.117591	0.046484	0.023489	0.023337	0.030601	0.078209	0.039411	
0.192825	0.019100	0.063033	0.000830	0.034165	0.008007	0.028682	0.163600	0.097900	0.014768	0.003742	0.134727	0.033873	0.193748	0.011000	
0.394842	0.006663	0.133426	0.002826	0.014840	0.030831	0.047634	0.058084	0.058581	0.018223	0.017723	0.051280	0.055121	0.095806	0.014120	
0.351607	0.001244	0.040623	0.003460	0.041254	0.037308	0.136588	0.013608	0.236276	0.014470	0.021923	0.054734	0.016584	0.023044	0.007278	
0.285473	0.006087	0.107411	0.000858	0.035251	0.008635	0.091745	0.055424	0.173809	0.021293	0.004171	0.071275	0.045260	0.081924	0.011385	
0.370089	0.002219	0.039313	0.003307	0.034198	0.038176	0.101234	0.030927	0.190361	0.032899	0.021074	0.049001	0.021024	0.048466	0.017713	
