0.043508	0.055498	0.019527	0.767729	0.053100	0.029120	0.031518	
0.033835	0.165414	0.041012	0.244361	0.433356	0.043404	0.038619	
0.060879	0.075406	0.046351	0.453130	0.269111	0.039087	0.056036	
0.579289	0.148667	0.081681	0.031442	0.050581	0.064935	0.043404	
0.526405	0.024035	0.028775	0.026405	0.265741	0.092756	0.035884	
0.387659	0.113011	0.129443	0.044936	0.225687	0.033199	0.066063	
0.517007	0.064626	0.043197	0.109864	0.057483	0.074150	0.133673	
0.031900	0.325589	0.099861	0.070735	0.179958	0.255201	0.036755	
0.058885	0.432056	0.132056	0.029617	0.044251	0.278397	0.024739	
0.095470	0.036934	0.034495	0.149129	0.044251	0.585714	0.054007	
0.121545	0.137862	0.030636	0.154179	0.051615	0.431568	0.072594	
0.108459	0.027378	0.042120	0.029835	0.027378	0.693226	0.071604	
0.054072	0.131175	0.086782	0.112483	0.458278	0.133511	0.023698	
0.023922	0.118261	0.080526	0.040431	0.538073	0.155997	0.042790	
0.064320	0.021666	0.109343	0.028775	0.561950	0.142519	0.071429	
0.041209	0.089286	0.108516	0.041209	0.036401	0.019574	0.663805	
0.111978	0.109603	0.026468	0.052596	0.119104	0.019342	0.560909	
0.071769	0.033673	0.050340	0.202721	0.026531	0.028912	0.586054	
0.180396	0.100104	0.036844	0.404241	0.029545	0.068474	0.180396	
0.045255	0.113813	0.409321	0.028707	0.130361	0.125633	0.146910	
0.038712	0.065091	0.156218	0.089072	0.120247	0.336074	0.194587	
0.300105	0.086346	0.319761	0.022464	0.056862	0.093717	0.120744	
0.143203	0.029402	0.305431	0.046351	0.387755	0.053615	0.034244	
0.257703	0.277311	0.198880	0.103291	0.034664	0.066527	0.061625	
