0.052847	0.258098	0.019434	0.019434	0.086260	0.024207	0.539720	
0.054971	0.035969	0.145232	0.069223	0.043095	0.045470	0.606040	
0.055498	0.033916	0.117849	0.045906	0.057897	0.033916	0.655019	
0.573484	0.026721	0.091470	0.069887	0.053100	0.141829	0.043508	
0.332884	0.026280	0.384771	0.035714	0.158356	0.026280	0.035714	
0.444782	0.031071	0.265113	0.028707	0.163458	0.028707	0.038163	
0.038163	0.038163	0.035799	0.019250	0.825397	0.021614	0.021614	
0.043197	0.407483	0.100340	0.052721	0.105102	0.274150	0.017007	
0.171016	0.267170	0.033997	0.033997	0.036401	0.418613	0.038805	
0.267987	0.365311	0.080640	0.029545	0.114703	0.070907	0.070907	
0.023533	0.404044	0.028174	0.065297	0.132582	0.325157	0.021213	
0.423332	0.254628	0.044359	0.032134	0.127489	0.085924	0.032134	
0.025734	0.690861	0.044210	0.023425	0.048829	0.104256	0.062686	
0.049284	0.214785	0.466533	0.081918	0.049284	0.100566	0.037629	
0.026096	0.353965	0.234527	0.101037	0.164269	0.033121	0.086986	
0.041408	0.019669	0.053485	0.761215	0.034161	0.041408	0.048654	
0.070055	0.041209	0.103709	0.649382	0.031593	0.072459	0.031593	
0.038712	0.041110	0.024323	0.292909	0.043508	0.201781	0.357657	
0.072112	0.041012	0.041012	0.419002	0.189337	0.064935	0.172591	
0.024150	0.033673	0.412245	0.221769	0.078912	0.183673	0.045578	
0.210365	0.024207	0.248551	0.255711	0.107740	0.102966	0.050460	
0.245492	0.034327	0.073162	0.036755	0.107143	0.456657	0.046463	
0.029120	0.031518	0.292909	0.043508	0.230558	0.324084	0.048304	
0.048189	0.024265	0.072112	0.041012	0.141490	0.569720	0.103213	
