0.047959	0.750340	0.021769	0.069388	0.067007	0.021769	0.021769	
0.057897	0.472765	0.069887	0.077081	0.084275	0.168208	0.069887	
0.045906	0.506338	0.103460	0.036314	0.125043	0.062693	0.120247	
0.285714	0.033916	0.019527	0.065091	0.043508	0.062693	0.489551	
0.415431	0.038073	0.111186	0.035714	0.290431	0.080526	0.028639	
0.339201	0.064320	0.057211	0.054841	0.088016	0.362898	0.033514	
0.470787	0.023978	0.380952	0.042891	0.035799	0.021614	0.023978	
0.021513	0.280336	0.061513	0.252101	0.096807	0.228571	0.059160	
0.126531	0.157483	0.026531	0.164626	0.062245	0.414626	0.047959	
0.027112	0.049009	0.095238	0.584289	0.090372	0.075773	0.078206	
0.030780	0.037805	0.145534	0.546002	0.061224	0.103379	0.075276	
0.147409	0.034664	0.137605	0.463585	0.115546	0.037115	0.064076	
0.032890	0.237542	0.039867	0.084053	0.460797	0.067774	0.077076	
0.065601	0.025974	0.025974	0.081918	0.594739	0.154179	0.051615	
0.058883	0.077618	0.112747	0.138508	0.480428	0.096353	0.035463	
0.026594	0.222298	0.028981	0.031367	0.098193	0.040914	0.551654	
0.031593	0.183036	0.096497	0.036401	0.026786	0.055632	0.570055	
0.178064	0.239675	0.035884	0.031144	0.045362	0.033514	0.436357	
0.122645	0.062693	0.199383	0.041110	0.024323	0.065091	0.484755	
0.085444	0.052347	0.170550	0.085444	0.156366	0.317123	0.132725	
0.047732	0.050102	0.083277	0.090386	0.189912	0.246784	0.291808	
0.199859	0.059465	0.438776	0.024982	0.049613	0.143209	0.084096	
0.040914	0.052847	0.735424	0.024207	0.026594	0.071940	0.048074	
0.253293	0.045255	0.236744	0.038163	0.052347	0.338399	0.035799	
