0.019250	0.071260	0.033435	0.031071	0.021614	0.021614	0.801756	
0.026786	0.430632	0.053228	0.072459	0.019574	0.139766	0.257555	
0.026786	0.601305	0.046016	0.058036	0.115728	0.120536	0.031593	
0.098428	0.555366	0.024265	0.055366	0.057758	0.163021	0.045796	
0.069223	0.078724	0.218867	0.240244	0.261622	0.071598	0.059722	
0.095125	0.545362	0.026405	0.123561	0.047732	0.135410	0.026405	
0.033277	0.092101	0.019160	0.026218	0.760336	0.045042	0.023866	
0.030924	0.261513	0.073277	0.125042	0.108571	0.376807	0.023866	
0.033673	0.024150	0.047959	0.064626	0.033673	0.650340	0.145578	
0.027112	0.036844	0.061175	0.613486	0.119569	0.090372	0.051442	
0.042489	0.049515	0.079960	0.499164	0.072934	0.154901	0.101037	
0.024739	0.034495	0.022300	0.680836	0.039373	0.017422	0.180836	
0.025853	0.357640	0.086178	0.285714	0.023533	0.127942	0.093139	
0.116071	0.303571	0.032738	0.296627	0.018849	0.162368	0.069775	
0.026035	0.353138	0.035381	0.418558	0.054072	0.058745	0.054072	
0.019342	0.069223	0.563285	0.133356	0.028843	0.095351	0.090601	
0.036140	0.062393	0.804637	0.024207	0.021821	0.021821	0.028981	
0.152721	0.024150	0.609864	0.026531	0.107483	0.024150	0.055102	
0.036227	0.024265	0.646275	0.038619	0.033835	0.033835	0.186945	
0.334470	0.031367	0.028981	0.308217	0.107740	0.165019	0.024207	
0.165431	0.061658	0.226752	0.224394	0.082884	0.203167	0.035714	
0.412968	0.058599	0.019764	0.133842	0.204230	0.143551	0.027046	
0.403220	0.168208	0.105858	0.098664	0.120247	0.036314	0.067489	
0.125043	0.036314	0.117849	0.220966	0.134635	0.271326	0.093868	
