0.028707	0.023978	0.028707	0.019250	0.035799	0.818305	0.045255	
0.036054	0.343197	0.036054	0.186054	0.036054	0.283673	0.078912	
0.043095	0.693926	0.019342	0.021717	0.085850	0.111978	0.024092	
0.635410	0.028775	0.031144	0.225457	0.026405	0.019296	0.033514	
0.304582	0.224394	0.280997	0.054582	0.068733	0.028639	0.038073	
0.400812	0.038253	0.291808	0.099865	0.059580	0.042993	0.066689	
0.286390	0.210740	0.196555	0.028707	0.144546	0.035799	0.097264	
0.038344	0.268748	0.130981	0.271123	0.233118	0.028843	0.028843	
0.101549	0.106368	0.048537	0.400344	0.176248	0.135284	0.031670	
0.143900	0.029545	0.024678	0.027112	0.684046	0.031978	0.058742	
0.028504	0.023810	0.023810	0.181087	0.676392	0.049631	0.016767	
0.260688	0.246090	0.036844	0.029545	0.377477	0.019812	0.029545	
0.023588	0.037542	0.095681	0.398007	0.207309	0.188704	0.049169	
0.093792	0.210614	0.042390	0.516689	0.093792	0.021362	0.021362	
0.109127	0.449405	0.046627	0.153108	0.180886	0.028108	0.032738	
0.017047	0.129219	0.043300	0.024207	0.026594	0.031367	0.728265	
0.028981	0.043300	0.274804	0.019434	0.028981	0.021821	0.582680	
0.036314	0.024323	0.031518	0.031518	0.024323	0.036314	0.815690	
0.180433	0.028775	0.019296	0.033514	0.215978	0.040623	0.481381	
0.064626	0.200340	0.417007	0.124150	0.064626	0.026531	0.102721	
0.140149	0.173324	0.220718	0.135410	0.140149	0.021666	0.168585	
0.073162	0.131415	0.485784	0.148405	0.087725	0.034327	0.039182	
0.026980	0.043929	0.639571	0.029402	0.109305	0.075406	0.075406	
0.043404	0.024265	0.390294	0.160629	0.086466	0.105605	0.189337	
