0.146275	0.529050	0.021873	0.019481	0.036227	0.163021	0.084074	
0.026468	0.342382	0.033593	0.083475	0.050221	0.040719	0.423142	
0.024559	0.041508	0.046351	0.046351	0.024559	0.024559	0.792113	
0.041012	0.036227	0.024265	0.017088	0.806562	0.036227	0.038619	
0.080716	0.180007	0.028707	0.213104	0.295846	0.078352	0.123269	
0.043095	0.066848	0.040719	0.176111	0.427893	0.090601	0.154734	
0.040816	0.040816	0.093197	0.343197	0.424150	0.019388	0.038435	
0.271769	0.095578	0.074150	0.071769	0.047959	0.290816	0.147959	
0.385886	0.034079	0.019621	0.026850	0.065404	0.438898	0.029260	
0.608620	0.041710	0.034411	0.024678	0.041710	0.197428	0.051442	
0.605969	0.019115	0.021462	0.167002	0.023810	0.127096	0.035547	
0.420250	0.121706	0.027046	0.111997	0.165395	0.124133	0.029473	
0.041900	0.106565	0.037281	0.041900	0.032662	0.667766	0.071923	
0.032890	0.281728	0.072425	0.018937	0.093355	0.411960	0.088704	
0.054072	0.189586	0.044726	0.035381	0.140521	0.348465	0.187250	
0.028843	0.031218	0.836444	0.024092	0.024092	0.026468	0.028843	
0.019434	0.036140	0.702012	0.071940	0.033754	0.021821	0.114899	
0.055102	0.019388	0.483673	0.028912	0.055102	0.040816	0.317007	
0.358158	0.033514	0.367637	0.033514	0.151997	0.035884	0.019296	
0.059722	0.254496	0.045470	0.435019	0.040719	0.071598	0.092976	
0.240638	0.078017	0.107143	0.269764	0.099861	0.036755	0.167822	
0.108459	0.226395	0.096174	0.422955	0.083889	0.032292	0.029835	
0.034161	0.034161	0.200828	0.444790	0.053485	0.026915	0.205659	
0.059439	0.073624	0.142182	0.499156	0.109085	0.087808	0.028707	
