0.470224	0.022031	0.029260	0.385886	0.031670	0.017212	0.043718	
0.157109	0.069223	0.059722	0.449270	0.059722	0.033593	0.171361	
0.071080	0.041812	0.036934	0.629617	0.046690	0.073519	0.100348	
0.052973	0.794600	0.019481	0.021873	0.019481	0.024265	0.067327	
0.078167	0.318733	0.033356	0.052224	0.240903	0.238544	0.038073	
0.064320	0.481381	0.061950	0.033514	0.121192	0.166215	0.071429	
0.033277	0.362689	0.023866	0.033277	0.021513	0.477983	0.047395	
0.284350	0.048074	0.260484	0.052847	0.067167	0.222298	0.064780	
0.344839	0.208476	0.206083	0.021873	0.105605	0.031442	0.081681	
0.071254	0.039469	0.555362	0.046804	0.083479	0.144604	0.059029	
0.056673	0.094232	0.533199	0.103622	0.023810	0.131791	0.056673	
0.027178	0.175958	0.534495	0.029617	0.041812	0.119861	0.071080	
0.434510	0.028044	0.039591	0.071923	0.314418	0.074233	0.037281	
0.212601	0.094677	0.068733	0.026280	0.512129	0.021563	0.064016	
0.035381	0.084446	0.042390	0.051736	0.516689	0.138184	0.131175	
0.086260	0.048074	0.071940	0.052847	0.060007	0.021821	0.659052	
0.087091	0.048537	0.026850	0.176248	0.060585	0.022031	0.578657	
0.133673	0.078912	0.040816	0.043197	0.019388	0.019388	0.664626	
0.043508	0.158616	0.374443	0.033916	0.029120	0.019527	0.340870	
0.031670	0.075043	0.050947	0.036489	0.364200	0.149742	0.291910	
0.028775	0.059580	0.246784	0.031144	0.208869	0.130670	0.294177	
0.129934	0.122599	0.049249	0.115264	0.134824	0.347538	0.100594	
0.040914	0.026594	0.069553	0.184112	0.021821	0.625639	0.031367	
0.106625	0.237060	0.060732	0.145273	0.096963	0.253968	0.099379	
