0.028912	0.057483	0.033673	0.028912	0.026531	0.109864	0.714626	
0.026468	0.026468	0.202240	0.304377	0.019342	0.031218	0.389888	
0.033754	0.031367	0.133992	0.071940	0.036140	0.026594	0.666212	
0.317007	0.097959	0.455102	0.028912	0.040816	0.017007	0.043197	
0.198450	0.311658	0.038073	0.205526	0.127695	0.082884	0.035714	
0.186054	0.171769	0.119388	0.378912	0.036054	0.078912	0.028912	
0.463695	0.222560	0.073624	0.040527	0.118541	0.042891	0.038163	
0.033593	0.024092	0.154734	0.159484	0.047845	0.546658	0.033593	
0.147959	0.047959	0.209864	0.033673	0.026531	0.514626	0.019388	
0.564511	0.019716	0.034244	0.043929	0.036666	0.259426	0.041508	
0.466218	0.035630	0.082689	0.035630	0.160336	0.197983	0.021513	
0.561026	0.039182	0.036755	0.078017	0.024619	0.235784	0.024619	
0.025616	0.023317	0.129064	0.310673	0.021018	0.296880	0.193432	
0.021462	0.021462	0.084842	0.451040	0.026157	0.319584	0.075453	
0.060797	0.065449	0.023588	0.630565	0.030565	0.132890	0.056146	
0.017129	0.021925	0.163412	0.165810	0.499144	0.021925	0.110654	
0.021873	0.029050	0.115174	0.086466	0.698906	0.019481	0.029050	
0.038527	0.036140	0.028981	0.028981	0.795090	0.021821	0.050460	
0.038435	0.036054	0.262245	0.019388	0.417007	0.176531	0.050340	
0.094900	0.525160	0.033435	0.035799	0.161094	0.049983	0.099629	
0.114147	0.114147	0.109305	0.150467	0.189208	0.237634	0.085092	
0.062995	0.554561	0.282272	0.022031	0.022031	0.036489	0.019621	
0.093420	0.401296	0.028981	0.281964	0.133992	0.026594	0.033754	
0.031367	0.477668	0.250938	0.026594	0.141152	0.045687	0.026594	
