0.439789	0.001165	0.053041	0.001661	0.027123	0.043510	0.032068	0.193733	0.022720	0.103030	0.004510	0.023601	0.020245	0.014401	0.019404	
0.448728	0.001210	0.018635	0.000961	0.010805	0.021346	0.018635	0.208677	0.025944	0.145637	0.004809	0.015105	0.049490	0.013070	0.016948	
0.414148	0.004346	0.044627	0.002353	0.019122	0.018991	0.033751	0.144636	0.078931	0.102089	0.020465	0.032435	0.041059	0.028789	0.014258	
0.468683	0.006596	0.029056	0.005120	0.016633	0.069623	0.061823	0.010914	0.123463	0.027955	0.031764	0.046168	0.025526	0.031473	0.045204	
0.305271	0.003867	0.094404	0.002174	0.029745	0.014250	0.118223	0.051076	0.156261	0.026975	0.018194	0.057155	0.019464	0.094760	0.008181	
0.337993	0.006700	0.064855	0.003735	0.031101	0.023908	0.126608	0.025446	0.175383	0.012931	0.032343	0.068943	0.010389	0.065550	0.014114	
0.390599	0.000924	0.077906	0.002212	0.029564	0.054673	0.130061	0.019533	0.113318	0.007620	0.003523	0.051123	0.008968	0.078967	0.031009	
0.385455	0.001136	0.126868	0.001480	0.013307	0.028479	0.024850	0.023060	0.099483	0.054776	0.004513	0.019416	0.068210	0.121963	0.027003	
0.331974	0.006907	0.115737	0.004282	0.019736	0.037896	0.041477	0.009143	0.167949	0.018060	0.033276	0.042339	0.038600	0.108351	0.024273	
0.232300	0.005699	0.160787	0.003616	0.011034	0.033375	0.029510	0.013136	0.196764	0.014259	0.027249	0.030522	0.047634	0.174112	0.020002	
0.293577	0.002355	0.158827	0.003267	0.007418	0.068613	0.015737	0.012333	0.146176	0.011806	0.010531	0.014534	0.044875	0.171050	0.038901	
0.271164	0.006078	0.137617	0.004224	0.010739	0.047716	0.031674	0.011376	0.186786	0.011973	0.029134	0.032030	0.040652	0.151115	0.027721	
0.493362	0.001184	0.153435	0.000885	0.069116	0.008101	0.078114	0.024456	0.030779	0.020417	0.004650	0.058283	0.023901	0.028527	0.004789	
0.400449	0.001469	0.169209	0.000927	0.047426	0.004922	0.058849	0.011707	0.082360	0.025557	0.006123	0.044398	0.045416	0.094168	0.007019	
0.333973	0.001357	0.149047	0.001090	0.025149	0.014726	0.038191	0.060606	0.103722	0.051824	0.005568	0.027272	0.052321	0.123259	0.011897	
0.536801	0.000836	0.054649	0.000666	0.024218	0.009155	0.033489	0.071951	0.023222	0.103971	0.003025	0.028049	0.070433	0.017850	0.021686	
0.577361	0.001108	0.030591	0.001017	0.011149	0.013811	0.030649	0.017052	0.036041	0.104148	0.004469	0.024606	0.090885	0.022859	0.034254	
0.507273	0.001966	0.035664	0.002065	0.017760	0.040800	0.026387	0.108371	0.034971	0.097787	0.008607	0.023975	0.048531	0.014511	0.031332	
0.580152	0.001676	0.028130	0.003551	0.006723	0.087496	0.014957	0.010821	0.038182	0.059800	0.007203	0.016326	0.054900	0.026618	0.063465	
0.379573	0.001184	0.075208	0.000843	0.018849	0.011581	0.067494	0.101092	0.088492	0.083114	0.004774	0.032218	0.047591	0.074789	0.013198	
0.322286	0.005586	0.116935	0.002832	0.014523	0.009963	0.040445	0.017850	0.163280	0.045177	0.026739	0.037372	0.060922	0.120936	0.015153	
0.321268	0.013781	0.066525	0.006237	0.033682	0.006012	0.079984	0.019237	0.224585	0.014666	0.067593	0.079990	0.017461	0.044780	0.004199	
0.356275	0.001408	0.096562	0.001116	0.040638	0.012923	0.149079	0.029210	0.124437	0.016485	0.005958	0.063467	0.014152	0.079624	0.008665	
0.450491	0.002865	0.055988	0.002459	0.020963	0.035801	0.082407	0.018408	0.101495	0.045432	0.013208	0.043483	0.041682	0.054821	0.030496	
