0.026531	0.045578	0.057483	0.031293	0.026531	0.055102	0.757483	
0.047395	0.094454	0.033277	0.157983	0.146218	0.120336	0.400336	
0.077266	0.113324	0.062843	0.074863	0.161401	0.033997	0.476305	
0.024035	0.076168	0.047732	0.597495	0.021666	0.033514	0.199391	
0.376502	0.026035	0.142857	0.278371	0.058745	0.086782	0.030708	
0.033199	0.033199	0.148223	0.655265	0.063716	0.049631	0.016767	
0.555630	0.037983	0.052101	0.254454	0.023866	0.049748	0.026218	
0.045470	0.380387	0.321004	0.033593	0.043095	0.135731	0.040719	
0.031593	0.394574	0.281593	0.151786	0.019574	0.082074	0.038805	
0.056172	0.046463	0.395978	0.131415	0.029473	0.230929	0.109570	
0.061224	0.129140	0.485112	0.035463	0.028438	0.199398	0.061224	
0.034495	0.039373	0.475958	0.190592	0.027178	0.178397	0.054007	
0.037454	0.197547	0.116341	0.039775	0.030494	0.455088	0.123301	
0.030636	0.116883	0.081918	0.037629	0.025974	0.643690	0.063270	
0.233979	0.026035	0.058745	0.028371	0.028371	0.544726	0.079773	
0.086260	0.133992	0.067167	0.024207	0.606546	0.031367	0.050460	
0.045687	0.141152	0.031367	0.033754	0.685305	0.028981	0.033754	
0.042993	0.047732	0.031144	0.021666	0.789438	0.024035	0.042993	
0.042993	0.469533	0.064320	0.149628	0.028775	0.031144	0.213609	
0.161094	0.101993	0.385681	0.049983	0.123269	0.120905	0.057075	
0.053228	0.108516	0.416209	0.175824	0.151786	0.019574	0.074863	
0.530612	0.063300	0.097198	0.191629	0.036666	0.036666	0.043929	
0.407126	0.039087	0.089934	0.085092	0.240055	0.116569	0.022138	
0.577907	0.236618	0.050460	0.040914	0.038527	0.036140	0.019434	
