0.496352	0.000930	0.013602	0.000979	0.043790	0.033704	0.051241	0.071727	0.014045	0.119479	0.004691	0.006268	0.007945	0.009890	0.125356	
0.442672	0.011848	0.061704	0.001069	0.012908	0.024686	0.029216	0.123355	0.065364	0.095191	0.005680	0.033765	0.037063	0.047328	0.008153	
0.502773	0.016917	0.029695	0.001111	0.006530	0.024536	0.016424	0.167181	0.020161	0.128106	0.005929	0.025384	0.029434	0.017830	0.007991	
0.560250	0.000934	0.045650	0.011727	0.009642	0.061434	0.121832	0.013526	0.017307	0.014676	0.080243	0.023437	0.013935	0.017032	0.008376	
0.440354	0.003264	0.086784	0.005739	0.020328	0.039712	0.086868	0.034135	0.087471	0.029062	0.038393	0.044149	0.025218	0.051493	0.007028	
0.508199	0.005538	0.034873	0.007686	0.008307	0.049745	0.089320	0.057530	0.053849	0.045866	0.051999	0.029462	0.017680	0.032467	0.007481	
0.416254	0.001476	0.024259	0.005341	0.022186	0.042889	0.104398	0.020606	0.170132	0.019522	0.035689	0.058949	0.012355	0.057420	0.008527	
0.267986	0.004304	0.173168	0.000764	0.016438	0.030877	0.042249	0.045719	0.134362	0.038463	0.003624	0.039849	0.044716	0.138233	0.019248	
0.218666	0.000972	0.155785	0.001250	0.012598	0.042354	0.054503	0.020623	0.178080	0.026974	0.007048	0.034862	0.035402	0.171581	0.039303	
0.202109	0.001022	0.148955	0.000988	0.010180	0.043093	0.053805	0.021154	0.197968	0.024952	0.005255	0.036531	0.036234	0.181668	0.036084	
0.203054	0.000741	0.145639	0.001068	0.011323	0.044347	0.056281	0.018744	0.196671	0.026414	0.005796	0.035858	0.031832	0.179732	0.042498	
0.314410	0.000978	0.114058	0.004833	0.008765	0.050903	0.080164	0.015114	0.145844	0.017457	0.032122	0.034017	0.026128	0.130462	0.024744	
0.367560	0.002139	0.209867	0.001035	0.039466	0.017120	0.042880	0.036941	0.036365	0.045513	0.005326	0.037829	0.053464	0.072009	0.032484	
0.355710	0.002337	0.256868	0.001705	0.037023	0.014324	0.042125	0.028763	0.026679	0.026646	0.010063	0.042070	0.067009	0.081449	0.007229	
0.401524	0.006818	0.171549	0.001963	0.025548	0.021422	0.039845	0.069753	0.033331	0.057727	0.011885	0.036684	0.048508	0.062750	0.010693	
0.567050	0.000782	0.014465	0.000680	0.028729	0.009448	0.015302	0.101472	0.031234	0.084783	0.002887	0.010906	0.110449	0.015396	0.006417	
0.573635	0.004433	0.011719	0.000718	0.023255	0.011132	0.009968	0.123502	0.014861	0.099600	0.003142	0.009550	0.099801	0.009648	0.005036	
0.552648	0.001096	0.016806	0.000795	0.030300	0.013932	0.021173	0.097288	0.028034	0.090291	0.003648	0.010204	0.092727	0.016048	0.025011	
0.511627	0.001101	0.016963	0.003441	0.029748	0.033961	0.062787	0.062199	0.048690	0.076327	0.022140	0.019394	0.036063	0.021242	0.054317	
0.327432	0.001165	0.084991	0.001487	0.032654	0.026824	0.080395	0.019982	0.202219	0.019492	0.008733	0.070127	0.028668	0.086746	0.009085	
0.323490	0.002159	0.080424	0.002266	0.019129	0.035831	0.071690	0.032596	0.185210	0.027707	0.014188	0.052469	0.031897	0.107981	0.012963	
0.339668	0.002440	0.076817	0.001841	0.029260	0.028486	0.079854	0.028657	0.194770	0.024149	0.011211	0.068497	0.025828	0.082429	0.006092	
0.378396	0.007606	0.021311	0.000692	0.022946	0.026517	0.063277	0.078090	0.185539	0.061482	0.003157	0.064456	0.017930	0.061310	0.007291	
0.313612	0.001835	0.079307	0.001048	0.033151	0.026663	0.081184	0.022251	0.216915	0.021952	0.005671	0.074362	0.022189	0.088682	0.011178	
