0.390424	0.009029	0.030208	0.001533	0.062872	0.038257	0.032319	0.132024	0.063272	0.140347	0.019015	0.024015	0.011938	0.039680	0.005066	
0.444574	0.006167	0.073061	0.000942	0.046198	0.023007	0.015573	0.107709	0.020173	0.115164	0.012343	0.011085	0.021800	0.063835	0.038369	
0.450301	0.006873	0.051631	0.000736	0.052553	0.024223	0.012689	0.125134	0.022513	0.129336	0.012309	0.010426	0.026057	0.048723	0.026497	
0.434192	0.004382	0.068606	0.008140	0.013053	0.057745	0.120564	0.038131	0.041705	0.029402	0.044253	0.053056	0.026538	0.041117	0.019117	
0.319868	0.003740	0.062382	0.005517	0.016316	0.063598	0.131564	0.032980	0.197586	0.028282	0.030986	0.044144	0.025506	0.032239	0.005291	
0.389936	0.003730	0.099030	0.006090	0.013461	0.048064	0.101612	0.023995	0.080077	0.022830	0.033488	0.056227	0.025272	0.071772	0.024416	
0.416385	0.005572	0.043292	0.010591	0.013366	0.075936	0.157489	0.037267	0.053692	0.025563	0.057649	0.063563	0.018738	0.017456	0.003441	
0.367003	0.001782	0.142990	0.001002	0.012275	0.015658	0.035776	0.013625	0.109957	0.022133	0.005739	0.048563	0.029705	0.144884	0.048908	
0.420140	0.002131	0.142388	0.004127	0.004421	0.029516	0.065490	0.012184	0.036052	0.023043	0.021588	0.027097	0.008470	0.123539	0.079812	
0.305352	0.002560	0.107967	0.003998	0.016564	0.053817	0.116123	0.018851	0.209222	0.017620	0.022904	0.046833	0.039715	0.033671	0.004804	
0.231152	0.001018	0.086959	0.001027	0.008074	0.051683	0.112648	0.012921	0.334333	0.017382	0.005425	0.016443	0.019893	0.069987	0.031055	
0.325462	0.001959	0.150239	0.003343	0.018363	0.043446	0.097493	0.011374	0.171553	0.012290	0.019726	0.052660	0.053711	0.033235	0.005144	
0.429868	0.001286	0.188248	0.001508	0.018741	0.013320	0.032306	0.022663	0.036669	0.028458	0.009775	0.038928	0.057296	0.077814	0.043120	
0.428414	0.001441	0.199514	0.000913	0.024776	0.007857	0.020602	0.024688	0.033385	0.028162	0.007497	0.054619	0.073759	0.071463	0.022910	
0.411404	0.001482	0.226569	0.000914	0.029526	0.010951	0.026956	0.020802	0.040529	0.026985	0.008704	0.055993	0.081363	0.043786	0.014037	
0.532594	0.002287	0.035881	0.000714	0.026180	0.009593	0.011734	0.103007	0.029809	0.079041	0.005122	0.021564	0.078558	0.049485	0.014430	
0.538789	0.001472	0.038821	0.001160	0.019042	0.009044	0.017481	0.090709	0.031520	0.063636	0.005921	0.026670	0.082640	0.057299	0.015795	
0.531465	0.001306	0.018284	0.001397	0.019936	0.017701	0.035435	0.100190	0.067841	0.067711	0.007257	0.016888	0.089400	0.019889	0.005299	
0.425763	0.004272	0.080367	0.003076	0.025111	0.032512	0.054527	0.064968	0.055676	0.067169	0.019512	0.024903	0.021656	0.078219	0.042268	
0.401328	0.003375	0.047916	0.000677	0.017913	0.007540	0.011358	0.048132	0.103679	0.039787	0.003730	0.078155	0.038954	0.183548	0.013907	
0.376500	0.003772	0.083571	0.002250	0.017541	0.021143	0.039516	0.033330	0.096958	0.035107	0.013072	0.068090	0.022776	0.158325	0.028049	
0.363096	0.002456	0.054890	0.002203	0.015220	0.038033	0.077268	0.048704	0.181534	0.041580	0.012299	0.030151	0.035127	0.074815	0.022623	
0.360747	0.004315	0.029228	0.000988	0.021063	0.016079	0.024963	0.049993	0.142633	0.043527	0.006213	0.082795	0.028368	0.183950	0.005139	
0.308617	0.002088	0.069341	0.001171	0.014568	0.042289	0.084961	0.040524	0.240814	0.042031	0.007193	0.013404	0.021495	0.075123	0.036382	
