0.441803	0.001633	0.085429	0.001402	0.034108	0.021884	0.040240	0.124142	0.075998	0.082128	0.003209	0.019870	0.024183	0.011804	0.032168	
0.354745	0.003539	0.038034	0.000819	0.056592	0.016692	0.020515	0.239408	0.027659	0.166519	0.010379	0.015411	0.009689	0.034448	0.005552	
0.391746	0.003172	0.057631	0.001984	0.046096	0.020949	0.043915	0.171291	0.041016	0.123731	0.009929	0.022735	0.021391	0.039550	0.004863	
0.425347	0.000722	0.083087	0.006511	0.028390	0.058085	0.136394	0.013646	0.054373	0.023214	0.031719	0.021746	0.031096	0.078633	0.007036	
0.342904	0.005962	0.086928	0.004578	0.028570	0.032026	0.086384	0.046818	0.135721	0.037542	0.008571	0.062611	0.019931	0.095241	0.006214	
0.356510	0.004080	0.085539	0.006227	0.028683	0.048935	0.120298	0.021041	0.125962	0.016790	0.017530	0.049656	0.013539	0.092655	0.012556	
0.485988	0.001003	0.037921	0.011314	0.041082	0.064641	0.193229	0.011131	0.083221	0.009299	0.004016	0.022183	0.010873	0.018261	0.005839	
0.397475	0.001808	0.080254	0.001285	0.018184	0.038682	0.045662	0.048259	0.101760	0.052778	0.026964	0.022906	0.047421	0.078110	0.038453	
0.193088	0.000963	0.197564	0.000695	0.015238	0.069833	0.093237	0.010824	0.028428	0.011119	0.095210	0.035188	0.011173	0.230690	0.006750	
0.341993	0.002552	0.080664	0.000837	0.009276	0.048165	0.034556	0.015752	0.206846	0.014505	0.021726	0.031110	0.027786	0.081462	0.082771	
0.338143	0.002138	0.073189	0.000882	0.007934	0.053360	0.035802	0.009329	0.212692	0.012060	0.025433	0.026294	0.028787	0.084459	0.089498	
0.339789	0.002472	0.080911	0.001268	0.010626	0.050275	0.043116	0.014550	0.195263	0.015031	0.024714	0.030703	0.027560	0.087193	0.076530	
0.480426	0.001213	0.187660	0.000787	0.024264	0.008081	0.054660	0.073883	0.031384	0.035699	0.004760	0.041083	0.027815	0.022938	0.005346	
0.392981	0.004344	0.152420	0.000766	0.017876	0.013245	0.042829	0.047004	0.092495	0.035732	0.011728	0.059717	0.038188	0.083871	0.006803	
0.453866	0.001689	0.106097	0.001595	0.026785	0.021919	0.048391	0.084397	0.079849	0.057890	0.005115	0.027551	0.032635	0.023926	0.028296	
0.569454	0.001528	0.042649	0.001104	0.018417	0.009596	0.024449	0.062856	0.025973	0.097612	0.003806	0.014674	0.105201	0.018601	0.004081	
0.618951	0.001368	0.028816	0.000636	0.006124	0.007234	0.013561	0.015634	0.028463	0.089267	0.005223	0.013489	0.141327	0.025854	0.004054	
0.495959	0.001615	0.066269	0.001167	0.023118	0.018529	0.035059	0.077792	0.037024	0.088640	0.012914	0.018080	0.074763	0.039127	0.009942	
0.489559	0.001019	0.036644	0.002278	0.012734	0.038201	0.046061	0.018805	0.127685	0.046094	0.010747	0.012401	0.070810	0.032841	0.054124	
0.404001	0.005846	0.062549	0.002431	0.020585	0.017975	0.043143	0.047873	0.124475	0.063008	0.003783	0.055234	0.059321	0.081641	0.008135	
0.308709	0.005963	0.098561	0.001089	0.012174	0.030647	0.036363	0.020799	0.170562	0.031345	0.021417	0.062216	0.040289	0.128583	0.031283	
0.226204	0.008975	0.132745	0.001104	0.017981	0.020907	0.037801	0.041704	0.185357	0.030023	0.017589	0.092264	0.015679	0.160743	0.010925	
0.273944	0.008657	0.107962	0.003803	0.024570	0.025083	0.072032	0.037114	0.183985	0.024520	0.005286	0.088767	0.010652	0.128017	0.005609	
0.401859	0.004845	0.074094	0.003551	0.017695	0.030264	0.069270	0.014442	0.125404	0.036863	0.011970	0.052180	0.054356	0.091503	0.011703	
