0.024150	0.105102	0.026531	0.028912	0.021769	0.767007	0.026531	
0.069223	0.325755	0.237869	0.052596	0.052596	0.197489	0.064472	
0.196045	0.348790	0.181725	0.086260	0.033754	0.110126	0.043300	
0.029120	0.026721	0.352861	0.036314	0.101062	0.057897	0.396026	
0.177224	0.092318	0.045148	0.165431	0.045148	0.035714	0.439016	
0.045362	0.026405	0.170955	0.104604	0.024035	0.033514	0.595125	
0.588990	0.021614	0.023978	0.038163	0.021614	0.045255	0.260385	
0.181067	0.026850	0.144923	0.279862	0.176248	0.106368	0.084682	
0.050581	0.019481	0.201299	0.139098	0.230007	0.201299	0.158237	
0.044143	0.134168	0.100104	0.034411	0.591588	0.036844	0.058742	
0.138833	0.068410	0.108317	0.037894	0.495641	0.094232	0.056673	
0.154934	0.067978	0.060732	0.038992	0.466529	0.053485	0.157350	
0.025914	0.049169	0.074751	0.591030	0.028239	0.177076	0.053821	
0.033356	0.047507	0.092318	0.573450	0.115903	0.049865	0.087601	
0.129140	0.138508	0.091669	0.410171	0.044831	0.054199	0.131482	
0.024207	0.200818	0.587453	0.048074	0.024207	0.086260	0.028981	
0.074327	0.119673	0.625639	0.040914	0.021821	0.079100	0.038527	
0.065721	0.276375	0.426496	0.024559	0.034244	0.053615	0.118990	
0.036489	0.137694	0.296730	0.038898	0.296730	0.067814	0.125645	
0.207978	0.145926	0.200818	0.124446	0.160245	0.026594	0.133992	
0.072809	0.077640	0.232229	0.031746	0.415804	0.041408	0.128364	
0.626850	0.036489	0.120826	0.067814	0.034079	0.058176	0.055766	
0.753340	0.074683	0.033916	0.029120	0.031518	0.050702	0.026721	
0.337694	0.046127	0.214802	0.050947	0.036489	0.084682	0.229260	
