0.031071	0.016886	0.042891	0.016886	0.038163	0.026342	0.827761	
0.031293	0.033673	0.033673	0.128912	0.352721	0.028912	0.390816	
0.048420	0.017170	0.060440	0.048420	0.606113	0.156593	0.062843	
0.797959	0.040816	0.026531	0.026531	0.026531	0.026531	0.055102	
0.273277	0.275630	0.037983	0.169748	0.197983	0.021513	0.023866	
0.455315	0.291808	0.021666	0.151997	0.031144	0.026405	0.021666	
0.327395	0.103866	0.030924	0.037983	0.096807	0.369748	0.033277	
0.023978	0.040527	0.035799	0.241472	0.033435	0.203647	0.421142	
0.130151	0.175824	0.024382	0.134959	0.021978	0.211882	0.300824	
0.085506	0.022245	0.053876	0.297185	0.041710	0.465068	0.034411	
0.021412	0.033121	0.035463	0.091669	0.035463	0.702911	0.079960	
0.171919	0.064076	0.027311	0.436625	0.208683	0.066527	0.024860	
0.025734	0.078852	0.058067	0.436820	0.037281	0.182778	0.180468	
0.042193	0.084053	0.058472	0.372425	0.084053	0.288704	0.070100	
0.055886	0.021164	0.062831	0.620701	0.197090	0.018849	0.023479	
0.031367	0.024207	0.799864	0.026594	0.031367	0.021821	0.064780	
0.024092	0.043095	0.796064	0.021717	0.057346	0.028843	0.028843	
0.033514	0.028775	0.464794	0.028775	0.339201	0.047732	0.057211	
0.294600	0.029050	0.029050	0.024265	0.438141	0.115174	0.069720	
0.019250	0.411685	0.049983	0.038163	0.298210	0.161094	0.021614	
0.062393	0.055234	0.191272	0.100580	0.179339	0.389362	0.021821	
0.162574	0.726738	0.019716	0.029402	0.019716	0.019716	0.022138	
0.040914	0.537334	0.076713	0.026594	0.088646	0.200818	0.028981	
0.033835	0.411825	0.031442	0.033835	0.119959	0.072112	0.296992	
