0.105605	0.454887	0.191729	0.096036	0.019481	0.019481	0.112782	
0.068896	0.624451	0.085444	0.023978	0.061803	0.068896	0.066532	
0.207074	0.567651	0.031593	0.062843	0.060440	0.019574	0.050824	
0.150467	0.169837	0.031823	0.174680	0.029402	0.276375	0.167416	
0.141846	0.094677	0.033356	0.033356	0.080526	0.575809	0.040431	
0.035884	0.083277	0.021666	0.185173	0.182803	0.422139	0.069059	
0.402689	0.021513	0.026218	0.127395	0.019160	0.343866	0.059160	
0.062393	0.215138	0.291510	0.258098	0.074327	0.031367	0.067167	
0.122599	0.191058	0.349983	0.115264	0.066364	0.044359	0.110374	
0.080836	0.032056	0.188153	0.471080	0.102787	0.046690	0.078397	
0.035547	0.021462	0.458082	0.303152	0.037894	0.051979	0.091885	
0.300844	0.029909	0.337790	0.175229	0.022519	0.098874	0.034835	
0.065146	0.157738	0.044312	0.509590	0.039683	0.055886	0.127646	
0.028305	0.137862	0.366300	0.324342	0.063270	0.032967	0.046953	
0.103138	0.262016	0.245661	0.262016	0.051736	0.042390	0.033044	
0.028843	0.040719	0.031218	0.019342	0.019342	0.033593	0.826943	
0.024207	0.033754	0.024207	0.024207	0.088646	0.021821	0.783157	
0.024382	0.151786	0.197459	0.017170	0.187843	0.021978	0.399382	
0.154367	0.021666	0.042993	0.026405	0.028775	0.050102	0.675694	
0.026531	0.212245	0.040816	0.040816	0.150340	0.433673	0.095578	
0.120620	0.033356	0.033356	0.042790	0.700809	0.035714	0.033356	
0.124133	0.104716	0.041609	0.036755	0.027046	0.568308	0.097434	
0.036666	0.072985	0.034244	0.278796	0.271532	0.286060	0.019716	
0.089934	0.089934	0.208578	0.024559	0.041508	0.290903	0.254583	
