0.477875	0.012552	0.059193	0.001878	0.032749	0.043533	0.031875	0.136728	0.023539	0.120426	0.006661	0.009311	0.020940	0.017861	0.004879	
0.452442	0.005967	0.092350	0.001269	0.031173	0.025231	0.030234	0.092236	0.047880	0.080490	0.013095	0.025581	0.051888	0.039509	0.010655	
0.463274	0.015473	0.043455	0.000898	0.038657	0.045002	0.014765	0.160374	0.020984	0.146946	0.003973	0.008037	0.015906	0.017343	0.004912	
0.545469	0.000854	0.052406	0.012397	0.004094	0.077891	0.207369	0.011293	0.017937	0.010285	0.030651	0.006658	0.007895	0.012020	0.002782	
0.392833	0.001227	0.094746	0.004407	0.024143	0.031275	0.100278	0.027382	0.118288	0.018229	0.027838	0.057473	0.038936	0.055348	0.007597	
0.503291	0.001115	0.092451	0.006959	0.006681	0.046299	0.125876	0.029516	0.072549	0.012220	0.018833	0.023935	0.024660	0.029338	0.006276	
0.447291	0.004499	0.046993	0.005579	0.019621	0.046915	0.107920	0.054137	0.091090	0.056280	0.018645	0.033624	0.021957	0.038023	0.007426	
0.345274	0.005598	0.096567	0.001000	0.018002	0.040573	0.030517	0.062680	0.122198	0.057524	0.005488	0.024514	0.020238	0.120192	0.049634	
0.342651	0.003338	0.097773	0.002871	0.012422	0.049121	0.061356	0.036455	0.122611	0.035975	0.009830	0.022204	0.016458	0.131330	0.055606	
0.284571	0.000949	0.135884	0.002040	0.011340	0.048515	0.048214	0.013805	0.127218	0.012547	0.012010	0.020290	0.023600	0.179887	0.079130	
0.252514	0.001269	0.139507	0.000635	0.006889	0.047279	0.025535	0.014204	0.156471	0.014036	0.004251	0.018177	0.017361	0.208153	0.093719	
0.213054	0.001473	0.115135	0.002207	0.055895	0.019129	0.087593	0.016229	0.151757	0.014549	0.052802	0.106374	0.058307	0.095958	0.009539	
0.464726	0.002137	0.165663	0.000712	0.011803	0.021057	0.016560	0.061836	0.060303	0.024469	0.005016	0.012759	0.050153	0.072259	0.030549	
0.403028	0.002423	0.157275	0.000754	0.022599	0.020588	0.027264	0.055135	0.079161	0.024471	0.015291	0.033002	0.051471	0.080266	0.027271	
0.398096	0.002900	0.149175	0.000972	0.035217	0.013599	0.038493	0.060697	0.073304	0.029926	0.026194	0.052534	0.061897	0.050663	0.006333	
0.547339	0.000860	0.020702	0.000536	0.030351	0.005162	0.009761	0.091475	0.024771	0.128554	0.003294	0.011834	0.103040	0.015464	0.006859	
0.558105	0.001425	0.028133	0.000641	0.029487	0.006572	0.009710	0.095747	0.016404	0.126684	0.002808	0.008697	0.099924	0.010425	0.005238	
0.440998	0.003779	0.049282	0.001121	0.034050	0.020981	0.029546	0.082307	0.060135	0.101414	0.012627	0.028207	0.068919	0.050383	0.016250	
0.414401	0.000945	0.080209	0.002487	0.018110	0.034734	0.048732	0.044639	0.075359	0.059594	0.010170	0.014889	0.053324	0.098864	0.043544	
0.203551	0.001077	0.117758	0.000756	0.053835	0.014349	0.061204	0.019456	0.158742	0.022477	0.046033	0.100205	0.064235	0.115071	0.021251	
0.330824	0.002253	0.095964	0.001540	0.037458	0.022681	0.053279	0.044539	0.111089	0.047825	0.027446	0.058718	0.057079	0.086946	0.022358	
0.344756	0.000934	0.043604	0.002520	0.007677	0.017134	0.090319	0.012485	0.284088	0.011681	0.009913	0.092762	0.011930	0.066438	0.003758	
0.323818	0.001450	0.043535	0.000763	0.006282	0.009048	0.065028	0.018592	0.318376	0.016539	0.003281	0.099028	0.010684	0.076517	0.007060	
0.305837	0.001575	0.082181	0.001355	0.009479	0.028497	0.056364	0.019497	0.225807	0.019643	0.007114	0.060867	0.016371	0.124422	0.040992	
