0.026468	0.634544	0.197489	0.052596	0.038344	0.016966	0.033593	
0.035799	0.281662	0.127997	0.246201	0.057075	0.191827	0.059439	
0.034079	0.352151	0.229260	0.154561	0.130465	0.070224	0.029260	
0.036227	0.117567	0.045796	0.407040	0.048189	0.084074	0.261107	
0.086260	0.126833	0.033754	0.026594	0.203205	0.212751	0.310603	
0.132412	0.165431	0.040431	0.104111	0.042790	0.200809	0.314016	
0.040336	0.016807	0.501513	0.042689	0.035630	0.023866	0.339160	
0.290126	0.073974	0.221242	0.043095	0.052596	0.221242	0.097727	
0.287091	0.024441	0.038898	0.299139	0.026850	0.050947	0.272633	
0.436181	0.116569	0.140782	0.034244	0.039087	0.026980	0.206157	
0.505030	0.051979	0.054326	0.267941	0.040241	0.021462	0.059021	
0.255879	0.029835	0.241137	0.027378	0.034749	0.228852	0.182169	
0.559221	0.127351	0.150445	0.023425	0.039591	0.037281	0.062686	
0.395681	0.032890	0.046844	0.186379	0.028239	0.281728	0.028239	
0.178321	0.161927	0.192372	0.058883	0.131482	0.239210	0.037805	
0.043095	0.028843	0.076349	0.302002	0.506278	0.021717	0.021717	
0.019621	0.089501	0.036489	0.137694	0.593115	0.103959	0.019621	
0.029260	0.224441	0.137694	0.125645	0.383477	0.019621	0.079862	
0.033916	0.206578	0.074683	0.328880	0.156218	0.019527	0.180199	
0.031071	0.042891	0.111449	0.087808	0.191827	0.492063	0.042891	
0.026531	0.033673	0.062245	0.038435	0.062245	0.557483	0.219388	
0.034244	0.031823	0.213421	0.145624	0.150467	0.026980	0.397440	
0.053100	0.041110	0.391230	0.029120	0.196985	0.228160	0.060295	
0.081293	0.090816	0.031293	0.269388	0.283673	0.026531	0.217007	
