0.031518	0.062693	0.019527	0.024323	0.045906	0.103460	0.712573	
0.050702	0.141829	0.021925	0.089072	0.024323	0.408016	0.264132	
0.057346	0.071598	0.024092	0.033593	0.076349	0.370886	0.366135	
0.463348	0.157859	0.076713	0.193658	0.057620	0.019434	0.031367	
0.429582	0.023922	0.038073	0.243261	0.066375	0.163073	0.035714	
0.306562	0.127136	0.050581	0.143882	0.041012	0.270677	0.060150	
0.579534	0.042891	0.042891	0.040527	0.068896	0.028707	0.196555	
0.038712	0.381638	0.230558	0.069887	0.038712	0.144227	0.096266	
0.036934	0.441812	0.302787	0.090592	0.024739	0.039373	0.063763	
0.064233	0.034749	0.504037	0.034749	0.049491	0.051948	0.260793	
0.068250	0.084644	0.459351	0.035463	0.065908	0.026096	0.260288	
0.093031	0.032056	0.412544	0.244251	0.129617	0.039373	0.049129	
0.035381	0.152203	0.273698	0.063418	0.030708	0.378838	0.065754	
0.053571	0.104497	0.220238	0.118386	0.102183	0.359127	0.041997	
0.064016	0.033356	0.134771	0.125337	0.075809	0.519205	0.047507	
0.021925	0.122645	0.017129	0.134635	0.635834	0.048304	0.019527	
0.142513	0.207573	0.024441	0.034079	0.429260	0.099139	0.062995	
0.047959	0.064626	0.017007	0.043197	0.505102	0.088435	0.233673	
0.110654	0.163412	0.069887	0.031518	0.242549	0.021925	0.360055	
0.024382	0.110920	0.041209	0.546016	0.190247	0.053228	0.033997	
0.057897	0.101062	0.132237	0.340870	0.194587	0.081877	0.091470	
0.369019	0.120826	0.106368	0.169019	0.043718	0.164200	0.026850	
0.144923	0.038898	0.041308	0.253356	0.108778	0.369019	0.043718	
0.399862	0.208578	0.041508	0.116569	0.048772	0.109305	0.075406	
