0.466927	0.008338	0.025743	0.000811	0.035935	0.013436	0.028814	0.162033	0.030546	0.161111	0.004295	0.006509	0.022456	0.022686	0.010362	
0.450200	0.005933	0.076393	0.001296	0.031947	0.011728	0.024020	0.108799	0.045040	0.108782	0.012677	0.027240	0.042523	0.043740	0.009681	
0.509048	0.006445	0.056840	0.001337	0.026083	0.021790	0.048155	0.116323	0.016371	0.119008	0.005847	0.020630	0.032979	0.014821	0.004323	
0.413004	0.002097	0.075121	0.004988	0.026921	0.070824	0.152394	0.010948	0.073851	0.009401	0.023628	0.034537	0.027179	0.070304	0.004801	
0.338857	0.002616	0.104823	0.004430	0.038989	0.051313	0.107887	0.016895	0.095981	0.014888	0.032148	0.038918	0.037661	0.103280	0.011316	
0.371634	0.002598	0.105556	0.003028	0.018472	0.046503	0.086945	0.012681	0.130868	0.014841	0.016267	0.044568	0.030192	0.084416	0.031430	
0.490793	0.001174	0.052554	0.004891	0.014594	0.092310	0.196564	0.011645	0.036193	0.010853	0.013874	0.014904	0.017144	0.035928	0.006581	
0.373638	0.003076	0.109798	0.000966	0.014032	0.033982	0.049154	0.044277	0.131291	0.047237	0.007392	0.025026	0.028992	0.078204	0.052935	
0.272801	0.002439	0.132947	0.001694	0.032590	0.035708	0.051841	0.032809	0.145882	0.032273	0.023468	0.018783	0.034809	0.125797	0.056159	
0.243655	0.001434	0.144503	0.001667	0.032025	0.041210	0.058335	0.018953	0.160024	0.017569	0.025373	0.013566	0.035024	0.140525	0.066137	
0.269197	0.000917	0.110174	0.000767	0.005055	0.056016	0.075084	0.012900	0.219925	0.012466	0.003488	0.008523	0.010059	0.119819	0.095610	
0.265493	0.001686	0.167643	0.001794	0.035541	0.032286	0.045519	0.011330	0.134146	0.013164	0.030230	0.025681	0.046777	0.135881	0.052830	
0.472948	0.005301	0.114019	0.001261	0.013747	0.013251	0.022994	0.053327	0.080603	0.063197	0.006555	0.058089	0.041332	0.036906	0.016470	
0.430264	0.003503	0.182597	0.001878	0.027997	0.010461	0.020192	0.012939	0.050159	0.024753	0.026308	0.063644	0.066702	0.070652	0.007951	
0.543501	0.003921	0.160645	0.001256	0.006627	0.012640	0.025914	0.017184	0.032448	0.033599	0.009119	0.070943	0.059666	0.018320	0.004217	
0.542303	0.001082	0.022454	0.000833	0.012615	0.005922	0.010705	0.139153	0.030881	0.114188	0.004662	0.012035	0.076869	0.020871	0.005425	
0.556628	0.001267	0.015982	0.000817	0.010974	0.005097	0.010137	0.143332	0.027872	0.118263	0.002844	0.013397	0.076342	0.014011	0.003036	
0.524076	0.001026	0.027413	0.001518	0.009451	0.030702	0.059453	0.107315	0.043438	0.088976	0.003374	0.007621	0.056283	0.024555	0.014798	
0.349709	0.001393	0.102910	0.001355	0.028741	0.027521	0.040257	0.067251	0.101555	0.057085	0.020115	0.009197	0.052261	0.098685	0.041965	
0.285459	0.004762	0.094456	0.004249	0.037320	0.007569	0.018550	0.030453	0.193980	0.024786	0.030069	0.092685	0.047908	0.122092	0.005660	
0.272872	0.002658	0.126879	0.003505	0.045357	0.025792	0.048403	0.028509	0.132706	0.022770	0.036946	0.046012	0.052515	0.133708	0.021367	
0.279923	0.006661	0.061967	0.005123	0.023314	0.008457	0.022184	0.011537	0.276476	0.010338	0.018785	0.131683	0.024803	0.113483	0.005268	
0.384835	0.005645	0.024870	0.004922	0.008443	0.030201	0.068194	0.023793	0.227105	0.021212	0.006082	0.107819	0.015523	0.067287	0.004070	
0.435824	0.002573	0.042472	0.004713	0.007537	0.075909	0.157181	0.007337	0.128289	0.007144	0.007480	0.045753	0.008297	0.051796	0.017694	
