0.057346	0.028843	0.021717	0.028843	0.040719	0.024092	0.798439	
0.214626	0.088435	0.024150	0.286054	0.040816	0.028912	0.317007	
0.186787	0.215842	0.046351	0.172259	0.068143	0.022138	0.288481	
0.780246	0.021873	0.019481	0.055366	0.041012	0.024265	0.057758	
0.030997	0.028639	0.038073	0.446092	0.306941	0.049865	0.099394	
0.268111	0.083277	0.054841	0.308395	0.159106	0.066689	0.059580	
0.054711	0.099629	0.038163	0.090172	0.643364	0.033435	0.040527	
0.059864	0.288435	0.033673	0.281293	0.052721	0.247959	0.036054	
0.414802	0.036489	0.019621	0.026850	0.103959	0.311188	0.087091	
0.070564	0.024559	0.065721	0.053615	0.276375	0.424075	0.085092	
0.250920	0.023754	0.040147	0.026096	0.030780	0.583473	0.044831	
0.056446	0.112544	0.027178	0.383275	0.158885	0.224739	0.036934	
0.028044	0.048829	0.023425	0.332893	0.069614	0.159683	0.337512	
0.135531	0.060939	0.025974	0.487512	0.025974	0.210123	0.053946	
0.056541	0.161927	0.026096	0.452325	0.040147	0.175979	0.086986	
0.087302	0.048654	0.676674	0.051070	0.065562	0.029331	0.041408	
0.096497	0.021978	0.630151	0.144574	0.041209	0.019574	0.046016	
0.067327	0.050581	0.447710	0.029050	0.038619	0.024265	0.342447	
0.358336	0.028981	0.038527	0.086260	0.224685	0.093420	0.169792	
0.061513	0.746218	0.033277	0.040336	0.028571	0.045042	0.045042	
0.088435	0.305102	0.090816	0.252721	0.188435	0.045578	0.028912	
0.165395	0.070735	0.044036	0.039182	0.607143	0.036755	0.036755	
0.038992	0.275707	0.058316	0.167012	0.302277	0.053485	0.104210	
0.267007	0.033673	0.057483	0.043197	0.376531	0.183673	0.038435	
