0.050581	0.612782	0.026658	0.036227	0.021873	0.064935	0.186945	
0.023866	0.633277	0.197983	0.042689	0.028571	0.035630	0.037983	
0.031593	0.572459	0.156593	0.046016	0.103709	0.024382	0.065247	
0.328912	0.033673	0.259864	0.026531	0.114626	0.024150	0.212245	
0.615903	0.047507	0.033356	0.155997	0.066375	0.023922	0.056941	
0.321092	0.049865	0.189016	0.080526	0.061658	0.165431	0.132412	
0.103866	0.049748	0.047395	0.052101	0.023866	0.037983	0.685042	
0.043197	0.033673	0.326531	0.245578	0.043197	0.267007	0.040816	
0.087302	0.026915	0.497930	0.089717	0.026915	0.046239	0.224983	
0.218793	0.068308	0.046463	0.345007	0.024619	0.044036	0.252774	
0.374746	0.033514	0.173324	0.265741	0.024035	0.050102	0.078538	
0.085714	0.036934	0.029617	0.358885	0.024739	0.205226	0.258885	
0.039867	0.111960	0.211960	0.391030	0.046844	0.130565	0.067774	
0.030636	0.032967	0.184482	0.548119	0.112221	0.074925	0.016650	
0.079402	0.049169	0.100332	0.581728	0.046844	0.111960	0.030565	
0.079479	0.062693	0.218568	0.050702	0.487153	0.065091	0.036314	
0.033916	0.036314	0.129839	0.029120	0.717369	0.036314	0.017129	
0.105605	0.050581	0.038619	0.036227	0.694122	0.024265	0.050581	
0.055766	0.043718	0.166609	0.036489	0.316007	0.022031	0.359380	
0.026468	0.114354	0.100102	0.021717	0.199864	0.515779	0.021717	
0.033514	0.019296	0.128301	0.104604	0.154367	0.355789	0.204130	
0.307852	0.145624	0.160152	0.041508	0.089934	0.145624	0.109305	
0.053485	0.193582	0.038992	0.036577	0.121118	0.522084	0.034161	
0.437394	0.073974	0.292501	0.019342	0.083475	0.040719	0.052596	
