0.425390	0.006472	0.029355	0.000951	0.040643	0.043690	0.044168	0.147015	0.046346	0.138857	0.014872	0.013895	0.014258	0.025331	0.008758	
0.470331	0.006251	0.119300	0.001111	0.031872	0.026943	0.039016	0.075232	0.025830	0.085775	0.010327	0.021349	0.034377	0.038238	0.014050	
0.427077	0.006760	0.044748	0.001180	0.039313	0.038860	0.047213	0.134997	0.025914	0.130164	0.015252	0.011708	0.018164	0.043108	0.015543	
0.605553	0.001646	0.033885	0.012582	0.023629	0.080798	0.065693	0.013212	0.020543	0.015302	0.076961	0.008241	0.013023	0.021278	0.007654	
0.251401	0.001090	0.098208	0.000781	0.015525	0.009428	0.131771	0.052328	0.212695	0.011834	0.003987	0.088118	0.041939	0.073900	0.006994	
0.452759	0.002729	0.095651	0.005645	0.020594	0.040559	0.077639	0.025720	0.084581	0.020221	0.033963	0.038963	0.031007	0.055531	0.014436	
0.466148	0.001032	0.049433	0.008433	0.020108	0.056567	0.094566	0.029124	0.105973	0.011641	0.051366	0.041080	0.021877	0.037462	0.005189	
0.269092	0.005285	0.111398	0.000713	0.014570	0.034178	0.052456	0.030394	0.148906	0.026897	0.004315	0.041205	0.019376	0.176124	0.065091	
0.267015	0.006749	0.104242	0.003724	0.013304	0.038478	0.065836	0.013963	0.060572	0.014575	0.021890	0.017223	0.012219	0.260577	0.099630	
0.387535	0.002552	0.083335	0.003074	0.016524	0.051481	0.037327	0.026330	0.176835	0.025875	0.018365	0.043873	0.024047	0.075363	0.027483	
0.322822	0.002801	0.105878	0.000914	0.011128	0.052013	0.023827	0.011954	0.244872	0.012020	0.004625	0.056692	0.017581	0.096223	0.036649	
0.410306	0.001116	0.086551	0.003237	0.013795	0.061576	0.029401	0.012965	0.241232	0.010606	0.018997	0.058248	0.019264	0.024873	0.007833	
0.465822	0.005480	0.152111	0.000805	0.025876	0.021384	0.035134	0.041381	0.052674	0.057252	0.005598	0.031114	0.043176	0.045665	0.016530	
0.482618	0.005876	0.191669	0.000719	0.023493	0.011923	0.036112	0.016874	0.028267	0.040268	0.003247	0.031827	0.051092	0.055693	0.020322	
0.470533	0.004574	0.170374	0.000862	0.023746	0.013100	0.049617	0.028178	0.063550	0.040817	0.004491	0.042649	0.051691	0.029245	0.006572	
0.499427	0.001140	0.025470	0.000766	0.035018	0.008890	0.014586	0.108337	0.032743	0.126769	0.003582	0.010900	0.100106	0.024048	0.008219	
0.455357	0.001320	0.035982	0.000878	0.032390	0.008688	0.038563	0.102409	0.056162	0.109286	0.004678	0.023185	0.088701	0.034187	0.008213	
0.508619	0.001139	0.016472	0.000848	0.036936	0.008060	0.014876	0.117489	0.020020	0.135822	0.004490	0.007544	0.102418	0.018995	0.006271	
0.391082	0.004465	0.055470	0.004150	0.024164	0.033583	0.051399	0.057232	0.024105	0.063151	0.025168	0.007779	0.042393	0.156377	0.059483	
0.283289	0.002374	0.094955	0.000704	0.016042	0.020009	0.083971	0.044955	0.181036	0.026378	0.003237	0.062993	0.041089	0.108676	0.030291	
0.300529	0.004185	0.088467	0.002480	0.016769	0.030497	0.071681	0.037581	0.114256	0.029416	0.014504	0.037605	0.029987	0.164531	0.057512	
0.358617	0.001724	0.086174	0.003930	0.017354	0.032021	0.098777	0.035323	0.152168	0.013813	0.023255	0.059707	0.032968	0.069906	0.014264	
0.296442	0.000907	0.089475	0.001045	0.016724	0.017589	0.105234	0.051105	0.209562	0.021081	0.005514	0.078716	0.043963	0.057389	0.005257	
0.263179	0.003218	0.100868	0.001180	0.015034	0.023273	0.092896	0.040332	0.172954	0.018652	0.006731	0.061918	0.029933	0.131139	0.038694	
