0.028843	0.810316	0.043095	0.035969	0.021717	0.024092	0.035969	
0.038435	0.267007	0.026531	0.245578	0.283673	0.026531	0.112245	
0.024092	0.404140	0.035969	0.076349	0.252121	0.028843	0.178487	
0.846310	0.021666	0.024035	0.031144	0.024035	0.021666	0.031144	
0.284026	0.049983	0.040527	0.201283	0.156366	0.208376	0.059439	
0.515779	0.047845	0.095351	0.078724	0.071598	0.161860	0.028843	
0.286390	0.019250	0.080716	0.340763	0.035799	0.189463	0.047619	
0.033435	0.035799	0.246201	0.059439	0.416413	0.144546	0.064168	
0.165414	0.043404	0.215653	0.024265	0.366370	0.160629	0.024265	
0.077453	0.070224	0.694320	0.036489	0.034079	0.060585	0.026850	
0.030494	0.032814	0.610540	0.037454	0.116341	0.132582	0.039775	
0.071080	0.027178	0.339373	0.468641	0.029617	0.041812	0.022300	
0.028371	0.486315	0.170895	0.042390	0.117156	0.124166	0.030708	
0.035463	0.302442	0.030780	0.234527	0.323520	0.023754	0.049515	
0.040336	0.367395	0.103866	0.339160	0.082689	0.037983	0.028571	
0.038898	0.046127	0.038898	0.217212	0.031670	0.046127	0.581067	
0.021717	0.052596	0.024092	0.024092	0.040719	0.031218	0.805565	
0.045906	0.093868	0.021925	0.314491	0.093868	0.093868	0.336074	
0.033673	0.052721	0.267007	0.171769	0.114626	0.043197	0.317007	
0.042891	0.023978	0.059439	0.574806	0.130361	0.116177	0.052347	
0.038992	0.031746	0.198413	0.394065	0.164596	0.087302	0.084886	
0.171429	0.038898	0.113597	0.058176	0.024441	0.573838	0.019621	
0.031593	0.062843	0.021978	0.029190	0.043613	0.750343	0.060440	
0.048074	0.036140	0.071940	0.036140	0.253324	0.511081	0.043300	
