0.054711	0.775751	0.028707	0.028707	0.028707	0.054711	0.028707	
0.033673	0.359864	0.036054	0.126531	0.338435	0.026531	0.078912	
0.098193	0.706785	0.019434	0.038527	0.052847	0.052847	0.031367	
0.851049	0.026405	0.024035	0.026405	0.016926	0.031144	0.024035	
0.350220	0.035799	0.125633	0.113813	0.187099	0.144546	0.042891	
0.509771	0.045148	0.167790	0.146563	0.028639	0.078167	0.023922	
0.385681	0.028707	0.132725	0.042891	0.317123	0.066532	0.026342	
0.052101	0.052101	0.073277	0.374454	0.101513	0.287395	0.059160	
0.206083	0.055366	0.064935	0.383117	0.031442	0.222830	0.036227	
0.145624	0.048772	0.092356	0.058457	0.024559	0.593566	0.036666	
0.025974	0.028305	0.058608	0.121545	0.042291	0.687979	0.035298	
0.161324	0.027178	0.029617	0.034495	0.344251	0.378397	0.024739	
0.028044	0.473771	0.081161	0.180468	0.021115	0.185087	0.030353	
0.032890	0.202658	0.032890	0.356146	0.177076	0.046844	0.151495	
0.025914	0.414286	0.023588	0.058472	0.288704	0.153821	0.035216	
0.026594	0.028981	0.162632	0.028981	0.043300	0.019434	0.690078	
0.033916	0.048304	0.021925	0.045906	0.019527	0.029120	0.801302	
0.029050	0.033835	0.299385	0.024265	0.349624	0.017088	0.246753	
0.088435	0.067007	0.150340	0.069388	0.419388	0.055102	0.150340	
0.090172	0.028707	0.045255	0.125633	0.359676	0.201283	0.149274	
0.155844	0.026658	0.081681	0.227614	0.287423	0.057758	0.163021	
0.458176	0.031670	0.241308	0.024441	0.041308	0.183477	0.019621	
0.029190	0.033997	0.779190	0.041209	0.024382	0.043613	0.048420	
0.119673	0.026594	0.487214	0.181725	0.048074	0.100580	0.036140	
