0.457596	0.005203	0.115268	0.000897	0.032546	0.024405	0.045286	0.055829	0.046743	0.050835	0.006044	0.011278	0.029596	0.113348	0.005126	
0.464934	0.014045	0.048999	0.000789	0.020687	0.031936	0.030854	0.152713	0.024259	0.125283	0.015773	0.027016	0.021613	0.015861	0.005237	
0.476410	0.017413	0.020010	0.000844	0.017022	0.038139	0.015081	0.187518	0.025458	0.153940	0.004068	0.012602	0.010948	0.016200	0.004348	
0.540376	0.000748	0.022305	0.011810	0.005570	0.082109	0.212688	0.008323	0.030684	0.007991	0.035174	0.011856	0.008633	0.018255	0.003476	
0.337407	0.002457	0.091633	0.002782	0.025261	0.029571	0.067024	0.036833	0.161928	0.033780	0.022514	0.072527	0.036628	0.065984	0.013670	
0.457134	0.003612	0.047523	0.007624	0.011389	0.063570	0.138766	0.039780	0.080765	0.034695	0.024174	0.025198	0.016035	0.045394	0.004341	
0.423932	0.000999	0.044501	0.008122	0.016890	0.057544	0.147484	0.013598	0.127874	0.012813	0.025901	0.053158	0.015699	0.045293	0.006194	
0.480812	0.002878	0.123286	0.000931	0.040429	0.016589	0.053487	0.031041	0.038539	0.030961	0.004813	0.014879	0.029511	0.125900	0.005945	
0.354809	0.001177	0.147241	0.002374	0.020351	0.039889	0.068296	0.013395	0.119225	0.017046	0.018537	0.023906	0.042096	0.127150	0.004507	
0.197268	0.001635	0.177559	0.001057	0.006166	0.053139	0.019584	0.018872	0.236149	0.025396	0.005090	0.015544	0.050053	0.187780	0.004707	
0.319885	0.000998	0.137976	0.000966	0.017411	0.032412	0.035310	0.032699	0.142511	0.037023	0.015332	0.028493	0.057357	0.115773	0.025853	
0.302888	0.000847	0.158433	0.001641	0.022208	0.032615	0.064361	0.009654	0.150990	0.011923	0.029693	0.056121	0.048798	0.106605	0.003223	
0.412669	0.006353	0.117488	0.001014	0.025511	0.027351	0.056174	0.068445	0.057191	0.057902	0.027177	0.039737	0.038363	0.061305	0.003321	
0.408296	0.003226	0.130154	0.000688	0.027661	0.021400	0.053178	0.046267	0.062213	0.043064	0.026200	0.038194	0.049438	0.074798	0.015224	
0.391972	0.003543	0.140493	0.000644	0.030563	0.015053	0.074217	0.042194	0.055681	0.034259	0.049596	0.077723	0.053185	0.024953	0.005924	
0.501982	0.001129	0.042974	0.000571	0.025801	0.008526	0.019695	0.085851	0.024654	0.088457	0.004520	0.010171	0.069411	0.036221	0.080035	
0.508581	0.001481	0.020529	0.001416	0.020455	0.014204	0.025966	0.097280	0.024124	0.098709	0.005425	0.008094	0.070236	0.015964	0.087536	
0.500994	0.000811	0.023375	0.000896	0.020811	0.010274	0.017212	0.096864	0.027621	0.099873	0.005081	0.009288	0.076470	0.015999	0.094431	
0.437313	0.000772	0.057953	0.001681	0.017635	0.023761	0.031515	0.070701	0.075633	0.074738	0.006488	0.011859	0.065294	0.056728	0.067930	
0.218601	0.000869	0.095304	0.000819	0.040995	0.008559	0.020838	0.016551	0.300162	0.017090	0.004520	0.122306	0.029296	0.112775	0.011317	
0.376747	0.002098	0.108127	0.001367	0.023926	0.025937	0.044520	0.044950	0.111884	0.045290	0.015201	0.036631	0.048952	0.087722	0.026649	
0.236723	0.000723	0.077284	0.003402	0.035104	0.023855	0.062207	0.007331	0.295541	0.006979	0.011797	0.122937	0.019492	0.093609	0.003016	
0.299727	0.004973	0.077663	0.001092	0.032190	0.019907	0.023629	0.060411	0.213146	0.053059	0.004400	0.082267	0.026196	0.090216	0.011124	
0.369794	0.001155	0.063661	0.003571	0.026535	0.029406	0.067409	0.034632	0.162654	0.035328	0.010988	0.061266	0.034052	0.072873	0.026677	
