0.031071	0.021614	0.016886	0.049983	0.035799	0.818305	0.026342	
0.043197	0.152721	0.043197	0.583673	0.117007	0.033673	0.026531	
0.040914	0.031367	0.026594	0.783157	0.026594	0.052847	0.038527	
0.819388	0.026531	0.026531	0.021769	0.038435	0.026531	0.040816	
0.310030	0.203647	0.187099	0.194191	0.042891	0.031071	0.031071	
0.415030	0.092756	0.213609	0.170955	0.024035	0.033514	0.050102	
0.352721	0.050340	0.257483	0.040816	0.126531	0.026531	0.145578	
0.040816	0.352721	0.036054	0.150340	0.040816	0.043197	0.336054	
0.052973	0.610390	0.033835	0.038619	0.026658	0.148667	0.088859	
0.061324	0.049129	0.036934	0.027178	0.029617	0.054007	0.741812	
0.056673	0.213950	0.075453	0.030852	0.033199	0.056673	0.533199	
0.197909	0.202787	0.063763	0.029617	0.017422	0.095470	0.393031	
0.053946	0.242757	0.039960	0.051615	0.021312	0.480519	0.109890	
0.105721	0.412513	0.021412	0.108063	0.047173	0.264972	0.040147	
0.091885	0.167002	0.044936	0.181087	0.037894	0.312542	0.164655	
0.028843	0.026468	0.040719	0.024092	0.800814	0.050221	0.028843	
0.026468	0.019342	0.195114	0.147608	0.560909	0.024092	0.026468	
0.052471	0.026405	0.040623	0.031144	0.787068	0.031144	0.031144	
0.168585	0.033514	0.028775	0.031144	0.497969	0.130670	0.109343	
0.077266	0.195055	0.471497	0.070055	0.125343	0.024382	0.036401	
0.107143	0.138696	0.167822	0.109570	0.119279	0.019764	0.337725	
0.090153	0.092580	0.592580	0.048890	0.082871	0.024619	0.068308	
0.022031	0.041308	0.544923	0.253356	0.031670	0.022031	0.084682	
0.103213	0.146275	0.488380	0.026658	0.139098	0.036227	0.060150	
