0.421608	0.006625	0.051735	0.000875	0.036128	0.038004	0.025450	0.121251	0.055587	0.146890	0.006647	0.011963	0.017894	0.052656	0.006688	
0.488723	0.005321	0.042866	0.001544	0.030661	0.030911	0.032490	0.095214	0.042342	0.110744	0.019941	0.017483	0.037590	0.033129	0.011043	
0.471508	0.006118	0.040792	0.000881	0.033562	0.028830	0.015978	0.112145	0.057170	0.135168	0.013820	0.022160	0.029077	0.027090	0.005702	
0.547846	0.000900	0.015612	0.008213	0.015269	0.068801	0.175835	0.010933	0.017325	0.010385	0.037453	0.011756	0.054507	0.019575	0.005591	
0.338953	0.001358	0.126707	0.007730	0.020535	0.066629	0.167297	0.019827	0.069930	0.019507	0.005030	0.051774	0.038659	0.059469	0.006598	
0.411014	0.001139	0.048951	0.007213	0.015930	0.064706	0.159379	0.015826	0.113800	0.013852	0.017629	0.036716	0.032613	0.053158	0.008072	
0.335821	0.000959	0.027233	0.008702	0.016193	0.073507	0.186785	0.013955	0.201841	0.011574	0.003672	0.059842	0.007248	0.047230	0.005439	
0.369733	0.001002	0.115438	0.001118	0.008163	0.023497	0.039746	0.013962	0.183256	0.011654	0.019274	0.049899	0.049045	0.104868	0.009344	
0.427921	0.000800	0.118450	0.002532	0.009033	0.036355	0.072137	0.009594	0.091831	0.009652	0.028079	0.027122	0.062521	0.097442	0.006530	
0.264816	0.001868	0.118773	0.000802	0.012097	0.036001	0.051949	0.027646	0.220187	0.022684	0.005942	0.035026	0.022511	0.159708	0.019988	
0.322288	0.001661	0.080289	0.000740	0.009220	0.036485	0.049818	0.025303	0.225505	0.024108	0.014274	0.026362	0.023673	0.146036	0.014240	
0.308132	0.001391	0.125338	0.002729	0.012703	0.042921	0.082617	0.019653	0.164449	0.016646	0.009646	0.039170	0.034671	0.126433	0.013502	
0.332049	0.001411	0.215434	0.000705	0.013124	0.021428	0.031530	0.020927	0.081215	0.022224	0.013203	0.050660	0.069915	0.118233	0.007942	
0.320464	0.001070	0.281844	0.001634	0.015655	0.015762	0.037530	0.014276	0.023502	0.013198	0.009282	0.074209	0.089815	0.094853	0.006907	
0.323573	0.001871	0.214137	0.001931	0.018310	0.019945	0.042522	0.029438	0.080462	0.028777	0.006573	0.072060	0.066454	0.083643	0.010306	
0.550327	0.004412	0.043606	0.000582	0.027583	0.006023	0.010506	0.068447	0.024212	0.050850	0.038698	0.017585	0.065596	0.043838	0.047735	
0.568796	0.005048	0.015707	0.000850	0.029575	0.013827	0.014900	0.083555	0.021906	0.077915	0.037038	0.010351	0.055757	0.028483	0.036291	
0.448240	0.007739	0.014869	0.001493	0.048480	0.014001	0.029579	0.122770	0.026769	0.090900	0.016562	0.014893	0.025817	0.053794	0.084094	
0.420297	0.007202	0.028386	0.001591	0.045539	0.017625	0.036001	0.113742	0.044507	0.083560	0.014109	0.016902	0.024146	0.067122	0.079271	
0.399051	0.004774	0.097507	0.001157	0.032188	0.010984	0.023719	0.074853	0.076585	0.055162	0.014516	0.044751	0.045461	0.068099	0.051194	
0.401901	0.005295	0.065659	0.000848	0.033813	0.011451	0.020863	0.083078	0.096386	0.060196	0.015195	0.036179	0.035524	0.074875	0.058736	
0.385697	0.002773	0.052608	0.002461	0.019129	0.024246	0.050476	0.046058	0.198710	0.041781	0.012136	0.062802	0.028203	0.054075	0.018844	
0.310824	0.001940	0.034263	0.000877	0.010532	0.014480	0.019000	0.034697	0.359691	0.034090	0.002874	0.091052	0.006982	0.070498	0.008201	
0.472427	0.002266	0.037059	0.003813	0.016931	0.040301	0.084229	0.037722	0.111220	0.040736	0.025721	0.031637	0.041997	0.045250	0.008690	
