0.031218	0.610791	0.154734	0.078724	0.033593	0.021717	0.069223	
0.069223	0.435019	0.054971	0.085850	0.069223	0.052596	0.233118	
0.032056	0.561324	0.032056	0.085714	0.032056	0.095470	0.161324	
0.440533	0.026658	0.017088	0.031442	0.029050	0.024265	0.430964	
0.413073	0.059299	0.028639	0.297507	0.040431	0.122978	0.038073	
0.384225	0.033514	0.085647	0.085647	0.042993	0.178064	0.189912	
0.466218	0.033277	0.026218	0.040336	0.026218	0.388571	0.019160	
0.045796	0.026658	0.253930	0.196514	0.038619	0.220437	0.218045	
0.124744	0.029050	0.268284	0.208476	0.019481	0.029050	0.320916	
0.027244	0.037024	0.501572	0.132379	0.103039	0.151939	0.046804	
0.023810	0.068410	0.497988	0.037894	0.059021	0.164655	0.148223	
0.134824	0.032134	0.349983	0.195948	0.066364	0.127489	0.093259	
0.023425	0.074233	0.245134	0.455295	0.034972	0.021115	0.145826	
0.075809	0.030997	0.047507	0.679582	0.042790	0.019205	0.104111	
0.091669	0.084644	0.042489	0.508531	0.065908	0.136166	0.070592	
0.017253	0.024500	0.036577	0.094548	0.336094	0.026915	0.464113	
0.031670	0.188296	0.024441	0.029260	0.253356	0.029260	0.443718	
0.067007	0.040816	0.033673	0.024150	0.607483	0.033673	0.193197	
0.072285	0.031518	0.086674	0.041110	0.568688	0.038712	0.161014	
0.048537	0.026850	0.038898	0.222031	0.364200	0.130465	0.169019	
0.031144	0.019296	0.095125	0.125931	0.415030	0.137779	0.175694	
0.120154	0.107929	0.027244	0.103039	0.122599	0.381767	0.137269	
0.031367	0.124446	0.076713	0.028981	0.036140	0.675759	0.026594	
0.195525	0.147332	0.079862	0.058176	0.046127	0.176248	0.296730	
