0.452063	0.004490	0.014067	0.000893	0.024040	0.044100	0.132435	0.063467	0.019509	0.103804	0.003965	0.007122	0.012073	0.012749	0.105222	
0.463086	0.010355	0.107329	0.000913	0.018068	0.022965	0.015785	0.131805	0.028790	0.110093	0.004408	0.014484	0.013616	0.052531	0.005771	
0.448505	0.015015	0.024207	0.001509	0.009349	0.033604	0.026130	0.190087	0.030503	0.157887	0.008298	0.011150	0.017083	0.020738	0.005937	
0.444143	0.000944	0.103082	0.008065	0.042826	0.043511	0.157149	0.011472	0.019889	0.011791	0.054821	0.011338	0.037019	0.047597	0.006352	
0.412737	0.002733	0.080712	0.005791	0.030308	0.036825	0.111200	0.034438	0.081756	0.029401	0.038819	0.036657	0.031029	0.060823	0.006770	
0.386493	0.002722	0.037635	0.004315	0.019188	0.028740	0.086108	0.037895	0.158738	0.032781	0.028435	0.074193	0.023528	0.070535	0.008693	
0.364852	0.001381	0.035551	0.006900	0.026900	0.043354	0.132742	0.016974	0.140397	0.014509	0.046578	0.058301	0.038258	0.064151	0.009152	
0.339958	0.004466	0.165783	0.001246	0.021153	0.035408	0.021927	0.046106	0.121029	0.039156	0.006998	0.031165	0.034628	0.111038	0.019940	
0.416070	0.001825	0.179739	0.001854	0.031090	0.027148	0.053493	0.019745	0.064286	0.025716	0.011330	0.022741	0.023177	0.094569	0.027217	
0.209633	0.002939	0.096741	0.002649	0.015455	0.062422	0.061889	0.022566	0.211442	0.025311	0.016706	0.043625	0.064462	0.118870	0.045290	
0.232490	0.002527	0.114236	0.000870	0.011507	0.046488	0.025825	0.020370	0.233817	0.022158	0.004316	0.063842	0.049751	0.132470	0.039334	
0.259485	0.002206	0.109121	0.004300	0.023136	0.058893	0.088029	0.012562	0.166895	0.014492	0.028348	0.036111	0.056509	0.106609	0.033303	
0.430238	0.001742	0.172393	0.000716	0.027927	0.019524	0.037733	0.023405	0.076469	0.031082	0.003345	0.033413	0.016666	0.095341	0.030006	
0.447207	0.002467	0.209372	0.001739	0.032635	0.018389	0.032312	0.029029	0.045160	0.025229	0.010613	0.020908	0.018356	0.098762	0.007821	
0.401216	0.004382	0.161771	0.002252	0.026685	0.029986	0.042160	0.049249	0.073001	0.042001	0.014058	0.023477	0.026223	0.090905	0.012633	
0.560567	0.001033	0.014927	0.000569	0.029393	0.005568	0.010932	0.117992	0.023106	0.099521	0.002229	0.009894	0.104352	0.014192	0.005726	
0.477360	0.003152	0.023563	0.000715	0.018376	0.009920	0.013267	0.098780	0.106212	0.082426	0.003203	0.049505	0.061202	0.046604	0.005717	
0.544285	0.001775	0.012572	0.000919	0.029008	0.012332	0.029397	0.114207	0.019447	0.101474	0.004610	0.006988	0.094524	0.012124	0.016338	
0.473380	0.002292	0.016401	0.002979	0.029695	0.035048	0.110164	0.066661	0.031472	0.079519	0.018874	0.011845	0.051889	0.017946	0.051837	
0.395848	0.003177	0.092121	0.000869	0.014514	0.013878	0.015029	0.049949	0.168785	0.040908	0.004372	0.077133	0.020584	0.095816	0.007016	
0.312887	0.002957	0.094841	0.002488	0.018806	0.042071	0.051647	0.038190	0.164186	0.034661	0.015643	0.046957	0.050219	0.098585	0.025860	
0.388026	0.000936	0.082639	0.001560	0.015360	0.011529	0.028774	0.022798	0.199331	0.018091	0.009299	0.094789	0.019194	0.102350	0.005324	
0.359476	0.003922	0.041520	0.000729	0.007366	0.019712	0.029353	0.052405	0.211467	0.049814	0.003246	0.094349	0.013137	0.091058	0.022447	
0.398349	0.002158	0.054394	0.001203	0.017105	0.024161	0.063378	0.036298	0.147732	0.047761	0.006559	0.066869	0.018268	0.073577	0.042188	
