0.050221	0.031218	0.021717	0.028843	0.040719	0.016966	0.810316	
0.106721	0.253293	0.059439	0.172915	0.120905	0.071260	0.215468	
0.036140	0.546880	0.028981	0.160245	0.052847	0.024207	0.150699	
0.440816	0.031293	0.076531	0.269388	0.033673	0.067007	0.081293	
0.375337	0.092318	0.052224	0.033356	0.040431	0.377695	0.028639	
0.443733	0.153639	0.078167	0.089960	0.021563	0.172507	0.040431	
0.786054	0.026531	0.036054	0.021769	0.021769	0.055102	0.052721	
0.071940	0.060007	0.453802	0.124446	0.057620	0.055234	0.176952	
0.139098	0.019481	0.466849	0.189337	0.029050	0.045796	0.110390	
0.212026	0.019812	0.511296	0.019812	0.039277	0.097671	0.100104	
0.134902	0.021213	0.441167	0.123301	0.039775	0.144183	0.095459	
0.319186	0.024500	0.394065	0.031746	0.034161	0.101794	0.094548	
0.088499	0.172025	0.380842	0.148823	0.032814	0.028174	0.148823	
0.025974	0.182151	0.499167	0.198468	0.032967	0.035298	0.025974	
0.035216	0.242193	0.374751	0.095681	0.049169	0.156146	0.046844	
0.024323	0.031518	0.043508	0.201781	0.616650	0.029120	0.053100	
0.026721	0.089072	0.024323	0.101062	0.710175	0.019527	0.029120	
0.048189	0.026658	0.036227	0.050581	0.739576	0.029050	0.069720	
0.386054	0.033673	0.095578	0.250340	0.074150	0.024150	0.136054	
0.017007	0.033673	0.045578	0.238435	0.059864	0.581293	0.024150	
0.165395	0.090153	0.107143	0.136269	0.090153	0.337725	0.073162	
0.171919	0.049370	0.159664	0.122899	0.042017	0.414566	0.039566	
0.053356	0.265404	0.072633	0.034079	0.029260	0.508778	0.036489	
0.183237	0.031218	0.095351	0.233118	0.019342	0.399389	0.038344	
