0.031442	0.029050	0.067327	0.031442	0.029050	0.017088	0.794600	
0.021614	0.123269	0.035799	0.187099	0.099629	0.047619	0.484971	
0.029190	0.067651	0.031593	0.219093	0.053228	0.021978	0.577266	
0.695055	0.132555	0.021978	0.041209	0.024382	0.053228	0.031593	
0.403639	0.023922	0.087601	0.066375	0.047507	0.342318	0.028639	
0.359193	0.091251	0.196514	0.160629	0.026658	0.129528	0.036227	
0.452101	0.023866	0.056807	0.028571	0.089748	0.320336	0.028571	
0.033435	0.475515	0.326579	0.031071	0.047619	0.049983	0.035799	
0.138435	0.428912	0.278912	0.045578	0.040816	0.031293	0.036054	
0.034244	0.029402	0.782428	0.060879	0.026980	0.024559	0.041508	
0.047284	0.101274	0.697518	0.019115	0.028504	0.077800	0.028504	
0.195470	0.022300	0.529617	0.122300	0.027178	0.068641	0.034495	
0.021362	0.177904	0.161549	0.341455	0.035381	0.026035	0.236315	
0.025675	0.133970	0.039500	0.721527	0.025675	0.023371	0.030283	
0.044518	0.037542	0.053821	0.700332	0.039867	0.093355	0.030565	
0.021717	0.026468	0.024092	0.024092	0.841194	0.028843	0.033593	
0.021717	0.031218	0.019342	0.021717	0.841194	0.043095	0.021717	
0.261733	0.038712	0.024323	0.021925	0.491949	0.129839	0.031518	
0.145578	0.036054	0.328912	0.021769	0.224150	0.021769	0.221769	
0.095578	0.097959	0.026531	0.043197	0.097959	0.607483	0.031293	
0.232956	0.196985	0.173004	0.033916	0.036314	0.290510	0.036314	
0.222031	0.116007	0.050947	0.019621	0.017212	0.554561	0.019621	
0.062393	0.064780	0.033754	0.036140	0.060007	0.713945	0.028981	
0.262871	0.250938	0.033754	0.040914	0.038527	0.339243	0.033754	
