0.077081	0.045906	0.019527	0.026721	0.021925	0.017129	0.791709	
0.079289	0.292208	0.060150	0.131921	0.091251	0.033835	0.311347	
0.044143	0.331248	0.036844	0.087939	0.083073	0.031978	0.384776	
0.612245	0.038435	0.074150	0.140816	0.038435	0.057483	0.038435	
0.434913	0.166222	0.042390	0.042390	0.042390	0.224633	0.047063	
0.281593	0.303228	0.036401	0.094093	0.036401	0.171016	0.077266	
0.440054	0.059439	0.163458	0.040527	0.078352	0.118541	0.099629	
0.041609	0.182386	0.257628	0.337725	0.027046	0.107143	0.046463	
0.036934	0.027178	0.166202	0.566202	0.019861	0.134495	0.049129	
0.091485	0.128431	0.453554	0.071780	0.061928	0.061928	0.130894	
0.092536	0.031071	0.454238	0.180007	0.083080	0.026342	0.132725	
0.029689	0.032134	0.777855	0.029689	0.046804	0.041914	0.041914	
0.035298	0.419913	0.095904	0.186813	0.032967	0.156510	0.072594	
0.035714	0.507412	0.160714	0.108827	0.068733	0.073450	0.045148	
0.071429	0.533514	0.159106	0.024035	0.033514	0.109343	0.069059	
0.069223	0.035969	0.019342	0.066848	0.651171	0.130981	0.026468	
0.147332	0.154561	0.019621	0.123236	0.475043	0.026850	0.053356	
0.074683	0.038712	0.021925	0.057897	0.448784	0.086674	0.271326	
0.122002	0.036844	0.087939	0.302051	0.168231	0.022245	0.260688	
0.065091	0.036314	0.065091	0.062693	0.240151	0.499144	0.031518	
0.051070	0.092133	0.237060	0.152519	0.205659	0.237060	0.024500	
0.123236	0.091910	0.065404	0.087091	0.190706	0.422031	0.019621	
0.132237	0.292909	0.038712	0.038712	0.072285	0.374443	0.050702	
0.306723	0.027311	0.113095	0.282213	0.044468	0.142507	0.083683	
