0.031293	0.021769	0.819388	0.021769	0.043197	0.024150	0.038435	
0.074327	0.052847	0.114899	0.043300	0.033754	0.098193	0.582680	
0.029120	0.062693	0.057897	0.033916	0.038712	0.021925	0.755738	
0.250340	0.586054	0.033673	0.033673	0.033673	0.028912	0.033673	
0.751509	0.026157	0.033199	0.040241	0.044936	0.051979	0.051979	
0.306753	0.199864	0.045470	0.185612	0.119104	0.040719	0.102477	
0.616807	0.019160	0.033277	0.037983	0.042689	0.113277	0.136807	
0.062097	0.116729	0.028843	0.556159	0.031218	0.031218	0.173736	
0.081681	0.344839	0.134313	0.306562	0.024265	0.084074	0.024265	
0.034495	0.034495	0.105226	0.688153	0.036934	0.066202	0.034495	
0.028438	0.220475	0.051857	0.520241	0.037805	0.122114	0.019070	
0.127489	0.039469	0.051694	0.672721	0.029689	0.041914	0.037024	
0.023533	0.127942	0.482930	0.267153	0.028174	0.042095	0.028174	
0.067460	0.220238	0.326720	0.171627	0.136905	0.046627	0.030423	
0.126502	0.037717	0.362483	0.226969	0.121829	0.040053	0.084446	
0.026850	0.058176	0.019621	0.043718	0.619621	0.096730	0.135284	
0.045687	0.024207	0.028981	0.038527	0.764064	0.033754	0.064780	
0.069720	0.024265	0.069720	0.043404	0.387902	0.096036	0.308954	
0.055102	0.095578	0.226531	0.040816	0.069388	0.462245	0.050340	
0.064472	0.522905	0.033593	0.116729	0.095351	0.104852	0.062097	
0.102234	0.367637	0.016926	0.064320	0.078538	0.194651	0.175694	
0.046576	0.090372	0.019812	0.029545	0.107404	0.611053	0.095238	
0.116569	0.148046	0.026980	0.215842	0.043929	0.208578	0.240055	
0.220437	0.184552	0.052973	0.024265	0.033835	0.423787	0.060150	
