0.470445	0.005263	0.051198	0.000660	0.027718	0.029768	0.026838	0.116011	0.057126	0.089302	0.007166	0.011475	0.039321	0.043535	0.024175	
0.459437	0.005254	0.067510	0.000892	0.030976	0.023816	0.032879	0.109918	0.050041	0.091989	0.004256	0.025002	0.037475	0.055278	0.005279	
0.462219	0.005361	0.071137	0.000608	0.029432	0.024066	0.030113	0.114463	0.044743	0.091693	0.003744	0.019579	0.035678	0.057920	0.009245	
0.523910	0.001112	0.043544	0.010029	0.004343	0.091969	0.178132	0.009865	0.030870	0.007729	0.048148	0.012138	0.007468	0.025816	0.004928	
0.380007	0.002320	0.097636	0.005985	0.026329	0.056923	0.116691	0.021387	0.117820	0.016102	0.030060	0.057421	0.015009	0.044196	0.012113	
0.424421	0.003188	0.076436	0.004678	0.010368	0.050493	0.096167	0.037741	0.091692	0.025378	0.025940	0.028335	0.023392	0.079896	0.021874	
0.369034	0.000876	0.129122	0.006811	0.036619	0.062304	0.134497	0.011084	0.105255	0.014066	0.032780	0.065490	0.009747	0.015892	0.006423	
0.293717	0.000894	0.227235	0.000928	0.014227	0.015601	0.065213	0.011171	0.097913	0.011716	0.010562	0.040577	0.025861	0.149429	0.034955	
0.341241	0.000996	0.227347	0.002362	0.006391	0.024059	0.092206	0.010473	0.049383	0.009521	0.013514	0.030509	0.014433	0.161516	0.016050	
0.295392	0.002177	0.068512	0.000883	0.016787	0.030495	0.024426	0.019381	0.237702	0.013577	0.023017	0.039902	0.061732	0.071133	0.094886	
0.305461	0.001072	0.087758	0.000972	0.010743	0.032300	0.031507	0.009003	0.217027	0.007681	0.024954	0.026383	0.062892	0.080334	0.101911	
0.317114	0.001074	0.083947	0.002429	0.021219	0.041838	0.052760	0.012111	0.205850	0.011244	0.028118	0.039254	0.052738	0.046420	0.083884	
0.406114	0.003803	0.140323	0.000693	0.021930	0.021815	0.046605	0.080005	0.048245	0.060969	0.005647	0.022619	0.026324	0.098414	0.016495	
0.438540	0.004712	0.120300	0.000707	0.023171	0.023318	0.044077	0.099145	0.028928	0.073852	0.003896	0.017948	0.024009	0.089653	0.007743	
0.441620	0.005836	0.068732	0.000637	0.043702	0.027222	0.027361	0.127052	0.064117	0.096881	0.003375	0.035284	0.029552	0.021553	0.007076	
0.538522	0.000813	0.021839	0.000577	0.037305	0.004811	0.010339	0.079882	0.021469	0.145143	0.002428	0.009593	0.108863	0.014639	0.003775	
0.541462	0.000811	0.020347	0.000579	0.037044	0.004501	0.010112	0.080126	0.019706	0.146251	0.002285	0.009009	0.109650	0.015081	0.003037	
0.509025	0.002186	0.024316	0.003372	0.024772	0.031382	0.059802	0.061548	0.048667	0.092546	0.015870	0.019390	0.068598	0.034724	0.003803	
0.425910	0.001000	0.040855	0.001572	0.018188	0.029045	0.032037	0.038327	0.130627	0.061932	0.019795	0.012195	0.080467	0.044551	0.063498	
0.273615	0.007546	0.073113	0.001405	0.025173	0.011991	0.035169	0.053274	0.220198	0.028838	0.006309	0.098112	0.025255	0.135790	0.004212	
0.330431	0.005289	0.072659	0.002790	0.013144	0.029932	0.060868	0.036284	0.178473	0.017623	0.017285	0.062859	0.027815	0.120283	0.024264	
0.302792	0.007411	0.063712	0.002751	0.016763	0.025457	0.057804	0.047586	0.202587	0.016328	0.013160	0.085998	0.015976	0.135880	0.005795	
0.303680	0.006898	0.079661	0.000651	0.031617	0.009285	0.024636	0.069674	0.186211	0.049830	0.002875	0.085738	0.032042	0.112194	0.005007	
0.360113	0.004229	0.094053	0.005007	0.017350	0.045438	0.102141	0.027985	0.132707	0.012269	0.023779	0.063494	0.011217	0.095640	0.004580	
