0.443979	0.013085	0.055697	0.000728	0.011715	0.056211	0.016564	0.079923	0.049520	0.108413	0.009721	0.024055	0.021856	0.014933	0.093598	
0.434629	0.004803	0.096621	0.001247	0.019900	0.029964	0.053090	0.065374	0.075995	0.064338	0.007957	0.037871	0.033243	0.041666	0.033301	
0.462314	0.010206	0.055009	0.000935	0.012868	0.044560	0.023220	0.087631	0.028067	0.103830	0.008525	0.017147	0.027719	0.045303	0.072665	
0.664431	0.000796	0.018413	0.014091	0.009813	0.075166	0.069272	0.010398	0.017555	0.009481	0.075212	0.007462	0.007813	0.013574	0.006522	
0.354095	0.000854	0.075581	0.001345	0.028974	0.024436	0.127480	0.029921	0.209350	0.019020	0.007675	0.059165	0.025504	0.032002	0.004598	
0.469504	0.000835	0.100854	0.006056	0.016572	0.038125	0.070045	0.027750	0.065688	0.021179	0.032318	0.031669	0.026903	0.087261	0.005241	
0.401660	0.000619	0.022326	0.003981	0.026771	0.037645	0.156989	0.015964	0.227207	0.007006	0.021270	0.049952	0.010304	0.014872	0.003435	
0.246324	0.004372	0.133029	0.000901	0.020458	0.027594	0.050418	0.030554	0.129821	0.038164	0.009701	0.042597	0.045218	0.190823	0.030027	
0.372277	0.004790	0.102740	0.003594	0.013252	0.039463	0.053242	0.033417	0.070023	0.041799	0.022034	0.026066	0.029093	0.154614	0.033595	
0.292471	0.003660	0.131463	0.002919	0.031321	0.039577	0.028350	0.027704	0.177745	0.033399	0.023153	0.065661	0.058854	0.058487	0.025238	
0.238873	0.003110	0.137944	0.001581	0.035126	0.031873	0.029034	0.030913	0.202555	0.033997	0.016557	0.070557	0.067551	0.079339	0.020988	
0.245632	0.000941	0.145516	0.003763	0.039949	0.037390	0.031939	0.011556	0.237177	0.010891	0.028981	0.082744	0.072096	0.045847	0.005576	
0.432281	0.003965	0.157435	0.001390	0.018415	0.025827	0.025448	0.059834	0.038609	0.057413	0.008637	0.044681	0.040998	0.057948	0.027118	
0.396757	0.000833	0.205232	0.000827	0.019211	0.010709	0.029108	0.051750	0.029287	0.039103	0.003842	0.050067	0.048131	0.111021	0.004123	
0.417566	0.001381	0.175579	0.000823	0.025941	0.016843	0.036753	0.056615	0.080470	0.043910	0.004997	0.061901	0.048972	0.020066	0.008185	
0.481495	0.000943	0.043805	0.000954	0.032709	0.009079	0.015587	0.125524	0.038820	0.100261	0.005543	0.019655	0.074758	0.045604	0.005263	
0.491330	0.001031	0.031179	0.001222	0.030460	0.011763	0.037962	0.117165	0.049756	0.092981	0.006089	0.018355	0.063104	0.041641	0.005962	
0.517727	0.000888	0.022799	0.000828	0.033270	0.008028	0.021770	0.136555	0.032940	0.108146	0.003925	0.015840	0.072568	0.019839	0.004879	
0.510229	0.007383	0.027043	0.003619	0.015436	0.047098	0.033047	0.082475	0.030332	0.089949	0.021909	0.011511	0.030351	0.036985	0.052633	
0.241181	0.000775	0.140049	0.002013	0.036755	0.025347	0.041045	0.027611	0.205987	0.022459	0.017480	0.070395	0.069858	0.094994	0.004053	
0.384360	0.003837	0.088474	0.003228	0.019897	0.035133	0.047248	0.048315	0.087108	0.049963	0.020328	0.030693	0.040571	0.114217	0.026629	
0.415125	0.002610	0.042291	0.003186	0.022250	0.037549	0.126177	0.030027	0.172122	0.026402	0.017373	0.042707	0.012983	0.031434	0.017764	
0.324006	0.001054	0.063990	0.000851	0.023019	0.018358	0.129396	0.035881	0.170588	0.025855	0.004107	0.038164	0.024188	0.134578	0.005965	
0.377682	0.005071	0.038937	0.001234	0.019565	0.034933	0.112313	0.045060	0.153856	0.048150	0.007876	0.034448	0.015102	0.070435	0.035336	
