0.052847	0.017047	0.160245	0.122059	0.117286	0.038527	0.491988	
0.070224	0.043718	0.118417	0.128055	0.026850	0.229260	0.383477	
0.104462	0.022138	0.053615	0.022138	0.053615	0.118990	0.625043	
0.457483	0.071769	0.245578	0.124150	0.026531	0.047959	0.026531	
0.348680	0.130670	0.021666	0.026405	0.016926	0.424509	0.031144	
0.329722	0.154367	0.085647	0.021666	0.028775	0.346310	0.033514	
0.669368	0.052347	0.028707	0.047619	0.132725	0.026342	0.042891	
0.036140	0.160245	0.239004	0.267644	0.038527	0.143539	0.114899	
0.031442	0.103213	0.586466	0.110390	0.115174	0.029050	0.024265	
0.049009	0.063608	0.039277	0.331248	0.418839	0.058742	0.039277	
0.030780	0.166611	0.037805	0.311810	0.398461	0.023754	0.030780	
0.095704	0.171498	0.186168	0.227733	0.188613	0.105484	0.024799	
0.028239	0.065449	0.125914	0.644518	0.028239	0.063123	0.044518	
0.028239	0.049169	0.039867	0.484053	0.028239	0.344518	0.025914	
0.044831	0.129140	0.044831	0.471061	0.042489	0.241552	0.026096	
0.026721	0.225762	0.045906	0.033916	0.024323	0.024323	0.619048	
0.026786	0.029190	0.043613	0.021978	0.062843	0.166209	0.649382	
0.043613	0.074863	0.043613	0.033997	0.279190	0.038805	0.485920	
0.178912	0.026531	0.138435	0.019388	0.547959	0.036054	0.052721	
0.040914	0.499148	0.122059	0.028981	0.040914	0.215138	0.052847	
0.033754	0.176952	0.157859	0.021821	0.298670	0.196045	0.114899	
0.056172	0.417822	0.133842	0.029473	0.289182	0.039182	0.034327	
0.200344	0.352151	0.043718	0.038898	0.029260	0.291910	0.043718	
0.185440	0.197459	0.310440	0.043613	0.216690	0.024382	0.021978	
