0.160245	0.036140	0.040914	0.088646	0.597000	0.043300	0.033754	
0.029050	0.072112	0.129528	0.050581	0.655844	0.019481	0.043404	
0.051193	0.082670	0.056036	0.106883	0.588724	0.056036	0.058457	
0.033514	0.035884	0.064320	0.024035	0.033514	0.038253	0.770481	
0.061658	0.106469	0.033356	0.059299	0.196092	0.196092	0.347035	
0.042589	0.101274	0.101274	0.033199	0.181087	0.061368	0.479209	
0.281662	0.075988	0.042891	0.028707	0.023978	0.026342	0.520432	
0.035799	0.035799	0.267477	0.052347	0.033435	0.544073	0.031071	
0.160152	0.029402	0.441024	0.026980	0.046351	0.213421	0.082670	
0.737694	0.043718	0.043718	0.046127	0.026850	0.065404	0.036489	
0.739261	0.025974	0.140193	0.030636	0.021312	0.021312	0.021312	
0.354716	0.022191	0.051318	0.022191	0.029473	0.352288	0.167822	
0.034811	0.039409	0.181938	0.030213	0.108374	0.575041	0.030213	
0.028305	0.028305	0.165834	0.044622	0.025974	0.680986	0.025974	
0.145875	0.077800	0.037894	0.061368	0.192824	0.413481	0.070758	
0.019527	0.033916	0.060295	0.705379	0.031518	0.084275	0.065091	
0.021873	0.072112	0.031442	0.337662	0.452495	0.043404	0.041012	
0.036314	0.029120	0.033916	0.786913	0.036314	0.024323	0.053100	
0.031144	0.042993	0.332092	0.370007	0.026405	0.031144	0.166215	
0.028707	0.588990	0.175279	0.083080	0.033435	0.040527	0.049983	
0.031367	0.367883	0.212751	0.024207	0.071940	0.110126	0.181725	
0.126560	0.582871	0.061026	0.022191	0.048890	0.031900	0.126560	
0.034161	0.662181	0.036577	0.051070	0.084886	0.109041	0.022084	
0.083475	0.435019	0.249746	0.024092	0.073974	0.024092	0.109603	
