0.470279	0.001003	0.017623	0.000849	0.042777	0.042226	0.028151	0.076343	0.019208	0.125989	0.003156	0.007184	0.038476	0.011887	0.114850	
0.470534	0.003743	0.045063	0.002445	0.027655	0.031840	0.051146	0.059026	0.065969	0.069838	0.015083	0.035210	0.048067	0.040931	0.033450	
0.484614	0.002437	0.040603	0.001647	0.037642	0.032146	0.038066	0.090491	0.045792	0.085057	0.008040	0.046356	0.038461	0.026268	0.022382	
0.432058	0.002571	0.078529	0.005814	0.013280	0.043086	0.120706	0.038851	0.113461	0.021672	0.016731	0.034825	0.026697	0.038785	0.012936	
0.387956	0.004678	0.153438	0.001273	0.014390	0.011485	0.079778	0.054261	0.065134	0.023543	0.022896	0.042935	0.060517	0.063762	0.013955	
0.489585	0.004056	0.090744	0.003101	0.009307	0.023033	0.082741	0.034014	0.072817	0.033490	0.013032	0.027370	0.069828	0.036677	0.010204	
0.473214	0.000966	0.023758	0.004035	0.038280	0.047766	0.065766	0.093856	0.082887	0.073148	0.005567	0.053685	0.009946	0.022652	0.004473	
0.298913	0.002348	0.142520	0.001785	0.005275	0.029486	0.040282	0.011180	0.207867	0.027540	0.004270	0.018019	0.050392	0.150438	0.009685	
0.366277	0.001372	0.087471	0.006581	0.006290	0.052868	0.116064	0.014881	0.192759	0.011930	0.009976	0.024289	0.016139	0.084900	0.008203	
0.294016	0.000909	0.130571	0.002267	0.016125	0.038456	0.057299	0.035808	0.176153	0.042185	0.004335	0.020342	0.026808	0.119315	0.035411	
0.254259	0.001368	0.138998	0.001789	0.017266	0.036858	0.044663	0.035171	0.197236	0.040528	0.007233	0.025350	0.023630	0.144863	0.030788	
0.212067	0.005783	0.130065	0.002864	0.014063	0.031548	0.052631	0.014447	0.220867	0.014272	0.035312	0.045370	0.023479	0.180528	0.016705	
0.409596	0.001173	0.214020	0.000772	0.010040	0.007605	0.112559	0.076573	0.025402	0.013854	0.004361	0.034954	0.061651	0.018633	0.008809	
0.367853	0.004027	0.145191	0.001534	0.013201	0.017398	0.069399	0.045178	0.102057	0.026095	0.018140	0.037914	0.055554	0.084548	0.011911	
0.359514	0.004515	0.132252	0.000649	0.021669	0.015879	0.048422	0.059393	0.091543	0.041083	0.021226	0.045964	0.051705	0.090104	0.016081	
0.506053	0.002696	0.039456	0.001056	0.035547	0.027461	0.021666	0.088470	0.051213	0.085891	0.004114	0.047567	0.050340	0.033364	0.005105	
0.670191	0.006233	0.013199	0.000827	0.008505	0.009080	0.011539	0.019168	0.020454	0.077122	0.002900	0.011124	0.131086	0.012641	0.005929	
0.492525	0.001436	0.037893	0.001136	0.045315	0.032979	0.031908	0.113879	0.027447	0.096523	0.003617	0.053623	0.029924	0.012695	0.019101	
0.441563	0.002377	0.028948	0.003034	0.035228	0.043559	0.055168	0.068789	0.074392	0.082710	0.013373	0.033328	0.025017	0.038366	0.054149	
0.199623	0.011820	0.090403	0.001145	0.033817	0.015496	0.017638	0.039455	0.156438	0.032361	0.073074	0.083126	0.026033	0.190970	0.028601	
0.306211	0.010297	0.079089	0.002288	0.018587	0.018030	0.037207	0.012897	0.148315	0.026893	0.055749	0.056212	0.052210	0.152500	0.023516	
0.437706	0.001029	0.047506	0.005101	0.026037	0.049970	0.087534	0.064732	0.121743	0.049441	0.006861	0.042549	0.012086	0.042369	0.005336	
0.367173	0.003128	0.094041	0.000817	0.026700	0.026620	0.020040	0.061545	0.130031	0.060572	0.010165	0.043659	0.042083	0.105834	0.007593	
0.411917	0.003678	0.052534	0.003266	0.028749	0.037504	0.058912	0.059758	0.104459	0.057733	0.019706	0.045264	0.028350	0.065760	0.022411	
