0.086466	0.036227	0.753930	0.026658	0.038619	0.021873	0.036227	
0.023978	0.139818	0.492063	0.168186	0.085444	0.049983	0.040527	
0.024323	0.091470	0.508736	0.211374	0.081877	0.033916	0.048304	
0.036401	0.154190	0.017170	0.021978	0.033997	0.079670	0.656593	
0.092318	0.026280	0.033356	0.047507	0.033356	0.186658	0.580526	
0.184552	0.084074	0.021873	0.143882	0.031442	0.127136	0.407040	
0.071260	0.021614	0.035799	0.031071	0.075988	0.061803	0.702465	
0.354948	0.392773	0.045255	0.061803	0.054711	0.059439	0.031071	
0.297959	0.431293	0.024150	0.047959	0.024150	0.031293	0.143197	
0.637150	0.026980	0.041508	0.160152	0.043929	0.036666	0.053615	
0.781219	0.081918	0.018981	0.023643	0.016650	0.023643	0.053946	
0.410105	0.029617	0.024739	0.205226	0.036934	0.051568	0.241812	
0.226969	0.166222	0.208278	0.299399	0.033044	0.042390	0.023698	
0.102183	0.139220	0.021164	0.604497	0.032738	0.069775	0.030423	
0.049169	0.025914	0.025914	0.725914	0.046844	0.060797	0.065449	
0.016966	0.026468	0.028843	0.043095	0.812691	0.045470	0.026468	
0.021717	0.021717	0.026468	0.016966	0.857822	0.028843	0.026468	
0.031518	0.026721	0.026721	0.026721	0.547105	0.043508	0.297705	
0.352721	0.033673	0.205102	0.019388	0.214626	0.021769	0.152721	
0.021717	0.111978	0.035969	0.090601	0.142857	0.525280	0.071598	
0.187393	0.237753	0.026721	0.019527	0.053100	0.182597	0.292909	
0.043718	0.108778	0.026850	0.022031	0.036489	0.569019	0.193115	
0.029120	0.045906	0.043508	0.017129	0.045906	0.762933	0.055498	
0.026594	0.281964	0.019434	0.031367	0.026594	0.236618	0.377429	
