0.432005	0.004126	0.015895	0.000712	0.043684	0.054087	0.017907	0.184078	0.020015	0.177322	0.002680	0.007466	0.023515	0.012686	0.003821	
0.419451	0.004504	0.078312	0.001265	0.029192	0.043234	0.032099	0.115484	0.033515	0.110511	0.006798	0.023359	0.036262	0.057836	0.008177	
0.410830	0.005064	0.091561	0.001187	0.027388	0.046553	0.034033	0.114997	0.024617	0.109339	0.006215	0.026292	0.033274	0.064547	0.004105	
0.427075	0.004088	0.075166	0.008983	0.053948	0.039306	0.085693	0.030575	0.021323	0.025914	0.061002	0.071389	0.017950	0.074113	0.003475	
0.351948	0.004046	0.080988	0.005196	0.030732	0.040812	0.098946	0.019581	0.138370	0.014236	0.034573	0.063059	0.020866	0.084840	0.011808	
0.416436	0.003178	0.087609	0.006580	0.038879	0.030972	0.077569	0.025673	0.066506	0.022592	0.044271	0.061379	0.025177	0.073308	0.019869	
0.378805	0.002674	0.047935	0.005668	0.033968	0.036524	0.119443	0.020101	0.159802	0.016321	0.037871	0.073799	0.015250	0.048992	0.002846	
0.333419	0.003100	0.135326	0.000589	0.005204	0.023494	0.034667	0.023436	0.165676	0.020451	0.002524	0.019809	0.045503	0.117176	0.069625	
0.310604	0.004483	0.136218	0.002484	0.015767	0.033879	0.039367	0.020056	0.142822	0.014533	0.015737	0.025045	0.039003	0.137534	0.062467	
0.359557	0.000954	0.106937	0.001273	0.009005	0.011828	0.036654	0.016762	0.193383	0.016224	0.007403	0.019876	0.043929	0.089693	0.086523	
0.285354	0.004535	0.149695	0.000905	0.006059	0.032492	0.032438	0.016444	0.173655	0.010864	0.004736	0.016487	0.043640	0.149623	0.073073	
0.410837	0.000823	0.083564	0.004441	0.025829	0.014131	0.061638	0.015485	0.138949	0.015368	0.029484	0.044291	0.033425	0.063134	0.058601	
0.413150	0.003347	0.129591	0.000859	0.010719	0.025178	0.040228	0.054015	0.076547	0.052302	0.004228	0.032840	0.045323	0.081140	0.030533	
0.389944	0.005596	0.167438	0.000942	0.007926	0.035683	0.042131	0.048368	0.039662	0.044387	0.004746	0.038467	0.046469	0.115207	0.013034	
0.522993	0.001182	0.117456	0.000901	0.008873	0.009591	0.057315	0.059596	0.029649	0.063017	0.004487	0.053133	0.047402	0.019385	0.005020	
0.549479	0.000796	0.024272	0.000931	0.030089	0.007034	0.017421	0.097712	0.039576	0.101202	0.004826	0.011143	0.084595	0.019024	0.011900	
0.521487	0.002502	0.062390	0.000625	0.025260	0.017168	0.019242	0.098768	0.013104	0.100072	0.002578	0.016805	0.076706	0.040986	0.002307	
0.532111	0.001083	0.019514	0.000683	0.028591	0.011399	0.028973	0.097644	0.058953	0.100316	0.003058	0.015260	0.080145	0.017457	0.004813	
0.463632	0.000919	0.055122	0.003013	0.029589	0.012071	0.036620	0.053889	0.096907	0.054888	0.019458	0.025303	0.056172	0.048926	0.043490	
0.272173	0.008382	0.154686	0.002599	0.016786	0.061016	0.070219	0.030954	0.102347	0.020508	0.016304	0.044420	0.032262	0.163618	0.003727	
0.283836	0.007337	0.143258	0.003606	0.022473	0.054881	0.063286	0.026495	0.104991	0.017018	0.023410	0.041558	0.030617	0.156600	0.020637	
0.347173	0.003639	0.075082	0.003813	0.022605	0.040730	0.113713	0.022151	0.171935	0.017297	0.024870	0.067762	0.017902	0.068132	0.003196	
0.327412	0.002824	0.066011	0.001129	0.009462	0.037121	0.114276	0.027833	0.235718	0.023780	0.006121	0.058014	0.022288	0.057175	0.010835	
0.263313	0.005082	0.090442	0.000882	0.006603	0.051144	0.116789	0.021348	0.245490	0.013717	0.004356	0.056494	0.020378	0.098810	0.005155	
