0.404878	0.000854	0.016395	0.000925	0.025193	0.009063	0.031182	0.273056	0.022372	0.177254	0.003617	0.009567	0.008791	0.013017	0.003836	
0.468232	0.002511	0.074038	0.003423	0.012339	0.045346	0.071524	0.096792	0.049217	0.075503	0.012657	0.024942	0.038565	0.019768	0.005143	
0.428332	0.002571	0.065778	0.002241	0.014372	0.028208	0.070492	0.090056	0.095085	0.071003	0.009736	0.053483	0.035538	0.024493	0.008614	
0.492173	0.001895	0.027296	0.008671	0.012059	0.121298	0.145703	0.021284	0.041005	0.019473	0.034259	0.009520	0.012595	0.036263	0.016507	
0.469681	0.003726	0.089952	0.003396	0.023442	0.045021	0.058022	0.038400	0.059563	0.047799	0.017541	0.013341	0.051948	0.058373	0.019795	
0.469060	0.003670	0.087583	0.004582	0.011638	0.062125	0.081542	0.053508	0.048509	0.048193	0.020395	0.014278	0.041432	0.036676	0.016808	
0.430700	0.001627	0.026649	0.004098	0.015758	0.055106	0.120196	0.011822	0.147261	0.021436	0.016353	0.088247	0.023993	0.027368	0.009385	
0.294474	0.002869	0.167746	0.001059	0.012086	0.011169	0.042996	0.021317	0.167502	0.023291	0.009435	0.062606	0.046095	0.120490	0.016864	
0.385895	0.000791	0.119659	0.005958	0.007456	0.082127	0.100542	0.019522	0.091366	0.015597	0.022014	0.024280	0.025572	0.094921	0.004300	
0.295625	0.001112	0.166421	0.002767	0.011400	0.035939	0.052740	0.042848	0.134391	0.030543	0.012711	0.036897	0.033775	0.134952	0.007878	
0.268962	0.002817	0.168933	0.002269	0.019842	0.028696	0.039427	0.024825	0.147943	0.022051	0.017567	0.029830	0.036752	0.161840	0.028246	
0.248263	0.004932	0.115381	0.002333	0.024788	0.029460	0.061766	0.010651	0.185598	0.011434	0.025602	0.052784	0.023683	0.148878	0.054446	
0.329878	0.001895	0.160634	0.000760	0.010837	0.006873	0.031321	0.077409	0.124920	0.058933	0.003976	0.047211	0.046338	0.095675	0.003340	
0.434732	0.004642	0.178669	0.001097	0.010410	0.011778	0.018572	0.045623	0.065673	0.052306	0.007241	0.016052	0.075443	0.066326	0.011438	
0.363282	0.005281	0.136740	0.000998	0.016088	0.010204	0.035163	0.050388	0.116461	0.047829	0.013227	0.038909	0.052927	0.080885	0.031619	
0.644172	0.003080	0.022548	0.000872	0.055763	0.008737	0.016737	0.015484	0.027709	0.072075	0.004121	0.015137	0.090696	0.017261	0.005608	
0.634561	0.003505	0.048665	0.001283	0.044811	0.014646	0.021852	0.021152	0.018674	0.069631	0.004896	0.011361	0.090724	0.010374	0.003863	
0.511319	0.002446	0.028079	0.001265	0.039114	0.014206	0.034348	0.103472	0.049191	0.098998	0.006877	0.022857	0.051440	0.026383	0.010005	
0.399731	0.004541	0.051308	0.003557	0.035096	0.047239	0.062186	0.053986	0.086806	0.051265	0.026309	0.011530	0.029730	0.091316	0.045398	
0.193562	0.008355	0.073255	0.001020	0.042461	0.010269	0.046151	0.016286	0.217779	0.017190	0.034696	0.052973	0.015632	0.172357	0.098015	
0.256693	0.008618	0.092562	0.002380	0.040649	0.030025	0.039405	0.023914	0.147862	0.024774	0.038112	0.008388	0.025378	0.167070	0.094167	
0.454926	0.001891	0.024557	0.003100	0.022062	0.040700	0.102391	0.012465	0.141622	0.029701	0.012726	0.086495	0.034705	0.023872	0.008787	
0.374662	0.003158	0.061020	0.000672	0.020255	0.005483	0.070780	0.037706	0.176515	0.042032	0.007681	0.098776	0.038144	0.044507	0.018610	
0.368591	0.003468	0.043128	0.002732	0.027014	0.035274	0.082304	0.037900	0.147978	0.037666	0.019689	0.063982	0.024266	0.072249	0.033759	
