0.113052	0.062693	0.065091	0.033916	0.043508	0.060295	0.621446	
0.042891	0.031071	0.023978	0.310030	0.109085	0.026342	0.456602	
0.050460	0.060007	0.024207	0.174565	0.184112	0.031367	0.475281	
0.545796	0.029050	0.050581	0.179768	0.093643	0.067327	0.033835	
0.444782	0.033435	0.175279	0.031071	0.049983	0.132725	0.132725	
0.377695	0.125337	0.082884	0.155997	0.073450	0.120620	0.064016	
0.711922	0.031071	0.139818	0.023978	0.028707	0.028707	0.035799	
0.026342	0.196555	0.099629	0.378588	0.061803	0.210740	0.026342	
0.076897	0.041012	0.153452	0.619959	0.029050	0.062543	0.017088	
0.068308	0.036755	0.391123	0.036755	0.051318	0.342580	0.073162	
0.056673	0.019115	0.587190	0.129443	0.066063	0.122401	0.019115	
0.066202	0.034495	0.385714	0.022300	0.029617	0.434495	0.027178	
0.018849	0.030423	0.032738	0.287368	0.055886	0.535053	0.039683	
0.040431	0.172507	0.042790	0.153639	0.035714	0.505054	0.049865	
0.030565	0.058472	0.044518	0.114286	0.051495	0.523588	0.177076	
0.017129	0.084275	0.055498	0.110654	0.535115	0.033916	0.163412	
0.062393	0.102966	0.028981	0.091033	0.656666	0.021821	0.036140	
0.100820	0.031442	0.062543	0.036227	0.710868	0.021873	0.036227	
0.069720	0.029050	0.352016	0.167806	0.143882	0.019481	0.218045	
0.045470	0.508653	0.021717	0.138107	0.138107	0.054971	0.092976	
0.066689	0.360528	0.156737	0.133040	0.118822	0.125931	0.038253	
0.058599	0.192094	0.245492	0.213939	0.182386	0.022191	0.085298	
0.053356	0.419621	0.050947	0.046127	0.123236	0.099139	0.207573	
0.096497	0.089286	0.171016	0.421016	0.089286	0.019574	0.113324	
