0.140816	0.045578	0.128912	0.062245	0.026531	0.031293	0.564626	
0.028707	0.038163	0.023978	0.049983	0.071260	0.234380	0.553529	
0.044036	0.034327	0.022191	0.070735	0.133842	0.138696	0.556172	
0.596497	0.058036	0.019574	0.036401	0.046016	0.192651	0.050824	
0.312394	0.326579	0.035799	0.194191	0.028707	0.045255	0.057075	
0.398424	0.125043	0.122645	0.065091	0.084275	0.153820	0.050702	
0.746218	0.028571	0.021513	0.026218	0.030924	0.040336	0.106218	
0.040527	0.047619	0.158730	0.120905	0.054711	0.553529	0.023978	
0.206083	0.062543	0.026658	0.038619	0.026658	0.612782	0.026658	
0.231491	0.034411	0.311783	0.299618	0.034411	0.024678	0.063608	
0.095125	0.047732	0.403182	0.114083	0.064320	0.161476	0.114083	
0.246690	0.034495	0.254007	0.390592	0.019861	0.029617	0.024739	
0.030636	0.098235	0.023643	0.445554	0.042291	0.303363	0.056277	
0.025974	0.023643	0.023643	0.429237	0.072594	0.310356	0.114552	
0.028239	0.216611	0.030565	0.544518	0.037542	0.063123	0.079402	
0.029120	0.041110	0.060295	0.029120	0.762933	0.048304	0.029120	
0.084074	0.043404	0.021873	0.024265	0.696514	0.107997	0.021873	
0.079289	0.026658	0.064935	0.021873	0.629528	0.074504	0.103213	
0.159765	0.041408	0.232229	0.036577	0.374741	0.099379	0.055901	
0.024092	0.173736	0.321004	0.040719	0.176111	0.128605	0.135731	
0.140782	0.126254	0.300588	0.123833	0.111726	0.145624	0.051193	
0.114424	0.352288	0.022191	0.031900	0.245492	0.165395	0.068308	
0.031670	0.238898	0.246127	0.022031	0.231670	0.036489	0.193115	
0.050221	0.370886	0.076349	0.019342	0.111978	0.242620	0.128605	
