0.023978	0.075988	0.016886	0.021614	0.040527	0.019250	0.801756	
0.036054	0.283673	0.045578	0.438435	0.105102	0.059864	0.031293	
0.045687	0.733038	0.031367	0.071940	0.055234	0.026594	0.036140	
0.812245	0.024150	0.024150	0.040816	0.017007	0.059864	0.021769	
0.375337	0.059299	0.094677	0.127695	0.016846	0.292790	0.033356	
0.339201	0.071429	0.050102	0.050102	0.026405	0.433988	0.028775	
0.431293	0.024150	0.090816	0.045578	0.093197	0.276531	0.038435	
0.062245	0.036054	0.507483	0.252721	0.047959	0.045578	0.047959	
0.076897	0.019481	0.579289	0.069720	0.019481	0.062543	0.172591	
0.139373	0.105226	0.444251	0.127178	0.049129	0.029617	0.105226	
0.044831	0.030780	0.489796	0.051857	0.026096	0.178321	0.178321	
0.288153	0.022300	0.446690	0.051568	0.041812	0.051568	0.097909	
0.025974	0.037629	0.053946	0.592408	0.028305	0.070263	0.191475	
0.086986	0.037805	0.293075	0.482770	0.026096	0.040147	0.033121	
0.153821	0.046844	0.074751	0.604983	0.044518	0.039867	0.035216	
0.026468	0.040719	0.024092	0.035969	0.810316	0.035969	0.026468	
0.028981	0.024207	0.033754	0.043300	0.556427	0.286737	0.026594	
0.059580	0.182803	0.024035	0.019296	0.571429	0.031144	0.111713	
0.204130	0.028775	0.064320	0.026405	0.355789	0.026405	0.294177	
0.040816	0.109864	0.117007	0.093197	0.136054	0.467007	0.036054	
0.139034	0.219326	0.326382	0.034411	0.085506	0.165798	0.029545	
0.073162	0.036755	0.099861	0.078017	0.090153	0.585298	0.036755	
0.022031	0.046127	0.072633	0.058176	0.031670	0.636489	0.132874	
0.074504	0.026658	0.045796	0.045796	0.117567	0.476418	0.213260	
