0.464856	0.002870	0.031119	0.000777	0.042911	0.032476	0.026433	0.113848	0.057086	0.131564	0.004826	0.011126	0.030360	0.029580	0.020169	
0.422809	0.005122	0.038623	0.000787	0.041373	0.024102	0.044143	0.095837	0.075448	0.105096	0.015055	0.037800	0.023413	0.065797	0.004596	
0.478490	0.003704	0.024370	0.000654	0.046117	0.029367	0.030096	0.122122	0.034632	0.139683	0.007337	0.017228	0.029314	0.031772	0.005114	
0.448441	0.006375	0.053753	0.008106	0.019466	0.078796	0.132307	0.016129	0.036195	0.013739	0.025161	0.032897	0.011365	0.112350	0.004919	
0.383225	0.003994	0.104499	0.002470	0.020441	0.024344	0.070637	0.040659	0.108580	0.031014	0.020686	0.056072	0.039605	0.084832	0.008942	
0.457322	0.002910	0.043126	0.006203	0.017258	0.060077	0.137822	0.021542	0.114662	0.012523	0.012333	0.045880	0.011061	0.052825	0.004455	
0.476354	0.001037	0.015348	0.005907	0.015142	0.056914	0.153957	0.023381	0.161065	0.010261	0.003750	0.049914	0.006171	0.016763	0.004036	
0.426169	0.001819	0.169741	0.002723	0.026359	0.033802	0.052668	0.042281	0.039440	0.046331	0.016435	0.039376	0.040575	0.052429	0.009853	
0.357944	0.005392	0.151482	0.002859	0.027462	0.034799	0.050995	0.031815	0.063026	0.034765	0.027650	0.046506	0.031061	0.115660	0.018585	
0.228549	0.001488	0.084785	0.000983	0.009540	0.032083	0.016431	0.014141	0.309777	0.010829	0.007257	0.014914	0.036279	0.108558	0.124386	
0.303184	0.001238	0.053124	0.003402	0.008876	0.051516	0.059170	0.011721	0.268285	0.007820	0.004600	0.011987	0.025851	0.086174	0.103052	
0.314540	0.001477	0.179209	0.001933	0.015475	0.029241	0.033802	0.011889	0.157709	0.009956	0.016314	0.036922	0.043110	0.087646	0.060777	
0.432249	0.002693	0.120662	0.000640	0.038042	0.022356	0.025471	0.083997	0.040069	0.095797	0.013225	0.032642	0.038475	0.044933	0.008748	
0.359572	0.002502	0.258505	0.001582	0.022887	0.015769	0.034119	0.017520	0.038500	0.015978	0.027399	0.062164	0.051715	0.085733	0.006056	
0.372958	0.001052	0.248674	0.000948	0.022403	0.011223	0.030787	0.025877	0.057331	0.023726	0.021245	0.059613	0.054846	0.060354	0.008960	
0.492666	0.001743	0.045161	0.001470	0.017766	0.016560	0.030216	0.111675	0.030255	0.101588	0.007654	0.018261	0.089875	0.031162	0.003948	
0.503142	0.001281	0.019148	0.001134	0.014259	0.011276	0.029508	0.122261	0.044403	0.107063	0.004551	0.016827	0.099810	0.021531	0.003807	
0.517505	0.001149	0.015829	0.001437	0.012023	0.013909	0.022861	0.128767	0.023629	0.113361	0.003993	0.007633	0.110198	0.021517	0.006187	
0.444772	0.001983	0.030681	0.004017	0.015397	0.048320	0.066521	0.063682	0.105821	0.059328	0.006410	0.010346	0.050255	0.053035	0.039432	
0.179943	0.016965	0.125885	0.001645	0.035699	0.015051	0.028313	0.026069	0.064078	0.022636	0.067440	0.084696	0.021860	0.302274	0.007448	
0.260998	0.008245	0.131245	0.000774	0.024572	0.013409	0.017148	0.038764	0.121025	0.034167	0.036584	0.054979	0.045126	0.176027	0.036937	
0.318548	0.005649	0.066438	0.001988	0.023019	0.021088	0.090787	0.024104	0.200434	0.011656	0.023226	0.075165	0.011274	0.109506	0.017117	
0.356063	0.002954	0.038248	0.000721	0.021729	0.006324	0.104063	0.038335	0.244957	0.018897	0.012016	0.086384	0.013122	0.051995	0.004194	
0.365036	0.003901	0.056019	0.003380	0.019016	0.036266	0.099839	0.024333	0.182559	0.013802	0.016166	0.056562	0.015345	0.083293	0.024482	
