0.637360	0.001040	0.023479	0.000834	0.017184	0.031967	0.044416	0.085193	0.023928	0.084316	0.003365	0.009421	0.016487	0.016540	0.004470	
0.508401	0.005101	0.038142	0.001727	0.021307	0.024781	0.046415	0.089212	0.055919	0.085091	0.008386	0.021615	0.043083	0.040602	0.010220	
0.480289	0.007375	0.049241	0.000763	0.030593	0.014081	0.025122	0.096932	0.073109	0.091532	0.003165	0.033827	0.064055	0.025853	0.004062	
0.465517	0.001209	0.069650	0.010016	0.005780	0.084680	0.189376	0.019109	0.029181	0.016355	0.033575	0.008784	0.014445	0.041454	0.010870	
0.419613	0.000954	0.097208	0.005156	0.019351	0.051391	0.108937	0.033458	0.093924	0.030764	0.017941	0.041780	0.027559	0.043567	0.008395	
0.434838	0.000723	0.057185	0.006002	0.008363	0.053340	0.125123	0.053189	0.081508	0.049055	0.019820	0.037082	0.012710	0.054295	0.006766	
0.322468	0.000776	0.048577	0.004180	0.031979	0.067284	0.111271	0.011159	0.237629	0.009870	0.013154	0.114978	0.008282	0.015063	0.003332	
0.373772	0.001419	0.097860	0.001785	0.016766	0.026379	0.048278	0.049286	0.109266	0.047265	0.018924	0.030695	0.028007	0.113034	0.037265	
0.368717	0.000815	0.109965	0.003611	0.013032	0.039591	0.077849	0.031259	0.091679	0.029951	0.026586	0.018601	0.024076	0.121416	0.042851	
0.184491	0.001819	0.137445	0.000833	0.015666	0.016977	0.025121	0.025491	0.177645	0.024142	0.031841	0.038182	0.030730	0.211577	0.078038	
0.239806	0.001417	0.114701	0.000975	0.017472	0.023263	0.033655	0.029838	0.175327	0.028672	0.026699	0.046170	0.024764	0.173620	0.063621	
0.238142	0.000813	0.146769	0.002140	0.018753	0.028778	0.050439	0.014938	0.159751	0.013974	0.028776	0.040962	0.030603	0.165207	0.059956	
0.453057	0.001080	0.189732	0.001085	0.032270	0.016363	0.027427	0.033645	0.048423	0.032698	0.009666	0.012368	0.063724	0.059630	0.018831	
0.403365	0.001105	0.230246	0.001684	0.036876	0.017284	0.033146	0.016093	0.059516	0.015106	0.011714	0.017451	0.075011	0.061968	0.019437	
0.434789	0.001667	0.191375	0.001971	0.038968	0.024541	0.044355	0.024594	0.074474	0.023080	0.007049	0.033906	0.069265	0.024930	0.005035	
0.524266	0.010639	0.022750	0.000920	0.030973	0.011783	0.021285	0.116004	0.032613	0.109537	0.004119	0.013182	0.078361	0.018482	0.005086	
0.535813	0.011846	0.017617	0.000559	0.032661	0.007691	0.012614	0.124079	0.022968	0.117175	0.002907	0.008629	0.085810	0.014939	0.004691	
0.516289	0.009679	0.026359	0.001974	0.028648	0.020514	0.041003	0.105055	0.035066	0.098945	0.007156	0.014689	0.071404	0.018452	0.004767	
0.355995	0.004641	0.105580	0.002863	0.018003	0.025630	0.055114	0.053037	0.079025	0.049608	0.024416	0.012306	0.049526	0.121403	0.042853	
0.333521	0.004259	0.075731	0.001798	0.029740	0.032726	0.050986	0.045597	0.164918	0.042766	0.014545	0.065171	0.040653	0.072114	0.025476	
0.316463	0.003852	0.116284	0.002027	0.021519	0.023640	0.044029	0.043467	0.115746	0.040767	0.023128	0.028165	0.046759	0.128102	0.046052	
0.336279	0.001978	0.057387	0.001811	0.033804	0.043870	0.064963	0.035097	0.219736	0.033031	0.007661	0.103386	0.022448	0.030920	0.007630	
0.366763	0.000817	0.025488	0.000797	0.012798	0.015576	0.043440	0.096040	0.173758	0.090033	0.003214	0.083700	0.008476	0.074586	0.004514	
0.408326	0.001239	0.054717	0.004381	0.020432	0.055338	0.103832	0.037091	0.136273	0.034889	0.016363	0.061160	0.015151	0.040564	0.010241	
