0.387897	0.002444	0.054258	0.001501	0.046303	0.013532	0.021595	0.146939	0.018823	0.145790	0.013259	0.025105	0.077406	0.024568	0.020580	
0.566993	0.010451	0.027122	0.000887	0.020963	0.029039	0.012161	0.095875	0.029643	0.093881	0.017115	0.010423	0.056932	0.023553	0.004964	
0.462459	0.005792	0.051391	0.001359	0.030603	0.024037	0.036038	0.104052	0.046294	0.100974	0.011996	0.027872	0.056550	0.032291	0.008293	
0.562805	0.003637	0.033627	0.005569	0.020031	0.063508	0.078930	0.010799	0.039181	0.011074	0.040064	0.017510	0.005835	0.040084	0.067348	
0.375695	0.000825	0.089061	0.001910	0.023499	0.007828	0.063234	0.027669	0.145950	0.023445	0.029758	0.048431	0.026302	0.079064	0.057330	
0.386551	0.001031	0.065922	0.002939	0.015484	0.027027	0.112373	0.021053	0.152649	0.012187	0.023916	0.055188	0.012373	0.067098	0.044208	
0.340132	0.000956	0.071380	0.003430	0.009014	0.042614	0.149046	0.022696	0.175314	0.010074	0.009261	0.065419	0.010196	0.074488	0.015980	
0.457304	0.006346	0.094737	0.003492	0.008925	0.056628	0.053415	0.013340	0.111867	0.012897	0.015706	0.025083	0.030018	0.094759	0.015484	
0.364636	0.001376	0.090830	0.009179	0.006945	0.128349	0.135081	0.009340	0.081836	0.009133	0.006233	0.018427	0.021825	0.105946	0.010867	
0.234610	0.000989	0.147044	0.003557	0.012503	0.042379	0.050169	0.024884	0.184372	0.024698	0.012081	0.033176	0.054936	0.148315	0.026289	
0.232846	0.000994	0.150725	0.004055	0.008924	0.049575	0.056126	0.012292	0.192622	0.012309	0.012596	0.032098	0.050887	0.156516	0.027436	
0.308673	0.000793	0.131732	0.002181	0.018723	0.009250	0.019875	0.009224	0.178744	0.010634	0.034193	0.032629	0.043831	0.130670	0.068846	
0.477870	0.001282	0.145545	0.000943	0.054015	0.010379	0.028158	0.050180	0.032143	0.053532	0.004153	0.067736	0.018793	0.049772	0.005499	
0.421523	0.002885	0.149651	0.000938	0.036664	0.013742	0.020739	0.034422	0.093431	0.036768	0.007250	0.055292	0.031023	0.086890	0.008782	
0.408488	0.004377	0.139947	0.000781	0.026156	0.015663	0.022755	0.030652	0.122275	0.031150	0.008161	0.049082	0.036308	0.097346	0.006858	
0.469515	0.005652	0.049466	0.000960	0.038994	0.016891	0.015402	0.126775	0.016973	0.125603	0.012558	0.023399	0.066901	0.021103	0.009809	
0.446173	0.005999	0.030204	0.002527	0.025045	0.041398	0.052799	0.114736	0.041802	0.110395	0.011482	0.017731	0.062901	0.030097	0.006709	
0.413652	0.002853	0.039270	0.004216	0.033354	0.052595	0.055595	0.114183	0.018047	0.113200	0.016701	0.013185	0.062773	0.034498	0.025875	
0.539726	0.004309	0.021346	0.002434	0.032327	0.014309	0.014762	0.068669	0.029915	0.069803	0.047742	0.009350	0.040989	0.023242	0.081076	
0.343670	0.004140	0.072870	0.000755	0.020440	0.013106	0.059672	0.089584	0.132986	0.081869	0.007723	0.042672	0.058167	0.066578	0.005768	
0.404363	0.004920	0.106306	0.001375	0.016540	0.019365	0.031206	0.030566	0.138993	0.029064	0.018892	0.035687	0.040567	0.096055	0.026099	
0.355211	0.000882	0.121287	0.002653	0.026593	0.033096	0.083982	0.034020	0.126001	0.030197	0.005551	0.060070	0.024472	0.085589	0.010396	
0.357474	0.001208	0.090296	0.000979	0.019663	0.007446	0.110967	0.032184	0.173616	0.020931	0.010240	0.075644	0.014041	0.068049	0.017261	
0.453829	0.005453	0.062427	0.002875	0.008872	0.046941	0.099112	0.028423	0.123906	0.020770	0.011977	0.043633	0.019046	0.063876	0.008860	
