0.024092	0.024092	0.824567	0.033593	0.019342	0.024092	0.050221	
0.038712	0.134635	0.033916	0.033916	0.101062	0.048304	0.609455	
0.062693	0.050702	0.024323	0.125043	0.050702	0.050702	0.635834	
0.064935	0.230007	0.033835	0.017088	0.165414	0.378332	0.110390	
0.157109	0.081099	0.026468	0.024092	0.249746	0.292501	0.168985	
0.166610	0.109603	0.050221	0.021717	0.078724	0.323380	0.249746	
0.226218	0.099160	0.030924	0.019160	0.028571	0.525042	0.070924	
0.165414	0.514696	0.072112	0.026658	0.143882	0.026658	0.050581	
0.070224	0.730465	0.031670	0.022031	0.029260	0.029260	0.087091	
0.448036	0.029545	0.199861	0.027112	0.139034	0.051442	0.104970	
0.415251	0.151848	0.221778	0.023643	0.032967	0.114552	0.039960	
0.413552	0.044359	0.166608	0.034579	0.291303	0.027244	0.022354	
0.060797	0.207309	0.051495	0.035216	0.391030	0.107309	0.146844	
0.045042	0.207395	0.028571	0.033277	0.470924	0.160336	0.054454	
0.147876	0.044831	0.028438	0.044831	0.428906	0.068250	0.236869	
0.048189	0.019481	0.021873	0.763500	0.041012	0.069720	0.036227	
0.021821	0.064780	0.033754	0.429935	0.028981	0.303444	0.117286	
0.062245	0.026531	0.219388	0.557483	0.031293	0.069388	0.033673	
0.045796	0.062543	0.684552	0.093643	0.036227	0.033835	0.043404	
0.416016	0.149983	0.021717	0.109603	0.171361	0.026468	0.104852	
0.369647	0.151422	0.055498	0.096266	0.161014	0.132237	0.033916	
0.407573	0.176248	0.055766	0.019621	0.072633	0.171429	0.096730	
0.298890	0.036755	0.046463	0.029473	0.065881	0.473648	0.048890	
0.187988	0.446895	0.123855	0.038344	0.114354	0.069223	0.019342	
