0.066532	0.021614	0.021614	0.059439	0.045255	0.019250	0.766295	
0.057075	0.210740	0.038163	0.482607	0.059439	0.071260	0.080716	
0.026721	0.117849	0.101062	0.647825	0.043508	0.033916	0.029120	
0.526531	0.128912	0.138435	0.040816	0.026531	0.067007	0.071769	
0.417400	0.033514	0.033514	0.189912	0.042993	0.246784	0.035884	
0.387513	0.085850	0.111978	0.287750	0.035969	0.057346	0.033593	
0.541513	0.056807	0.221513	0.035630	0.028571	0.040336	0.075630	
0.023866	0.480336	0.188571	0.028571	0.068571	0.134454	0.075630	
0.028912	0.805102	0.067007	0.019388	0.026531	0.026531	0.026531	
0.046576	0.031978	0.513730	0.034411	0.056309	0.119569	0.197428	
0.047507	0.167790	0.476752	0.040431	0.021563	0.028639	0.217318	
0.027244	0.056584	0.442892	0.027244	0.029689	0.281523	0.134824	
0.114021	0.239311	0.025853	0.030494	0.032814	0.503812	0.053696	
0.061513	0.205042	0.056807	0.235630	0.023866	0.365042	0.052101	
0.035381	0.033044	0.135848	0.255007	0.040053	0.479306	0.021362	
0.024265	0.019481	0.033835	0.029050	0.813739	0.036227	0.043404	
0.179339	0.052847	0.017047	0.239004	0.453802	0.021821	0.036140	
0.033514	0.028775	0.061950	0.033514	0.739675	0.035884	0.066689	
0.033835	0.055366	0.038619	0.033835	0.052973	0.033835	0.751538	
0.047959	0.183673	0.417007	0.050340	0.138435	0.133673	0.028912	
0.074683	0.161014	0.364851	0.086674	0.120247	0.149024	0.043508	
0.333683	0.093487	0.377801	0.039566	0.024860	0.073880	0.056723	
0.134959	0.053228	0.269574	0.344093	0.041209	0.113324	0.043613	
0.300574	0.246201	0.201283	0.064168	0.035799	0.080716	0.071260	
