0.019481	0.785031	0.036227	0.021873	0.041012	0.074504	0.021873	
0.048189	0.488380	0.036227	0.131921	0.060150	0.119959	0.115174	
0.041209	0.433036	0.026786	0.267170	0.024382	0.082074	0.125343	
0.029120	0.108256	0.045906	0.060295	0.024323	0.158616	0.573484	
0.269841	0.033435	0.097264	0.097264	0.057075	0.028707	0.416413	
0.052596	0.038344	0.221242	0.157109	0.035969	0.076349	0.418392	
0.350924	0.019160	0.030924	0.037983	0.117983	0.021513	0.421513	
0.056807	0.021513	0.426218	0.099160	0.040336	0.332101	0.023866	
0.036489	0.043718	0.494320	0.034079	0.026850	0.313597	0.050947	
0.036666	0.036666	0.717053	0.026980	0.058457	0.053615	0.070564	
0.051376	0.025853	0.701028	0.023533	0.028174	0.148823	0.021213	
0.039373	0.027178	0.551568	0.093031	0.019861	0.024739	0.244251	
0.016573	0.162744	0.181306	0.455088	0.030494	0.132582	0.021213	
0.023643	0.021312	0.168165	0.433899	0.025974	0.074925	0.252081	
0.121262	0.028239	0.030565	0.688704	0.051495	0.042193	0.037542	
0.024207	0.181725	0.060007	0.021821	0.632799	0.036140	0.043300	
0.024092	0.138107	0.019342	0.230743	0.411266	0.149983	0.026468	
0.054841	0.031144	0.016926	0.019296	0.787068	0.061950	0.028775	
0.016926	0.045362	0.438727	0.024035	0.348680	0.042993	0.083277	
0.159484	0.021717	0.047845	0.078724	0.119104	0.085850	0.487275	
0.206083	0.048189	0.182160	0.019481	0.043404	0.091251	0.409433	
0.407573	0.024441	0.062995	0.108778	0.019621	0.099139	0.277453	
0.575520	0.124446	0.045687	0.102966	0.033754	0.031367	0.086260	
0.522905	0.019342	0.043095	0.033593	0.035969	0.318629	0.026468	
