0.497214	0.001166	0.015810	0.001470	0.036713	0.012733	0.032075	0.066246	0.018832	0.096505	0.058835	0.008701	0.013737	0.011319	0.128645	
0.467747	0.009925	0.042086	0.004912	0.035680	0.040245	0.037134	0.105790	0.048598	0.099997	0.025843	0.023802	0.021722	0.027937	0.008584	
0.506951	0.013173	0.019172	0.005772	0.040845	0.043504	0.015310	0.133672	0.018285	0.128644	0.033754	0.009365	0.013504	0.010961	0.007088	
0.415043	0.004644	0.063302	0.004188	0.032859	0.042923	0.088221	0.062450	0.069054	0.066227	0.024511	0.028014	0.019213	0.045668	0.033684	
0.360179	0.002694	0.054739	0.005589	0.029920	0.055682	0.168448	0.034027	0.111709	0.027487	0.007605	0.056465	0.022392	0.053280	0.009783	
0.357581	0.002764	0.050167	0.004865	0.028336	0.054343	0.145524	0.037346	0.114119	0.036907	0.015962	0.041251	0.014774	0.069194	0.026867	
0.357809	0.001150	0.033674	0.008553	0.038552	0.082753	0.276625	0.015495	0.072451	0.015054	0.005203	0.047472	0.013618	0.022975	0.008617	
0.317455	0.001641	0.128172	0.000997	0.007998	0.043239	0.052497	0.030972	0.162889	0.027780	0.006141	0.012578	0.044474	0.155307	0.007859	
0.322483	0.001870	0.134210	0.001932	0.017135	0.045258	0.071755	0.030789	0.137905	0.031918	0.010521	0.020203	0.030389	0.127367	0.016265	
0.320062	0.001160	0.137541	0.000893	0.013782	0.037680	0.050189	0.028615	0.149627	0.030855	0.012323	0.020476	0.033772	0.138081	0.024945	
0.260404	0.001078	0.146129	0.000836	0.006311	0.049031	0.062462	0.017086	0.196384	0.015183	0.005450	0.015422	0.029006	0.185251	0.009968	
0.371751	0.001517	0.142055	0.001583	0.027328	0.027716	0.050907	0.038236	0.093750	0.045677	0.019823	0.035883	0.027819	0.075597	0.040358	
0.390094	0.001998	0.189676	0.001455	0.030755	0.023096	0.033889	0.042772	0.065918	0.048057	0.013586	0.039430	0.039328	0.057643	0.022305	
0.367650	0.001606	0.243195	0.000948	0.029683	0.021082	0.024390	0.034932	0.072038	0.036699	0.004263	0.046690	0.046867	0.066787	0.003171	
0.387833	0.001307	0.260934	0.001217	0.036670	0.013999	0.028589	0.034682	0.046366	0.036921	0.003669	0.063274	0.048044	0.032073	0.004421	
0.567088	0.003810	0.015830	0.001775	0.014592	0.013644	0.017517	0.090511	0.034450	0.079203	0.010858	0.014561	0.109368	0.019360	0.007434	
0.602875	0.002119	0.014943	0.001218	0.010676	0.009218	0.018947	0.086738	0.014691	0.075597	0.006621	0.006667	0.134748	0.009581	0.005360	
0.525236	0.002162	0.029070	0.001168	0.011105	0.009451	0.027143	0.072590	0.072747	0.057982	0.005260	0.034810	0.108393	0.035815	0.007068	
0.484063	0.003113	0.034199	0.001711	0.033170	0.016540	0.019369	0.074641	0.036034	0.094270	0.047963	0.011992	0.021878	0.026874	0.094181	
0.383839	0.006749	0.059464	0.003032	0.025859	0.026800	0.036166	0.073182	0.138037	0.060709	0.017434	0.063450	0.019705	0.071114	0.014462	
0.375395	0.003041	0.087312	0.001126	0.019477	0.018279	0.026024	0.051576	0.142583	0.046564	0.017552	0.054379	0.034144	0.089431	0.033116	
0.339751	0.004208	0.058423	0.001795	0.017278	0.019182	0.041665	0.051093	0.193519	0.034276	0.011250	0.083691	0.025567	0.099677	0.018625	
0.274581	0.005555	0.027684	0.001384	0.008956	0.013526	0.029539	0.049655	0.287478	0.017213	0.004615	0.120807	0.014003	0.139611	0.005393	
0.327210	0.004999	0.072252	0.003468	0.020281	0.047999	0.082227	0.050020	0.158986	0.041678	0.012634	0.040493	0.014933	0.113705	0.009115	
