0.458290	0.000949	0.019861	0.000931	0.015102	0.097664	0.070494	0.140037	0.026384	0.116442	0.004345	0.009403	0.015590	0.017888	0.006621	
0.525436	0.003558	0.090683	0.000973	0.024331	0.023244	0.028864	0.083985	0.021624	0.074780	0.012215	0.036337	0.053455	0.013298	0.007217	
0.534533	0.004818	0.070338	0.000826	0.018630	0.020989	0.027550	0.099133	0.020484	0.083481	0.009251	0.047986	0.042519	0.013549	0.005912	
0.505693	0.001413	0.017840	0.005709	0.024994	0.040311	0.075822	0.048025	0.053454	0.053289	0.027310	0.046162	0.032335	0.021966	0.045679	
0.333822	0.003258	0.123568	0.003319	0.038747	0.029585	0.077831	0.028306	0.122336	0.025843	0.024621	0.039171	0.045916	0.075336	0.028341	
0.424986	0.003264	0.086360	0.003528	0.028754	0.025027	0.060683	0.044791	0.086436	0.042726	0.021959	0.046165	0.041947	0.053322	0.030054	
0.445540	0.004316	0.030649	0.006838	0.028069	0.031160	0.080430	0.055849	0.064854	0.041597	0.033009	0.082285	0.009916	0.029567	0.055922	
0.311118	0.005083	0.114271	0.001974	0.014659	0.023380	0.043853	0.057254	0.151363	0.043365	0.010849	0.053346	0.025329	0.119577	0.024578	
0.372711	0.001012	0.099183	0.003557	0.016310	0.034903	0.044489	0.030571	0.130906	0.038139	0.017178	0.028331	0.041508	0.103298	0.037904	
0.301392	0.001124	0.101587	0.004359	0.021373	0.058992	0.064338	0.047892	0.134233	0.039705	0.021063	0.034313	0.021035	0.103996	0.044599	
0.280733	0.001106	0.139909	0.000841	0.007507	0.047774	0.027558	0.050669	0.170302	0.049642	0.003786	0.010446	0.038991	0.149822	0.020912	
0.335318	0.001889	0.156631	0.004135	0.034992	0.029102	0.047604	0.023516	0.109969	0.019386	0.027789	0.040390	0.046455	0.081935	0.040890	
0.397487	0.001932	0.120681	0.001237	0.027363	0.054278	0.044535	0.083398	0.062363	0.067810	0.013216	0.021114	0.042017	0.049238	0.013332	
0.374853	0.001235	0.223279	0.000777	0.041208	0.015311	0.015554	0.021810	0.083878	0.024741	0.019920	0.010986	0.084960	0.069033	0.012457	
0.421144	0.003588	0.156450	0.000633	0.033759	0.019993	0.029921	0.061159	0.061808	0.050788	0.015198	0.031359	0.061494	0.045584	0.007122	
0.524591	0.002277	0.061273	0.001012	0.012088	0.012642	0.031233	0.048247	0.081135	0.065200	0.006695	0.020841	0.063864	0.058764	0.010139	
0.555805	0.003789	0.031708	0.000664	0.009362	0.005840	0.037304	0.059717	0.074941	0.074177	0.003926	0.030905	0.058797	0.048546	0.004518	
0.495467	0.003594	0.023521	0.000701	0.010609	0.029621	0.057250	0.075820	0.087643	0.081019	0.003148	0.026983	0.043742	0.056272	0.004610	
0.463444	0.001839	0.041543	0.004479	0.025047	0.041638	0.072484	0.052462	0.070408	0.054220	0.022887	0.040114	0.034525	0.038279	0.036630	
0.276293	0.007576	0.083750	0.000563	0.023743	0.006172	0.094220	0.032821	0.209266	0.033023	0.006872	0.049504	0.037655	0.134293	0.004251	
0.269455	0.005529	0.094176	0.003973	0.037628	0.019277	0.108574	0.012971	0.181781	0.012129	0.024980	0.057179	0.032439	0.107723	0.032187	
0.299898	0.006264	0.036928	0.003421	0.023674	0.016690	0.114170	0.021620	0.202354	0.027086	0.016271	0.058089	0.024535	0.121958	0.027043	
0.402180	0.008346	0.058105	0.000821	0.008868	0.011808	0.045833	0.097632	0.110715	0.071804	0.004031	0.075427	0.014057	0.081228	0.009144	
0.277297	0.006849	0.045499	0.000555	0.017003	0.022914	0.106378	0.044930	0.216677	0.046596	0.002808	0.041430	0.027958	0.139204	0.003904	
