0.497460	0.000867	0.105816	0.000758	0.036367	0.043739	0.065454	0.090487	0.026038	0.073360	0.006444	0.016264	0.011526	0.019130	0.006291	
0.528288	0.001339	0.033857	0.001496	0.048834	0.023001	0.016672	0.121451	0.037409	0.099218	0.012085	0.024379	0.014998	0.028760	0.008213	
0.495112	0.004719	0.042565	0.002788	0.035927	0.021802	0.018401	0.100896	0.023590	0.102803	0.015168	0.022999	0.041216	0.055889	0.016125	
0.374074	0.004290	0.104051	0.005820	0.013543	0.040665	0.044238	0.037754	0.052478	0.018925	0.028419	0.038007	0.035523	0.156108	0.046102	
0.397075	0.004200	0.120182	0.005693	0.015424	0.027527	0.073837	0.039873	0.111190	0.019575	0.029975	0.057863	0.042167	0.049001	0.006418	
0.387091	0.005259	0.075602	0.008060	0.016931	0.027871	0.028133	0.044525	0.064334	0.015934	0.038861	0.055372	0.037946	0.153867	0.040212	
0.348617	0.000851	0.061215	0.000852	0.032072	0.038419	0.141711	0.011285	0.241087	0.007747	0.004003	0.081255	0.009545	0.016277	0.005064	
0.386209	0.001792	0.115798	0.001806	0.020050	0.042140	0.066946	0.047436	0.094156	0.035716	0.013130	0.029505	0.029743	0.086571	0.029003	
0.345390	0.000875	0.152190	0.000808	0.012318	0.071557	0.093381	0.019161	0.050537	0.012181	0.004106	0.011195	0.013533	0.155733	0.057035	
0.279728	0.001373	0.111485	0.000729	0.009181	0.017787	0.049571	0.026938	0.239144	0.019675	0.018308	0.047563	0.062659	0.085315	0.030543	
0.315093	0.000902	0.164758	0.000784	0.006751	0.037620	0.087011	0.021372	0.177728	0.010163	0.014316	0.037044	0.046844	0.058968	0.020643	
0.287453	0.001189	0.115797	0.000965	0.011079	0.013515	0.072118	0.022617	0.273781	0.012270	0.019296	0.062703	0.060404	0.035440	0.011374	
0.413791	0.001961	0.217163	0.002342	0.008047	0.064152	0.126316	0.029141	0.033100	0.015670	0.011681	0.019471	0.023908	0.027410	0.005848	
0.399615	0.002046	0.155852	0.002391	0.014934	0.048314	0.086236	0.042148	0.069899	0.027903	0.014744	0.026972	0.029621	0.061105	0.018218	
0.373752	0.001590	0.143840	0.001498	0.014728	0.029992	0.073184	0.046067	0.146294	0.032450	0.016734	0.037337	0.045678	0.028874	0.007983	
0.490391	0.008797	0.020355	0.000874	0.030112	0.010205	0.015171	0.101327	0.025943	0.157390	0.004461	0.009992	0.083509	0.029591	0.011882	
0.491430	0.008569	0.028278	0.002860	0.029277	0.008770	0.015403	0.097773	0.028198	0.135678	0.013830	0.022307	0.076809	0.032584	0.008233	
0.458834	0.007777	0.026981	0.000721	0.028468	0.014376	0.028850	0.086220	0.057757	0.136200	0.004168	0.017482	0.076358	0.039971	0.015838	
0.369762	0.004742	0.023194	0.000739	0.025543	0.036714	0.026102	0.054104	0.073449	0.081527	0.003880	0.017186	0.046153	0.172490	0.064416	
0.433970	0.004947	0.063097	0.005453	0.025244	0.021558	0.026384	0.070145	0.062856	0.056035	0.028219	0.043682	0.042900	0.092192	0.023318	
0.377141	0.005386	0.062050	0.003354	0.017951	0.021140	0.022823	0.055900	0.097133	0.064521	0.020442	0.033651	0.061230	0.119009	0.038269	
0.331860	0.000938	0.041096	0.000713	0.030196	0.034056	0.083594	0.027572	0.209088	0.022748	0.007092	0.061049	0.019888	0.095380	0.034729	
0.382242	0.004379	0.063505	0.006415	0.023262	0.020567	0.071568	0.034585	0.155673	0.013230	0.031504	0.079040	0.034671	0.067590	0.011770	
0.356206	0.001076	0.054687	0.000821	0.029976	0.042603	0.081556	0.034001	0.155282	0.028880	0.005681	0.047953	0.014799	0.107414	0.039063	
