0.028981	0.685305	0.026594	0.038527	0.017047	0.124446	0.079100	
0.068896	0.390409	0.099629	0.196555	0.187099	0.028707	0.028707	
0.038805	0.433036	0.046016	0.168613	0.154190	0.070055	0.089286	
0.357483	0.033673	0.059864	0.374150	0.028912	0.124150	0.021769	
0.608827	0.080526	0.035714	0.021563	0.094677	0.047507	0.111186	
0.489650	0.026468	0.040719	0.095351	0.214116	0.100102	0.033593	
0.364404	0.021614	0.031071	0.026342	0.026342	0.165822	0.364404	
0.073624	0.090172	0.033435	0.262749	0.094900	0.326579	0.118541	
0.046690	0.078397	0.044251	0.419861	0.032056	0.261324	0.117422	
0.029545	0.041710	0.044143	0.019812	0.078206	0.535627	0.250956	
0.077618	0.021412	0.054199	0.112747	0.019070	0.405487	0.309468	
0.098149	0.071254	0.037024	0.098149	0.029689	0.440447	0.225288	
0.028174	0.209148	0.079218	0.083858	0.037454	0.480610	0.081538	
0.025974	0.137862	0.060939	0.165834	0.060939	0.517816	0.030636	
0.045042	0.134454	0.040336	0.045042	0.125042	0.463866	0.146218	
0.031218	0.033593	0.810316	0.035969	0.026468	0.035969	0.026468	
0.074327	0.040914	0.713945	0.036140	0.079100	0.028981	0.026594	
0.021978	0.171016	0.558036	0.137363	0.038805	0.029190	0.043613	
0.173324	0.182803	0.178064	0.050102	0.050102	0.019296	0.346310	
0.470648	0.069223	0.071598	0.081099	0.199864	0.040719	0.066848	
0.019296	0.031144	0.066689	0.047732	0.647258	0.031144	0.156737	
0.514910	0.022191	0.029473	0.206657	0.019764	0.027046	0.179958	
0.508778	0.096730	0.019621	0.077453	0.147332	0.043718	0.106368	
0.268748	0.064472	0.043095	0.318629	0.024092	0.066848	0.214116	
