0.419154	0.000828	0.090963	0.001084	0.028476	0.028034	0.027738	0.136063	0.056077	0.092574	0.008463	0.023053	0.030363	0.031872	0.025259	
0.420145	0.001908	0.027508	0.000723	0.009134	0.024294	0.013368	0.242667	0.041091	0.152591	0.004139	0.016951	0.012089	0.029247	0.004147	
0.403435	0.002530	0.054931	0.000728	0.015706	0.023180	0.021136	0.188979	0.059823	0.122373	0.008095	0.026738	0.019422	0.045528	0.007394	
0.452436	0.001147	0.070757	0.006334	0.016965	0.052896	0.157672	0.014575	0.047045	0.018908	0.040080	0.022382	0.020840	0.072403	0.005558	
0.377669	0.004552	0.087673	0.006505	0.027203	0.039222	0.104684	0.031277	0.127354	0.023249	0.009380	0.062569	0.016696	0.077168	0.004798	
0.384760	0.004052	0.068469	0.007200	0.017384	0.048539	0.129142	0.018015	0.127055	0.016777	0.017835	0.051621	0.014155	0.084973	0.010022	
0.498127	0.001049	0.034767	0.012958	0.024341	0.068231	0.184540	0.012330	0.077015	0.010515	0.004121	0.038752	0.009526	0.018571	0.005157	
0.393428	0.001792	0.089527	0.000706	0.015653	0.037090	0.058544	0.039084	0.100433	0.046571	0.028707	0.017342	0.045606	0.081744	0.043772	
0.359136	0.001474	0.118841	0.000759	0.008490	0.044252	0.149301	0.012136	0.039280	0.012761	0.078080	0.014987	0.012780	0.139685	0.008038	
0.307276	0.002470	0.095402	0.000940	0.009070	0.047428	0.039546	0.013884	0.193364	0.027812	0.016608	0.025019	0.038974	0.098811	0.083396	
0.320046	0.001001	0.090544	0.000839	0.008448	0.053646	0.024784	0.011474	0.203045	0.030699	0.009296	0.012100	0.046882	0.079227	0.107968	
0.307094	0.004145	0.101820	0.001711	0.014972	0.039087	0.050716	0.015442	0.183556	0.024739	0.016693	0.043844	0.033611	0.107763	0.054808	
0.435408	0.001029	0.193980	0.000969	0.071587	0.009570	0.021364	0.056342	0.030207	0.042962	0.004239	0.055968	0.049363	0.019670	0.007342	
0.372966	0.004453	0.155616	0.001090	0.051159	0.010398	0.022928	0.048205	0.100947	0.041172	0.004997	0.068839	0.043946	0.067254	0.006030	
0.452475	0.001322	0.153794	0.002447	0.058811	0.018587	0.040575	0.047147	0.045204	0.042614	0.004053	0.048501	0.050510	0.022787	0.011174	
0.591390	0.002499	0.051910	0.000759	0.036684	0.008224	0.012024	0.051957	0.016079	0.088120	0.002647	0.016505	0.106719	0.010986	0.003496	
0.604008	0.003046	0.030158	0.000649	0.025124	0.012318	0.032853	0.015071	0.022014	0.075872	0.015408	0.007539	0.117063	0.034002	0.004876	
0.495057	0.001672	0.055434	0.001311	0.021948	0.024568	0.046067	0.097858	0.030941	0.089204	0.017284	0.013746	0.057265	0.037994	0.009651	
0.459327	0.001677	0.060857	0.001653	0.017272	0.037745	0.038316	0.008102	0.117550	0.047065	0.010569	0.010361	0.077048	0.052513	0.059945	
0.376680	0.007669	0.061213	0.001247	0.018055	0.012255	0.018990	0.059384	0.153883	0.066037	0.003140	0.062325	0.055461	0.099496	0.004164	
0.320606	0.007387	0.085278	0.000722	0.013716	0.020850	0.036885	0.017772	0.182687	0.036389	0.016937	0.060710	0.047832	0.129969	0.022259	
0.227413	0.008927	0.114076	0.000917	0.014637	0.019976	0.046542	0.034138	0.213176	0.026313	0.020500	0.084400	0.016206	0.161163	0.011616	
0.275302	0.009001	0.090291	0.003599	0.019254	0.022282	0.051378	0.039062	0.211896	0.031304	0.002659	0.089850	0.019662	0.129551	0.004910	
0.359701	0.006673	0.070364	0.002266	0.013853	0.025694	0.056424	0.017263	0.161694	0.036603	0.015911	0.055575	0.047475	0.114075	0.016427	
