0.439941	0.001491	0.014099	0.000643	0.035756	0.075156	0.038777	0.165900	0.019963	0.146178	0.002285	0.006115	0.008810	0.017089	0.027798	
0.556417	0.009361	0.031300	0.001174	0.024360	0.039258	0.035001	0.115424	0.031391	0.086627	0.005580	0.012433	0.022471	0.022397	0.006806	
0.477917	0.002937	0.020707	0.000996	0.028799	0.056264	0.019049	0.163247	0.020565	0.128615	0.004176	0.010435	0.045862	0.014777	0.005655	
0.457802	0.000956	0.068227	0.012104	0.013208	0.069961	0.149804	0.016328	0.055585	0.015114	0.062542	0.038931	0.010644	0.022964	0.005831	
0.425123	0.002485	0.090127	0.009158	0.014085	0.053919	0.114742	0.023334	0.085812	0.018037	0.048638	0.043505	0.019180	0.048167	0.003688	
0.481656	0.005120	0.063210	0.007954	0.014101	0.048670	0.106657	0.032146	0.076862	0.023339	0.042913	0.038615	0.013536	0.040305	0.004916	
0.442544	0.000791	0.058223	0.008856	0.020194	0.061137	0.143624	0.010914	0.067766	0.025713	0.046831	0.035625	0.007655	0.037123	0.033003	
0.356183	0.002870	0.136689	0.000898	0.026348	0.018497	0.045137	0.040646	0.111676	0.042886	0.005524	0.036975	0.059071	0.089406	0.027193	
0.304116	0.000931	0.155466	0.001667	0.029933	0.027999	0.072758	0.015051	0.123453	0.035380	0.009391	0.039463	0.038429	0.100733	0.045229	
0.265422	0.000733	0.186935	0.000791	0.030586	0.022738	0.055597	0.018604	0.135015	0.035551	0.004376	0.041693	0.047926	0.113998	0.040035	
0.259242	0.000774	0.188177	0.000959	0.029539	0.025206	0.048833	0.028825	0.136596	0.039857	0.005356	0.042800	0.047285	0.113716	0.032834	
0.291610	0.001563	0.154706	0.002813	0.023777	0.027498	0.068185	0.014090	0.149132	0.025477	0.017480	0.050567	0.034280	0.109584	0.029238	
0.400684	0.008416	0.166922	0.000534	0.022949	0.012000	0.024269	0.047725	0.106647	0.032965	0.002131	0.034008	0.045343	0.090298	0.005108	
0.487718	0.011535	0.125237	0.000680	0.020947	0.012054	0.029583	0.053526	0.086895	0.033970	0.003266	0.028114	0.032243	0.070915	0.003318	
0.481566	0.010343	0.105615	0.001257	0.020278	0.016617	0.039013	0.052028	0.093397	0.035854	0.007580	0.031360	0.027962	0.069872	0.007257	
0.541456	0.001112	0.010736	0.000601	0.022149	0.008342	0.010981	0.117993	0.017072	0.087327	0.002595	0.015826	0.147474	0.011382	0.004951	
0.548345	0.002021	0.014812	0.000675	0.021840	0.008135	0.012867	0.113994	0.017707	0.083437	0.002854	0.015651	0.140972	0.012326	0.004365	
0.501931	0.000807	0.013611	0.000668	0.029707	0.026828	0.053793	0.087931	0.029503	0.086074	0.003378	0.014160	0.087982	0.023611	0.040016	
0.468991	0.000822	0.021959	0.001613	0.038452	0.045085	0.129864	0.017189	0.046263	0.062712	0.008689	0.013373	0.011620	0.040316	0.093053	
0.197431	0.001370	0.096179	0.001482	0.010163	0.016482	0.023403	0.035064	0.279363	0.029219	0.023323	0.092853	0.022789	0.164689	0.006188	
0.330760	0.003849	0.069667	0.001173	0.017229	0.018417	0.048696	0.031451	0.196222	0.034832	0.016398	0.064578	0.021328	0.119288	0.026112	
0.269512	0.001524	0.072501	0.001522	0.017048	0.022409	0.055881	0.022050	0.226550	0.032971	0.020323	0.074391	0.015127	0.136022	0.032169	
0.372862	0.007642	0.068632	0.000936	0.012214	0.011803	0.027190	0.045254	0.199475	0.031219	0.015673	0.066066	0.017982	0.118045	0.005007	
0.274010	0.000872	0.067067	0.001341	0.020324	0.031985	0.054197	0.042339	0.204078	0.050916	0.017835	0.066448	0.011118	0.123740	0.033730	
