0.019434	0.582680	0.031367	0.258098	0.055234	0.021821	0.031367	
0.057758	0.466849	0.088859	0.072112	0.024265	0.177375	0.112782	
0.024323	0.535115	0.091470	0.062693	0.036314	0.194587	0.055498	
0.230558	0.033916	0.019527	0.024323	0.065091	0.602261	0.024323	
0.521563	0.045148	0.186658	0.099394	0.040431	0.030997	0.075809	
0.557211	0.090386	0.033514	0.024035	0.054841	0.206500	0.033514	
0.260385	0.023978	0.588990	0.040527	0.023978	0.033435	0.028707	
0.094454	0.132101	0.113277	0.223866	0.216807	0.169748	0.049748	
0.093643	0.064935	0.064935	0.213260	0.234792	0.306562	0.021873	
0.039277	0.039277	0.046576	0.063608	0.667014	0.036844	0.107404	
0.028707	0.059439	0.120905	0.033435	0.574806	0.135089	0.047619	
0.179272	0.044468	0.157213	0.091036	0.380252	0.093487	0.054272	
0.021262	0.044518	0.037542	0.542193	0.137542	0.181728	0.035216	
0.089748	0.054454	0.026218	0.428571	0.197983	0.160336	0.042689	
0.126798	0.091669	0.145534	0.316494	0.112747	0.119772	0.086986	
0.026786	0.082074	0.096497	0.072459	0.021978	0.231113	0.469093	
0.026786	0.120536	0.036401	0.060440	0.041209	0.228709	0.485920	
0.109305	0.148046	0.063300	0.034244	0.022138	0.118990	0.503978	
0.113052	0.055498	0.137033	0.062693	0.033916	0.125043	0.472765	
0.143197	0.045578	0.307483	0.031293	0.174150	0.140816	0.157483	
0.159106	0.033514	0.095125	0.033514	0.256263	0.130670	0.291808	
0.072633	0.034079	0.629260	0.053356	0.029260	0.135284	0.046127	
0.071940	0.157859	0.573133	0.026594	0.033754	0.021821	0.114899	
0.164200	0.038898	0.337694	0.060585	0.041308	0.258176	0.099139	
