0.033593	0.024092	0.325755	0.028843	0.052596	0.062097	0.473023	
0.228912	0.136054	0.019388	0.097959	0.036054	0.038435	0.443197	
0.199863	0.031593	0.031593	0.031593	0.065247	0.024382	0.615728	
0.347332	0.067814	0.296730	0.029260	0.034079	0.200344	0.024441	
0.101513	0.301513	0.042689	0.042689	0.030924	0.428571	0.052101	
0.115903	0.240903	0.196092	0.066375	0.023922	0.299865	0.056941	
0.026594	0.019434	0.069553	0.045687	0.024207	0.785544	0.028981	
0.093420	0.040914	0.093420	0.491988	0.055234	0.040914	0.184112	
0.196949	0.053745	0.116852	0.478502	0.036755	0.048890	0.068308	
0.027112	0.092805	0.253389	0.513730	0.049009	0.029545	0.034411	
0.103379	0.101037	0.131482	0.522583	0.042489	0.065908	0.033121	
0.031746	0.152519	0.353002	0.290200	0.036577	0.087302	0.048654	
0.149754	0.044007	0.112972	0.453202	0.030213	0.089984	0.119869	
0.172425	0.153821	0.030565	0.493355	0.032890	0.021262	0.095681	
0.065449	0.298007	0.035216	0.442193	0.032890	0.056146	0.070100	
0.199383	0.053100	0.017129	0.033916	0.643028	0.026721	0.026721	
0.101062	0.029120	0.024323	0.026721	0.688592	0.019527	0.110654	
0.067489	0.026721	0.024323	0.048304	0.700582	0.074683	0.057897	
0.150340	0.026531	0.419388	0.050340	0.117007	0.133673	0.102721	
0.230743	0.511028	0.123855	0.033593	0.043095	0.033593	0.024092	
0.073162	0.381415	0.245492	0.078017	0.109570	0.046463	0.065881	
0.135154	0.392507	0.137605	0.049370	0.091036	0.162115	0.032213	
0.041408	0.369910	0.063147	0.096963	0.087302	0.125949	0.215321	
0.261215	0.130780	0.157350	0.167012	0.046239	0.198413	0.038992	
