0.017047	0.587453	0.060007	0.024207	0.124446	0.122059	0.064780	
0.068571	0.539160	0.035630	0.061513	0.103866	0.019160	0.172101	
0.029120	0.563892	0.062693	0.062693	0.024323	0.029120	0.228160	
0.232956	0.019527	0.024323	0.026721	0.045906	0.101062	0.549503	
0.448450	0.049865	0.026280	0.311658	0.108827	0.030997	0.023922	
0.365267	0.040623	0.033514	0.263372	0.057211	0.090386	0.149628	
0.305102	0.045578	0.024150	0.355102	0.109864	0.017007	0.143197	
0.081487	0.239004	0.210365	0.126833	0.045687	0.129219	0.167405	
0.172259	0.128675	0.145624	0.099620	0.036666	0.186787	0.230370	
0.051442	0.041710	0.552659	0.041710	0.092805	0.187696	0.031978	
0.030997	0.035714	0.540431	0.030997	0.042790	0.155997	0.163073	
0.242328	0.044797	0.410229	0.148501	0.052205	0.064550	0.037390	
0.039775	0.304276	0.424925	0.032814	0.044415	0.042095	0.111700	
0.073105	0.101274	0.390007	0.035547	0.089537	0.150570	0.159960	
0.105721	0.065908	0.398461	0.218133	0.063566	0.026096	0.122114	
0.024092	0.059722	0.033593	0.083475	0.399389	0.033593	0.366135	
0.024265	0.107997	0.024265	0.029050	0.423787	0.019481	0.371155	
0.074683	0.055498	0.019527	0.057897	0.458376	0.077081	0.256937	
0.110654	0.065091	0.029120	0.079479	0.173004	0.290510	0.252141	
0.118541	0.031071	0.194191	0.125633	0.210740	0.109085	0.210740	
0.131921	0.021873	0.158237	0.100820	0.182160	0.270677	0.134313	
0.078017	0.034327	0.034327	0.658114	0.022191	0.051318	0.121706	
0.036314	0.041110	0.038712	0.599863	0.141829	0.113052	0.029120	
0.151638	0.049983	0.038163	0.302938	0.021614	0.073624	0.362040	
