0.486861	0.000723	0.012765	0.000857	0.037508	0.016602	0.042221	0.185520	0.017943	0.158390	0.003127	0.007290	0.015281	0.009924	0.004989	
0.393242	0.005839	0.082587	0.001118	0.026365	0.040039	0.029944	0.071279	0.080405	0.059129	0.016001	0.043004	0.019924	0.096189	0.034935	
0.499589	0.002650	0.050989	0.001006	0.028180	0.041570	0.029559	0.062692	0.062192	0.072371	0.009386	0.046498	0.022868	0.046406	0.024045	
0.509121	0.000940	0.014946	0.008129	0.005919	0.058166	0.128968	0.015769	0.109399	0.014906	0.030986	0.041724	0.006813	0.013177	0.041035	
0.308397	0.004782	0.075526	0.005223	0.024546	0.008687	0.114688	0.052690	0.141703	0.040834	0.027824	0.046997	0.049729	0.084619	0.013754	
0.317788	0.006893	0.082944	0.006611	0.017037	0.020972	0.107281	0.030728	0.143316	0.017800	0.037536	0.063903	0.011957	0.107918	0.027317	
0.549212	0.000811	0.024160	0.004670	0.024368	0.025956	0.075675	0.031667	0.084673	0.062039	0.018858	0.069355	0.010508	0.012583	0.005466	
0.340283	0.004736	0.154043	0.001772	0.020369	0.017993	0.029609	0.029287	0.134046	0.034602	0.016006	0.051782	0.034565	0.118146	0.012762	
0.415602	0.002064	0.110563	0.004156	0.007696	0.049782	0.067112	0.016609	0.127079	0.013571	0.018949	0.030161	0.030205	0.071102	0.035348	
0.369909	0.000924	0.138231	0.004597	0.011465	0.015007	0.075829	0.034446	0.148866	0.035326	0.017549	0.031225	0.039646	0.072249	0.004731	
0.382253	0.001247	0.178379	0.000811	0.007319	0.049456	0.015781	0.021418	0.131147	0.018407	0.005137	0.011244	0.050742	0.095455	0.031204	
0.354744	0.006057	0.120061	0.002868	0.021018	0.025113	0.045259	0.026471	0.125303	0.029186	0.022887	0.062216	0.021013	0.115380	0.022424	
0.348779	0.001039	0.171116	0.002140	0.013511	0.016910	0.040382	0.046414	0.142002	0.043827	0.008922	0.019606	0.050243	0.089544	0.005566	
0.282901	0.005189	0.200337	0.000733	0.013270	0.031594	0.013899	0.023887	0.148989	0.014447	0.012972	0.030689	0.046553	0.146904	0.027635	
0.343501	0.004522	0.137429	0.000814	0.024343	0.022418	0.029791	0.041787	0.122217	0.043196	0.012100	0.043122	0.048631	0.109251	0.016878	
0.463061	0.000763	0.026535	0.000987	0.030082	0.045561	0.072218	0.069689	0.075465	0.068161	0.004933	0.017687	0.075365	0.020113	0.029380	
0.405609	0.001697	0.031192	0.000720	0.035609	0.031010	0.081523	0.081926	0.085888	0.075484	0.005632	0.018157	0.090248	0.033290	0.022017	
0.433306	0.001028	0.017185	0.000881	0.035733	0.031623	0.079982	0.102444	0.069862	0.091575	0.004631	0.012643	0.079129	0.019187	0.020792	
0.483219	0.002224	0.036028	0.003304	0.020081	0.052014	0.068925	0.056312	0.077368	0.052452	0.016393	0.034194	0.024194	0.036802	0.036490	
0.303140	0.009715	0.104891	0.000761	0.027986	0.041821	0.029292	0.044770	0.104180	0.028399	0.023082	0.058223	0.028033	0.148167	0.047540	
0.205141	0.011936	0.125779	0.002521	0.031011	0.009972	0.053585	0.050760	0.137173	0.029411	0.033513	0.075206	0.023070	0.181186	0.029736	
0.390519	0.002080	0.029341	0.004731	0.025651	0.025449	0.124110	0.057479	0.116694	0.049823	0.020628	0.031832	0.065504	0.035546	0.020612	
0.447656	0.005066	0.081686	0.000837	0.031585	0.025386	0.018322	0.040637	0.083542	0.060925	0.014110	0.072362	0.018599	0.084735	0.014552	
0.426377	0.000812	0.046735	0.000717	0.029328	0.040775	0.070070	0.078388	0.083978	0.069944	0.003750	0.009334	0.081553	0.031073	0.027165	
