0.581313	0.000804	0.025334	0.002055	0.016969	0.018144	0.024448	0.059777	0.029563	0.153123	0.023712	0.024103	0.014390	0.021271	0.004993	
0.589312	0.002256	0.018461	0.001228	0.009003	0.014675	0.036342	0.093705	0.028440	0.126060	0.012380	0.014744	0.021738	0.018533	0.013123	
0.585322	0.001652	0.020189	0.002265	0.018009	0.018917	0.028445	0.090737	0.024857	0.122716	0.021743	0.023627	0.017437	0.017949	0.006135	
0.399367	0.001611	0.051080	0.002926	0.032466	0.051293	0.090819	0.048167	0.109851	0.023605	0.020723	0.059753	0.023203	0.049266	0.035873	
0.265543	0.001160	0.101467	0.001617	0.026050	0.013802	0.109552	0.031556	0.220036	0.018171	0.010742	0.080754	0.035299	0.079428	0.004826	
0.402851	0.001573	0.082348	0.000948	0.012784	0.019850	0.076480	0.111640	0.121647	0.013588	0.004076	0.034836	0.028471	0.069414	0.019493	
0.354596	0.000910	0.055089	0.005485	0.056414	0.057303	0.083800	0.012803	0.130770	0.023872	0.042906	0.093805	0.019931	0.046587	0.015730	
0.362803	0.001260	0.113597	0.001173	0.014194	0.027635	0.061905	0.048376	0.126427	0.050964	0.008987	0.030667	0.032586	0.094133	0.025294	
0.383012	0.000774	0.105863	0.001840	0.019469	0.057719	0.058867	0.014437	0.086931	0.059174	0.015839	0.023926	0.025764	0.094855	0.051532	
0.209660	0.001058	0.223920	0.001746	0.016889	0.028849	0.030213	0.016937	0.167877	0.024840	0.012324	0.020124	0.048419	0.176699	0.020445	
0.257764	0.001081	0.191140	0.000996	0.011247	0.041782	0.046432	0.012529	0.142454	0.032539	0.006674	0.012585	0.042750	0.157537	0.042491	
0.294002	0.000827	0.134700	0.004217	0.041397	0.042255	0.049584	0.013098	0.143322	0.032427	0.033334	0.061739	0.032213	0.106008	0.010877	
0.326737	0.001130	0.163123	0.001691	0.015306	0.021069	0.028538	0.046591	0.126909	0.055564	0.013732	0.019926	0.038766	0.128425	0.012492	
0.309748	0.001268	0.170079	0.001150	0.011102	0.029818	0.039403	0.056879	0.126731	0.028397	0.007271	0.012448	0.039697	0.138012	0.027995	
0.419314	0.001498	0.078282	0.005479	0.048584	0.045705	0.033789	0.065756	0.075767	0.034419	0.042330	0.059462	0.023539	0.061639	0.004436	
0.554003	0.017308	0.009799	0.005460	0.031067	0.010973	0.014771	0.079087	0.013336	0.095777	0.015429	0.021349	0.112068	0.010138	0.009435	
0.561342	0.016493	0.011638	0.005121	0.028487	0.006392	0.011991	0.083687	0.014241	0.103033	0.014753	0.019376	0.107635	0.010511	0.005299	
0.535436	0.009467	0.010539	0.003197	0.021878	0.048122	0.057994	0.077843	0.015728	0.056772	0.009726	0.017336	0.061915	0.022386	0.051660	
0.465678	0.001018	0.029716	0.002074	0.024130	0.067942	0.087389	0.015638	0.063074	0.069525	0.017943	0.039630	0.015297	0.039437	0.061510	
0.307326	0.001121	0.086878	0.001322	0.022432	0.023726	0.109659	0.046171	0.188663	0.014023	0.008107	0.068777	0.030764	0.072170	0.018860	
0.391064	0.009130	0.110624	0.003895	0.026437	0.020343	0.022014	0.057337	0.086252	0.054500	0.015963	0.023522	0.078410	0.088081	0.012427	
0.331757	0.001207	0.076936	0.001431	0.022718	0.033779	0.105619	0.016835	0.167635	0.041404	0.010621	0.064029	0.029485	0.067073	0.029470	
0.378159	0.001000	0.080579	0.001612	0.020699	0.014489	0.079890	0.088264	0.147284	0.026142	0.011449	0.054358	0.026650	0.064084	0.005341	
0.366456	0.002134	0.065120	0.001597	0.021971	0.052627	0.103359	0.016288	0.127554	0.036562	0.009793	0.050163	0.030650	0.063935	0.051791	
