0.053228	0.031593	0.173420	0.046016	0.036401	0.029190	0.630151	
0.088435	0.276531	0.369388	0.057483	0.095578	0.045578	0.067007	
0.084478	0.122940	0.469093	0.024382	0.089286	0.146978	0.062843	
0.206578	0.288112	0.024323	0.077081	0.081877	0.053100	0.268928	
0.437983	0.096807	0.049748	0.040336	0.240336	0.101513	0.033277	
0.340816	0.112245	0.057483	0.171769	0.055102	0.105102	0.157483	
0.719014	0.035799	0.023978	0.035799	0.064168	0.052347	0.068896	
0.028981	0.203205	0.064780	0.508694	0.052847	0.093420	0.048074	
0.046239	0.249137	0.036577	0.454451	0.051070	0.038992	0.123533	
0.060879	0.039087	0.043929	0.530612	0.164995	0.041508	0.118990	
0.044415	0.141863	0.037454	0.670865	0.018893	0.042095	0.044415	
0.068978	0.019958	0.029762	0.267507	0.218487	0.125350	0.269958	
0.032512	0.198030	0.050903	0.135961	0.395731	0.030213	0.156650	
0.021262	0.179402	0.051495	0.195681	0.442193	0.081728	0.028239	
0.040053	0.047063	0.035381	0.086782	0.670895	0.082109	0.037717	
0.017129	0.223364	0.607057	0.033916	0.045906	0.031518	0.041110	
0.024323	0.127441	0.762933	0.019527	0.019527	0.019527	0.026721	
0.057758	0.069720	0.713260	0.048189	0.043404	0.029050	0.038619	
0.026405	0.151997	0.059580	0.057211	0.038253	0.035884	0.630670	
0.036054	0.195578	0.067007	0.026531	0.190816	0.457483	0.026531	
0.064016	0.082884	0.030997	0.120620	0.127695	0.342318	0.231469	
0.071429	0.140056	0.024860	0.127801	0.113095	0.417017	0.105742	
0.084682	0.065404	0.062995	0.077453	0.036489	0.646127	0.026850	
0.214286	0.216690	0.062843	0.195055	0.079670	0.163805	0.067651	
