0.021614	0.023978	0.026342	0.023978	0.019250	0.026342	0.858494	
0.050340	0.143197	0.200340	0.028912	0.043197	0.131293	0.402721	
0.096497	0.103709	0.202266	0.031593	0.084478	0.070055	0.411401	
0.379485	0.268111	0.092756	0.175694	0.028775	0.028775	0.026405	
0.432260	0.035547	0.185781	0.047284	0.028504	0.232730	0.037894	
0.368261	0.127695	0.323450	0.080526	0.030997	0.045148	0.023922	
0.797028	0.035799	0.026342	0.028707	0.057075	0.023978	0.031071	
0.045470	0.653546	0.138107	0.059722	0.028843	0.033593	0.040719	
0.045796	0.361586	0.031442	0.445318	0.031442	0.048189	0.036227	
0.137269	0.032134	0.078589	0.504017	0.083479	0.107929	0.056584	
0.141180	0.103622	0.047284	0.620054	0.019115	0.030852	0.037894	
0.051442	0.041710	0.034411	0.049009	0.041710	0.718109	0.063608	
0.021312	0.105228	0.494505	0.189144	0.035298	0.081918	0.072594	
0.042193	0.093355	0.384053	0.223588	0.077076	0.158472	0.021262	
0.044312	0.048942	0.558201	0.058201	0.028108	0.210979	0.051257	
0.021821	0.098193	0.024207	0.017047	0.723491	0.095806	0.019434	
0.031593	0.139766	0.091690	0.019574	0.562843	0.017170	0.137363	
0.043197	0.038435	0.045578	0.088435	0.731293	0.019388	0.033673	
0.031293	0.100340	0.021769	0.469388	0.307483	0.024150	0.045578	
0.092101	0.089748	0.047395	0.023866	0.277983	0.440336	0.028571	
0.057483	0.090816	0.105102	0.088435	0.209864	0.428912	0.019388	
0.718417	0.132874	0.019621	0.034079	0.029260	0.043718	0.022031	
0.337694	0.031670	0.152151	0.070224	0.318417	0.053356	0.036489	
0.386976	0.341630	0.028981	0.117286	0.062393	0.040914	0.021821	
