0.033754	0.036140	0.045687	0.017047	0.021821	0.764064	0.081487	
0.033673	0.038435	0.157483	0.024150	0.300340	0.328912	0.117007	
0.045906	0.029120	0.477561	0.048304	0.184995	0.177801	0.036314	
0.795578	0.026531	0.043197	0.019388	0.021769	0.036054	0.057483	
0.299399	0.304072	0.124166	0.072764	0.128838	0.042390	0.028371	
0.420767	0.092976	0.280624	0.054971	0.097727	0.026468	0.026468	
0.182371	0.522796	0.111449	0.033435	0.033435	0.035799	0.080716	
0.028707	0.021614	0.113813	0.404593	0.042891	0.359676	0.028707	
0.055102	0.278912	0.021769	0.119388	0.140816	0.357483	0.026531	
0.078206	0.049009	0.024678	0.681613	0.039277	0.073340	0.053876	
0.035381	0.044726	0.021362	0.792390	0.019025	0.061081	0.026035	
0.034579	0.169053	0.029689	0.452672	0.257073	0.037024	0.019909	
0.058067	0.044210	0.078852	0.155064	0.457605	0.145826	0.060376	
0.044936	0.049631	0.080148	0.077800	0.657612	0.042589	0.047284	
0.044726	0.044726	0.173231	0.035381	0.645194	0.019025	0.037717	
0.106883	0.026980	0.072985	0.031823	0.031823	0.075406	0.654099	
0.062693	0.021925	0.259335	0.029120	0.026721	0.048304	0.551901	
0.055366	0.057758	0.029050	0.033835	0.021873	0.038619	0.763500	
0.035884	0.197021	0.054841	0.042993	0.026405	0.173324	0.469533	
0.212245	0.397959	0.026531	0.024150	0.107483	0.036054	0.195578	
0.145926	0.351176	0.124446	0.043300	0.100580	0.038527	0.196045	
0.113052	0.626242	0.021925	0.110654	0.045906	0.055498	0.026721	
0.036666	0.232791	0.467658	0.177101	0.017295	0.026980	0.041508	
0.351176	0.303444	0.052847	0.091033	0.028981	0.071940	0.100580	
