0.035799	0.194191	0.130361	0.019250	0.045255	0.026342	0.548801	
0.038344	0.157109	0.024092	0.064472	0.363760	0.031218	0.321004	
0.028981	0.105353	0.038527	0.036140	0.733038	0.019434	0.038527	
0.638435	0.238435	0.026531	0.017007	0.031293	0.021769	0.026531	
0.263866	0.019160	0.021513	0.165042	0.174454	0.296807	0.059160	
0.310195	0.026157	0.023810	0.040241	0.124748	0.415828	0.059021	
0.300340	0.031293	0.238435	0.019388	0.057483	0.207483	0.145578	
0.031071	0.354948	0.118541	0.262749	0.123269	0.042891	0.066532	
0.125343	0.485920	0.036401	0.276786	0.024382	0.029190	0.021978	
0.124435	0.019812	0.399374	0.350713	0.036844	0.031978	0.036844	
0.030780	0.101037	0.548344	0.229843	0.028438	0.026096	0.035463	
0.328017	0.029473	0.022191	0.527046	0.024619	0.036755	0.031900	
0.023317	0.168144	0.062397	0.244007	0.446305	0.027915	0.027915	
0.037542	0.111960	0.077076	0.293355	0.332890	0.063123	0.084053	
0.044936	0.035547	0.030852	0.368880	0.425218	0.042589	0.051979	
0.038344	0.107228	0.019342	0.024092	0.026468	0.038344	0.746183	
0.052596	0.081099	0.016966	0.026468	0.114354	0.092976	0.615541	
0.036314	0.036314	0.129839	0.060295	0.033916	0.050702	0.652621	
0.282329	0.095125	0.306026	0.024035	0.035884	0.021666	0.234936	
0.180007	0.083080	0.184735	0.146910	0.052347	0.156366	0.196555	
0.153820	0.026721	0.503940	0.031518	0.096266	0.103460	0.084275	
0.132874	0.029260	0.026850	0.043718	0.029260	0.701549	0.036489	
0.033754	0.038527	0.081487	0.024207	0.222298	0.406069	0.193658	
0.019434	0.212751	0.155472	0.024207	0.031367	0.456188	0.100580	
