0.551606	0.001286	0.019402	0.000753	0.028478	0.032976	0.035411	0.155894	0.026559	0.098711	0.003682	0.007992	0.010411	0.019760	0.007080	
0.513128	0.000995	0.055507	0.002828	0.026927	0.039106	0.043688	0.113986	0.029589	0.085882	0.004638	0.012763	0.034025	0.030783	0.006155	
0.421003	0.004501	0.057895	0.001531	0.025346	0.024522	0.026398	0.106414	0.078238	0.087580	0.009103	0.008573	0.039686	0.078969	0.030240	
0.509874	0.000662	0.044695	0.003973	0.008617	0.060343	0.098649	0.022016	0.088506	0.008754	0.036509	0.049649	0.005720	0.056200	0.005834	
0.391043	0.000749	0.112029	0.000874	0.029953	0.021034	0.086472	0.026057	0.120138	0.035428	0.017965	0.074585	0.053546	0.025763	0.004366	
0.514512	0.001088	0.046386	0.000756	0.007678	0.046247	0.092407	0.023581	0.088552	0.011104	0.050958	0.044861	0.014418	0.049253	0.008201	
0.423079	0.003507	0.054595	0.001931	0.010641	0.041930	0.086020	0.020305	0.138164	0.009608	0.037245	0.053930	0.007434	0.086849	0.024764	
0.360304	0.005340	0.147524	0.006058	0.013325	0.052535	0.054666	0.017669	0.103657	0.020431	0.010368	0.017341	0.029077	0.123711	0.037993	
0.484370	0.001377	0.102593	0.009397	0.008007	0.082925	0.083801	0.015627	0.055535	0.010277	0.011976	0.023611	0.011402	0.087202	0.011900	
0.308793	0.006396	0.151452	0.001675	0.018016	0.024528	0.050008	0.016060	0.139937	0.025372	0.021379	0.030532	0.044160	0.117603	0.044087	
0.251733	0.010860	0.130810	0.003954	0.006467	0.037396	0.033922	0.013715	0.180699	0.011976	0.020436	0.010321	0.011090	0.200740	0.075881	
0.348381	0.002703	0.185868	0.000842	0.028526	0.017533	0.060810	0.016412	0.098989	0.036938	0.015742	0.043475	0.074226	0.051646	0.017908	
0.366076	0.003606	0.152921	0.003621	0.023384	0.035243	0.057636	0.031171	0.098439	0.036099	0.007811	0.032982	0.046837	0.079339	0.024835	
0.334665	0.003973	0.178418	0.003782	0.023054	0.033781	0.060300	0.011146	0.109144	0.026712	0.008924	0.036690	0.054901	0.086959	0.027551	
0.360198	0.001203	0.209809	0.000714	0.034496	0.014078	0.061276	0.020548	0.076630	0.045813	0.009223	0.045757	0.089754	0.023341	0.007163	
0.479319	0.000721	0.049674	0.004398	0.029676	0.036452	0.036693	0.101001	0.024302	0.106306	0.003720	0.010904	0.073789	0.037878	0.005167	
0.479982	0.000582	0.021721	0.001698	0.037039	0.016298	0.021196	0.133070	0.019726	0.139667	0.004913	0.009262	0.093373	0.018244	0.003230	
0.448419	0.001857	0.027461	0.001018	0.036557	0.011275	0.017196	0.131148	0.040082	0.135619	0.005509	0.009918	0.088579	0.033569	0.011795	
0.389627	0.005340	0.068142	0.002284	0.016513	0.031619	0.041589	0.058366	0.106823	0.056325	0.023621	0.016667	0.038872	0.107049	0.037162	
0.260992	0.007103	0.072257	0.000625	0.025634	0.009276	0.056179	0.041232	0.205423	0.042721	0.014628	0.064621	0.030822	0.120333	0.048154	
0.234383	0.011123	0.112690	0.000779	0.013035	0.014879	0.022099	0.034903	0.190220	0.036107	0.024392	0.013897	0.028854	0.185979	0.076659	
0.300149	0.000948	0.020006	0.000833	0.037070	0.012080	0.136196	0.012108	0.259882	0.008792	0.009359	0.161639	0.006156	0.029756	0.005026	
0.303397	0.003619	0.039272	0.000722	0.033853	0.008873	0.082886	0.047741	0.204325	0.047340	0.008680	0.099001	0.030696	0.065916	0.023679	
0.304989	0.004907	0.082333	0.004230	0.021061	0.035991	0.086665	0.012918	0.193788	0.011397	0.009769	0.079039	0.010075	0.108775	0.034062	
