0.643130	0.001036	0.026895	0.003048	0.048615	0.043620	0.050723	0.036548	0.025776	0.048671	0.005175	0.009313	0.028200	0.022303	0.006947	
0.451949	0.005290	0.067656	0.001655	0.023715	0.031437	0.059027	0.083492	0.055846	0.074498	0.005451	0.023345	0.020869	0.064353	0.031416	
0.476829	0.007562	0.014819	0.003133	0.017961	0.035779	0.014534	0.134434	0.018404	0.119668	0.007134	0.004921	0.039007	0.049091	0.056725	
0.423551	0.001310	0.067680	0.004365	0.031868	0.026745	0.057299	0.023555	0.134838	0.032848	0.016850	0.046536	0.070159	0.052699	0.009697	
0.302562	0.004172	0.089140	0.000779	0.027540	0.018516	0.112113	0.034463	0.198215	0.025993	0.007576	0.075619	0.029130	0.065811	0.008370	
0.368479	0.006375	0.076914	0.001083	0.026369	0.018808	0.094399	0.031261	0.161622	0.037099	0.007017	0.061662	0.028072	0.072628	0.008211	
0.436097	0.001012	0.048610	0.001673	0.038096	0.036486	0.082121	0.068673	0.114878	0.048719	0.005911	0.043026	0.025839	0.028175	0.020686	
0.409762	0.005406	0.164369	0.002091	0.012625	0.015199	0.073854	0.019867	0.054808	0.037782	0.009762	0.028390	0.030184	0.126334	0.009568	
0.324472	0.001414	0.219633	0.000963	0.010012	0.020465	0.095105	0.014893	0.078962	0.014514	0.015298	0.038799	0.017525	0.140012	0.007934	
0.313526	0.000961	0.096124	0.001259	0.015643	0.059392	0.023399	0.034954	0.176775	0.030161	0.047100	0.049623	0.032114	0.093853	0.025118	
0.212287	0.001073	0.115219	0.000785	0.005106	0.065225	0.011055	0.031640	0.227058	0.023862	0.061873	0.062351	0.034972	0.117156	0.030337	
0.299467	0.001326	0.107602	0.001803	0.018550	0.043108	0.050647	0.017760	0.193152	0.018595	0.037297	0.061096	0.043105	0.092144	0.014349	
0.340951	0.001721	0.174068	0.001064	0.014928	0.028167	0.082228	0.021987	0.102892	0.020926	0.019008	0.042187	0.020804	0.118150	0.010917	
0.447313	0.008774	0.149017	0.001318	0.013061	0.010667	0.078948	0.016394	0.045544	0.045015	0.003662	0.026736	0.017462	0.130212	0.005878	
0.309562	0.003006	0.091481	0.001456	0.019109	0.039591	0.056069	0.031934	0.185713	0.030355	0.030875	0.060209	0.037282	0.085434	0.017923	
0.559745	0.000992	0.028944	0.008851	0.035027	0.016952	0.014315	0.051549	0.027992	0.070669	0.006922	0.009500	0.120613	0.025331	0.022597	
0.641968	0.007444	0.015479	0.008471	0.033405	0.005859	0.010521	0.011464	0.016211	0.070594	0.002640	0.006199	0.113512	0.050419	0.005814	
0.380213	0.001285	0.038582	0.003840	0.020057	0.039146	0.029637	0.157671	0.046854	0.109315	0.009355	0.016036	0.053751	0.028382	0.065877	
0.421327	0.001574	0.035607	0.003074	0.023250	0.043278	0.032201	0.152160	0.032541	0.107146	0.008034	0.011227	0.038871	0.027870	0.061843	
0.323666	0.001490	0.093077	0.002297	0.032004	0.015728	0.111346	0.031891	0.182618	0.021483	0.005428	0.071272	0.048276	0.052747	0.006677	
0.405910	0.004987	0.071458	0.002712	0.021566	0.034261	0.040002	0.024362	0.138000	0.041770	0.025623	0.043833	0.048070	0.082953	0.014492	
0.340663	0.003204	0.089252	0.001243	0.026193	0.023050	0.097326	0.063903	0.140015	0.045332	0.005063	0.055724	0.027611	0.060511	0.020910	
0.400066	0.010834	0.063556	0.000939	0.008517	0.032087	0.031722	0.075262	0.087911	0.084996	0.017967	0.028751	0.018705	0.102827	0.035859	
0.288251	0.001182	0.155691	0.000760	0.015827	0.024078	0.100411	0.073753	0.105227	0.042596	0.007936	0.046906	0.018044	0.091416	0.027922	
