0.031518	0.043508	0.779719	0.033916	0.029120	0.053100	0.029120	
0.082670	0.506399	0.138360	0.031823	0.053615	0.121411	0.065721	
0.031746	0.468944	0.256384	0.029331	0.043823	0.142857	0.026915	
0.551654	0.040914	0.036140	0.141152	0.138766	0.017047	0.074327	
0.474633	0.196595	0.023698	0.096128	0.075100	0.093792	0.040053	
0.248537	0.238898	0.084682	0.077453	0.159380	0.137694	0.053356	
0.701052	0.031218	0.026468	0.059722	0.033593	0.088225	0.059722	
0.048890	0.131415	0.216366	0.245492	0.216366	0.061026	0.080444	
0.077828	0.034244	0.196472	0.213421	0.397440	0.039087	0.041508	
0.094777	0.022138	0.099620	0.496714	0.075406	0.140782	0.070564	
0.063270	0.037629	0.179820	0.485181	0.105228	0.060939	0.067932	
0.074061	0.017550	0.029835	0.776764	0.027378	0.037206	0.037206	
0.041708	0.057800	0.177340	0.066995	0.112972	0.503777	0.039409	
0.085243	0.160714	0.019205	0.146563	0.127695	0.434299	0.026280	
0.054841	0.213609	0.047732	0.116452	0.092756	0.407921	0.066689	
0.019434	0.033754	0.031367	0.024207	0.060007	0.028981	0.802250	
0.172179	0.165019	0.150699	0.019434	0.031367	0.043300	0.418002	
0.040816	0.043197	0.250340	0.021769	0.026531	0.019388	0.597959	
0.187696	0.046576	0.401807	0.070907	0.070907	0.039277	0.182829	
0.033277	0.200336	0.028571	0.063866	0.433277	0.061513	0.179160	
0.055498	0.146626	0.041110	0.259335	0.271326	0.031518	0.194587	
0.238680	0.027378	0.039663	0.078975	0.361530	0.066690	0.187083	
0.122645	0.316889	0.031518	0.043508	0.278520	0.132237	0.074683	
0.309524	0.029331	0.157350	0.070393	0.319186	0.072809	0.041408	
