0.033435	0.026342	0.023978	0.026342	0.033435	0.825397	0.031071	
0.078912	0.019388	0.050340	0.250340	0.047959	0.186054	0.367007	
0.052596	0.019342	0.035969	0.617917	0.050221	0.066848	0.157109	
0.801286	0.021666	0.033514	0.024035	0.026405	0.024035	0.069059	
0.313277	0.252101	0.197983	0.026218	0.026218	0.026218	0.157983	
0.715978	0.088016	0.045362	0.031144	0.050102	0.024035	0.045362	
0.312394	0.168186	0.023978	0.191827	0.144546	0.052347	0.106721	
0.066218	0.026218	0.616807	0.030924	0.134454	0.094454	0.030924	
0.149382	0.091690	0.622940	0.033997	0.031593	0.048420	0.021978	
0.029545	0.027112	0.275287	0.095238	0.484532	0.049009	0.039277	
0.037717	0.019025	0.243324	0.072764	0.570427	0.019025	0.037717	
0.138696	0.041609	0.332871	0.065881	0.352288	0.039182	0.029473	
0.028044	0.053448	0.367535	0.293632	0.127351	0.083471	0.046519	
0.051495	0.025914	0.388704	0.418937	0.018937	0.021262	0.074751	
0.039867	0.044518	0.400332	0.439867	0.028239	0.023588	0.023588	
0.035969	0.035969	0.038344	0.121479	0.031218	0.031218	0.705803	
0.024092	0.019342	0.031218	0.031218	0.021717	0.026468	0.845945	
0.047959	0.043197	0.026531	0.045578	0.083673	0.057483	0.695578	
0.180433	0.021666	0.028775	0.024035	0.400812	0.045362	0.298917	
0.064168	0.120905	0.194191	0.116177	0.314759	0.028707	0.161094	
0.031442	0.026658	0.031442	0.062543	0.698906	0.021873	0.127136	
0.043508	0.825283	0.029120	0.019527	0.033916	0.024323	0.024323	
0.048074	0.475281	0.033754	0.260484	0.083873	0.071940	0.026594	
0.126230	0.416016	0.033593	0.016966	0.123855	0.031218	0.252121	
