0.041012	0.251538	0.038619	0.399863	0.050581	0.017088	0.201299	
0.023978	0.565350	0.099629	0.045255	0.101993	0.075988	0.087808	
0.026980	0.586302	0.116569	0.046351	0.031823	0.058457	0.133518	
0.026405	0.026405	0.147258	0.026405	0.675694	0.033514	0.064320	
0.295148	0.061658	0.026280	0.016846	0.316375	0.245620	0.038073	
0.037894	0.040241	0.138833	0.040241	0.617706	0.087190	0.037894	
0.040336	0.021513	0.026218	0.035630	0.456807	0.282689	0.136807	
0.180007	0.213104	0.298210	0.033435	0.045255	0.028707	0.201283	
0.258176	0.019621	0.402754	0.118417	0.137694	0.038898	0.024441	
0.354561	0.038898	0.029260	0.414802	0.024441	0.091910	0.046127	
0.032814	0.025853	0.255552	0.547895	0.051376	0.049055	0.037454	
0.628364	0.034161	0.019669	0.152519	0.109041	0.029331	0.026915	
0.248604	0.448604	0.152053	0.034811	0.044007	0.041708	0.030213	
0.259074	0.331335	0.170496	0.023643	0.042291	0.044622	0.128538	
0.379402	0.474751	0.025914	0.035216	0.032890	0.030565	0.021262	
0.081877	0.021925	0.072285	0.019527	0.055498	0.019527	0.729359	
0.024382	0.211882	0.065247	0.021978	0.038805	0.048420	0.589286	
0.019527	0.043508	0.074683	0.074683	0.057897	0.038712	0.690990	
0.067007	0.031293	0.267007	0.145578	0.138435	0.076531	0.274150	
0.042891	0.045255	0.130361	0.023978	0.040527	0.629179	0.087808	
0.258098	0.100580	0.160245	0.043300	0.038527	0.365496	0.033754	
0.232623	0.059029	0.066364	0.037024	0.039469	0.530912	0.034579	
0.089934	0.385334	0.024559	0.039087	0.056036	0.365963	0.039087	
0.069720	0.148667	0.220437	0.096036	0.050581	0.387902	0.026658	
