0.514034	0.000948	0.054711	0.000757	0.030163	0.011761	0.024346	0.109118	0.022055	0.095741	0.004599	0.025492	0.051201	0.026048	0.029026	
0.506550	0.002138	0.062715	0.000941	0.030729	0.011686	0.026437	0.101824	0.031690	0.079004	0.005824	0.031928	0.039175	0.041802	0.027559	
0.482687	0.001170	0.058277	0.000886	0.026202	0.022424	0.039709	0.095379	0.042185	0.088865	0.005097	0.028188	0.049529	0.029492	0.029909	
0.514863	0.003131	0.083523	0.011114	0.041827	0.027357	0.103713	0.011301	0.043967	0.008251	0.065519	0.016269	0.006874	0.048968	0.013323	
0.412833	0.004711	0.087136	0.006449	0.029901	0.035407	0.087532	0.022818	0.110002	0.016845	0.038734	0.038360	0.017918	0.081883	0.009469	
0.515776	0.002049	0.066867	0.010726	0.042310	0.031401	0.104633	0.017020	0.056881	0.014358	0.063703	0.019156	0.013610	0.036218	0.005294	
0.427664	0.001046	0.040845	0.006315	0.024274	0.080099	0.146895	0.008856	0.139247	0.007364	0.036868	0.048482	0.007423	0.018588	0.006035	
0.403738	0.001180	0.206085	0.000719	0.005552	0.032848	0.060759	0.010602	0.040325	0.009578	0.003837	0.011895	0.012180	0.076663	0.124040	
0.341617	0.004062	0.155103	0.002096	0.011942	0.038231	0.070057	0.011925	0.117862	0.011399	0.013121	0.034870	0.021237	0.103744	0.062734	
0.238358	0.001003	0.115523	0.001036	0.015960	0.038859	0.045107	0.012107	0.263430	0.012188	0.013015	0.057394	0.067023	0.113593	0.005405	
0.241302	0.001047	0.122371	0.000831	0.013145	0.045098	0.054930	0.006629	0.255459	0.006413	0.011059	0.057147	0.058742	0.110096	0.015731	
0.296646	0.001557	0.124808	0.003551	0.024486	0.021682	0.037634	0.012173	0.214087	0.009420	0.027480	0.043923	0.060031	0.114346	0.008176	
0.478452	0.001395	0.120376	0.000542	0.020893	0.022388	0.042026	0.064989	0.034502	0.042432	0.003307	0.027154	0.020600	0.051507	0.069438	
0.400657	0.004179	0.093872	0.000921	0.025263	0.018495	0.032419	0.066243	0.113609	0.041824	0.007534	0.047717	0.033942	0.093118	0.020207	
0.456031	0.001740	0.054144	0.001128	0.032062	0.019573	0.031485	0.084900	0.107449	0.052914	0.009432	0.049024	0.039830	0.056191	0.004098	
0.460624	0.001020	0.032166	0.000873	0.026251	0.009729	0.018942	0.124660	0.023046	0.156565	0.004360	0.010355	0.097704	0.019889	0.013814	
0.465020	0.001504	0.031748	0.001106	0.029498	0.007778	0.016793	0.121307	0.038164	0.138542	0.006574	0.018700	0.087290	0.029828	0.006149	
0.415780	0.001237	0.024336	0.000658	0.022201	0.029371	0.043242	0.106341	0.074706	0.135837	0.003426	0.025181	0.088992	0.024478	0.004212	
0.444410	0.002111	0.089281	0.002942	0.023661	0.018046	0.045507	0.071586	0.036049	0.090128	0.016773	0.012550	0.058907	0.048283	0.039766	
0.169782	0.018006	0.164712	0.001219	0.009972	0.010303	0.034583	0.030012	0.169543	0.035329	0.006083	0.063409	0.024567	0.254032	0.008449	
0.273659	0.012452	0.152480	0.002923	0.017053	0.014901	0.047046	0.025481	0.133955	0.022490	0.017050	0.049774	0.018928	0.189543	0.022263	
0.382761	0.005103	0.067473	0.003010	0.022142	0.050403	0.090548	0.040289	0.134570	0.028073	0.017744	0.055174	0.017085	0.078239	0.007386	
0.401724	0.004785	0.057223	0.000979	0.022552	0.044653	0.071607	0.064094	0.126035	0.040117	0.005990	0.060206	0.019572	0.073141	0.007322	
0.282043	0.004965	0.057682	0.000882	0.005540	0.095427	0.140645	0.013164	0.211883	0.014725	0.004167	0.075136	0.011658	0.073274	0.008811	
