0.024092	0.024092	0.019342	0.054971	0.033593	0.016966	0.826943	
0.049983	0.194191	0.021614	0.451874	0.092536	0.066532	0.123269	
0.033997	0.158997	0.067651	0.555632	0.041209	0.038805	0.103709	
0.571769	0.190816	0.038435	0.028912	0.031293	0.102721	0.036054	
0.410291	0.047732	0.031144	0.159106	0.035884	0.272850	0.042993	
0.477774	0.073974	0.052596	0.242620	0.021717	0.104852	0.026468	
0.597983	0.021513	0.195630	0.023866	0.030924	0.035630	0.094454	
0.033435	0.466059	0.170550	0.047619	0.075988	0.094900	0.111449	
0.045796	0.761107	0.050581	0.021873	0.017088	0.031442	0.072112	
0.049009	0.049009	0.552659	0.036844	0.041710	0.041710	0.229058	
0.066375	0.179582	0.453167	0.040431	0.054582	0.030997	0.174865	
0.054139	0.044359	0.548027	0.022354	0.044359	0.129934	0.156829	
0.039775	0.206828	0.037454	0.065297	0.021213	0.429566	0.199867	
0.058745	0.233979	0.054072	0.145194	0.023698	0.418558	0.065754	
0.047063	0.028371	0.142857	0.252670	0.033044	0.472296	0.023698	
0.041012	0.029050	0.043404	0.031442	0.811347	0.024265	0.019481	
0.113872	0.034161	0.017253	0.490683	0.268461	0.029331	0.046239	
0.050102	0.024035	0.057211	0.024035	0.651997	0.028775	0.163846	
0.041012	0.036227	0.033835	0.033835	0.696514	0.021873	0.136705	
0.090816	0.188435	0.469388	0.031293	0.126531	0.038435	0.055102	
0.053100	0.163412	0.369647	0.139431	0.153820	0.086674	0.033916	
0.660541	0.121706	0.053745	0.024619	0.027046	0.082871	0.029473	
0.308036	0.036401	0.187843	0.267170	0.029190	0.127747	0.043613	
0.425517	0.247370	0.123855	0.024092	0.033593	0.088225	0.057346	
