0.047619	0.073624	0.040527	0.021614	0.040527	0.752111	0.023978	
0.208976	0.247345	0.031518	0.149024	0.021925	0.240151	0.101062	
0.131415	0.412968	0.080444	0.090153	0.036755	0.182386	0.065881	
0.350340	0.026531	0.024150	0.019388	0.033673	0.024150	0.521769	
0.023922	0.068733	0.146563	0.238544	0.056941	0.061658	0.403639	
0.117286	0.155472	0.036140	0.248551	0.052847	0.105353	0.284350	
0.040336	0.341513	0.193277	0.026218	0.035630	0.030924	0.332101	
0.209864	0.200340	0.033673	0.269388	0.155102	0.026531	0.105102	
0.424441	0.022031	0.022031	0.075043	0.144923	0.041308	0.270224	
0.031823	0.034244	0.024559	0.034244	0.547561	0.072985	0.254583	
0.030494	0.035134	0.032814	0.018893	0.814717	0.037454	0.030494	
0.027244	0.024799	0.046804	0.347538	0.203283	0.029689	0.320643	
0.044007	0.165846	0.030213	0.037110	0.306076	0.356650	0.060099	
0.149169	0.023588	0.032890	0.391030	0.060797	0.293355	0.049169	
0.098927	0.030852	0.035547	0.284373	0.131791	0.390007	0.028504	
0.133195	0.043823	0.657350	0.046239	0.041408	0.048654	0.029331	
0.100580	0.160245	0.518241	0.105353	0.021821	0.038527	0.055234	
0.024265	0.342447	0.335270	0.019481	0.088859	0.131921	0.057758	
0.131921	0.067327	0.177375	0.045796	0.287423	0.098428	0.191729	
0.142857	0.088225	0.038344	0.601289	0.064472	0.035969	0.028843	
0.122059	0.031367	0.119673	0.384589	0.043300	0.019434	0.279577	
0.196949	0.073162	0.182386	0.044036	0.039182	0.048890	0.415395	
0.026850	0.359380	0.212392	0.197935	0.087091	0.031670	0.084682	
0.305102	0.043197	0.205102	0.028912	0.176531	0.081293	0.159864	
