0.402144	0.012895	0.022831	0.000754	0.036483	0.063401	0.091897	0.127780	0.021687	0.148490	0.011800	0.008133	0.016140	0.018188	0.017376	
0.587456	0.009111	0.026202	0.006287	0.030399	0.023656	0.016478	0.095973	0.030638	0.109485	0.004204	0.011942	0.021422	0.020657	0.006091	
0.519301	0.013948	0.015719	0.004065	0.038351	0.030041	0.010501	0.134861	0.022996	0.160172	0.005821	0.008571	0.011861	0.015300	0.008491	
0.531817	0.000992	0.022503	0.004541	0.029625	0.059950	0.134920	0.020582	0.038326	0.018873	0.034364	0.013083	0.018540	0.020989	0.050896	
0.259941	0.001217	0.078775	0.000685	0.007216	0.081649	0.183862	0.032516	0.158201	0.016325	0.004772	0.051595	0.027100	0.089196	0.006949	
0.400073	0.001182	0.052540	0.002685	0.019163	0.069093	0.155127	0.025855	0.096402	0.017924	0.020635	0.032015	0.021671	0.055127	0.030507	
0.418205	0.001004	0.030811	0.001014	0.046054	0.039160	0.086976	0.023328	0.081626	0.026579	0.064027	0.025913	0.018167	0.042176	0.094961	
0.410607	0.002461	0.145247	0.003530	0.015382	0.021291	0.039364	0.034989	0.101897	0.033646	0.006705	0.042749	0.038936	0.093367	0.009827	
0.416297	0.002907	0.145298	0.003210	0.017944	0.031404	0.060774	0.031646	0.075747	0.034545	0.011767	0.035221	0.032334	0.083559	0.017347	
0.303233	0.001833	0.178822	0.000631	0.013131	0.039629	0.084286	0.029305	0.100941	0.026222	0.009791	0.045066	0.046019	0.106675	0.014418	
0.321490	0.001084	0.153922	0.002013	0.010634	0.036865	0.081145	0.022433	0.137144	0.015306	0.007553	0.053186	0.035952	0.110183	0.011090	
0.315011	0.000898	0.171340	0.000803	0.019746	0.030481	0.067232	0.015819	0.111492	0.014950	0.024301	0.047455	0.036812	0.107689	0.035971	
0.391634	0.005182	0.158454	0.002806	0.017899	0.022175	0.029742	0.052613	0.083806	0.059676	0.004379	0.038805	0.034138	0.092318	0.006373	
0.390704	0.001169	0.210050	0.003632	0.011102	0.007526	0.013105	0.013851	0.108743	0.014082	0.005611	0.050820	0.040588	0.120804	0.008213	
0.288341	0.003089	0.198365	0.000837	0.012717	0.025511	0.046347	0.036540	0.120516	0.037181	0.005613	0.052605	0.042212	0.121910	0.008215	
0.570630	0.001318	0.014893	0.003487	0.026659	0.006609	0.010547	0.100397	0.030351	0.078492	0.003911	0.010508	0.120366	0.016177	0.005655	
0.567515	0.001593	0.014144	0.002935	0.028041	0.007119	0.010547	0.107568	0.018195	0.085638	0.004234	0.006931	0.127865	0.011538	0.006134	
0.505549	0.001538	0.015851	0.000959	0.029676	0.013140	0.024661	0.114866	0.023294	0.090701	0.007778	0.008245	0.137557	0.014785	0.011400	
0.533918	0.004340	0.017344	0.002591	0.058406	0.015204	0.017509	0.047624	0.025315	0.065422	0.069493	0.009190	0.014607	0.015960	0.103077	
0.268753	0.001392	0.085219	0.002927	0.011227	0.009344	0.016451	0.041489	0.279039	0.024438	0.004497	0.087383	0.023798	0.137504	0.006540	
0.328252	0.002754	0.079973	0.002066	0.024103	0.017450	0.029336	0.047236	0.186787	0.041799	0.021362	0.060615	0.025641	0.101036	0.031591	
0.284475	0.000750	0.080307	0.002767	0.016632	0.012624	0.026783	0.029455	0.261325	0.015470	0.016858	0.081851	0.016978	0.128827	0.024900	
0.223101	0.001570	0.092719	0.001887	0.009944	0.023436	0.048161	0.038111	0.278856	0.021842	0.005528	0.087773	0.018436	0.140562	0.008073	
0.357224	0.002721	0.063827	0.003657	0.014434	0.039763	0.080905	0.040412	0.182876	0.031799	0.007419	0.057977	0.013663	0.092449	0.010876	
