0.666716	0.001038	0.016687	0.000955	0.036863	0.007533	0.055092	0.096668	0.019378	0.057030	0.007382	0.006906	0.008507	0.014270	0.004973	
0.527782	0.002561	0.066840	0.004777	0.027672	0.040604	0.071565	0.071580	0.025192	0.059263	0.016707	0.017999	0.040261	0.019983	0.007215	
0.414702	0.005927	0.047968	0.002703	0.030354	0.037176	0.036977	0.098979	0.064097	0.095019	0.009892	0.013658	0.049576	0.065795	0.027176	
0.541236	0.000742	0.019899	0.011138	0.005111	0.088358	0.154711	0.008238	0.058883	0.007495	0.054282	0.015378	0.006738	0.024459	0.003333	
0.371119	0.002944	0.077984	0.005291	0.023701	0.042960	0.100644	0.054308	0.114764	0.052698	0.017779	0.056309	0.031785	0.044484	0.003229	
0.532973	0.000956	0.034526	0.001655	0.008695	0.012803	0.095209	0.012447	0.134365	0.011806	0.057795	0.033342	0.010138	0.049654	0.003635	
0.377521	0.003774	0.045773	0.002610	0.014314	0.045006	0.060089	0.038250	0.143042	0.036797	0.023587	0.024200	0.020097	0.120450	0.044489	
0.475302	0.001745	0.097498	0.002703	0.022583	0.035712	0.051898	0.043729	0.067125	0.031608	0.010514	0.024485	0.037021	0.069329	0.028749	
0.439800	0.000953	0.117549	0.002874	0.020326	0.026941	0.075507	0.027667	0.098069	0.022087	0.018400	0.049842	0.037509	0.051274	0.011201	
0.329543	0.002688	0.149378	0.000756	0.014221	0.034964	0.024160	0.012654	0.128028	0.017644	0.009771	0.037304	0.054558	0.130596	0.053734	
0.260987	0.004272	0.070772	0.001822	0.006789	0.067698	0.025350	0.011153	0.187173	0.011093	0.006443	0.014705	0.017183	0.219012	0.095549	
0.390836	0.001200	0.174958	0.001054	0.018570	0.012823	0.052218	0.013897	0.103459	0.020751	0.020104	0.060665	0.064962	0.053120	0.011384	
0.399806	0.001722	0.180875	0.002048	0.021514	0.027718	0.037147	0.025569	0.065010	0.028804	0.008638	0.044946	0.073043	0.059827	0.023333	
0.346624	0.001767	0.217624	0.001910	0.019466	0.029001	0.030235	0.012683	0.074124	0.023183	0.006487	0.053783	0.086397	0.069437	0.027279	
0.384151	0.001943	0.242427	0.001025	0.026875	0.009762	0.021662	0.032399	0.035524	0.044617	0.005956	0.059800	0.107926	0.020558	0.005374	
0.461279	0.007195	0.039431	0.001949	0.041322	0.019087	0.027486	0.141236	0.020172	0.136190	0.008283	0.011746	0.066176	0.013929	0.004517	
0.464560	0.007787	0.018002	0.002167	0.042840	0.020563	0.030004	0.152804	0.020350	0.146437	0.008725	0.008037	0.061774	0.012414	0.003535	
0.418844	0.007626	0.022767	0.001131	0.037780	0.023260	0.019269	0.134236	0.057631	0.128501	0.006276	0.008286	0.054053	0.057124	0.023215	
0.403483	0.004224	0.030256	0.002305	0.015418	0.044794	0.051320	0.047777	0.130095	0.044141	0.023694	0.013050	0.019433	0.121861	0.048148	
0.253483	0.002949	0.104980	0.000913	0.024307	0.016816	0.075254	0.043610	0.203374	0.041574	0.004747	0.083612	0.025195	0.100359	0.018826	
0.313021	0.004558	0.057484	0.000821	0.016892	0.038516	0.037938	0.044813	0.169826	0.042940	0.011776	0.029728	0.022918	0.151191	0.057578	
0.231311	0.000730	0.120598	0.000999	0.018665	0.007862	0.111470	0.009058	0.256911	0.008111	0.013783	0.114355	0.008600	0.093888	0.003659	
0.294753	0.003626	0.077880	0.000917	0.022315	0.021970	0.065093	0.049078	0.185470	0.046874	0.010721	0.062428	0.023528	0.107888	0.027458	
0.307414	0.001620	0.081238	0.005270	0.013142	0.054306	0.112040	0.012096	0.181578	0.010403	0.018792	0.065592	0.008842	0.102696	0.024969	
