0.031367	0.017047	0.279577	0.086260	0.026594	0.021821	0.537334	
0.084682	0.166609	0.029260	0.164200	0.038898	0.128055	0.388296	
0.072985	0.077828	0.029402	0.026980	0.031823	0.080249	0.680733	
0.578912	0.212245	0.038435	0.076531	0.019388	0.040816	0.033673	
0.430598	0.033435	0.033435	0.118541	0.101993	0.213104	0.068896	
0.455315	0.121192	0.042993	0.028775	0.066689	0.249154	0.035884	
0.437690	0.040527	0.118541	0.033435	0.324215	0.019250	0.026342	
0.036054	0.217007	0.171769	0.247959	0.090816	0.152721	0.083673	
0.060732	0.176674	0.353002	0.244306	0.026915	0.121118	0.017253	
0.029545	0.027112	0.387209	0.353146	0.107404	0.046576	0.049009	
0.023698	0.054072	0.481642	0.308745	0.075100	0.023698	0.033044	
0.122599	0.044359	0.296193	0.230178	0.125044	0.154384	0.027244	
0.030565	0.021262	0.035216	0.779402	0.035216	0.046844	0.051495	
0.039867	0.035216	0.025914	0.504983	0.016611	0.323588	0.053821	
0.079960	0.051857	0.030780	0.485112	0.084644	0.208765	0.058883	
0.026721	0.431997	0.019527	0.031518	0.029120	0.029120	0.431997	
0.021978	0.173420	0.021978	0.026786	0.024382	0.072459	0.658997	
0.019527	0.151422	0.232956	0.031518	0.017129	0.026721	0.520726	
0.095578	0.271769	0.493197	0.033673	0.045578	0.019388	0.040816	
0.043300	0.253324	0.024207	0.045687	0.133992	0.446642	0.052847	
0.045687	0.179339	0.239004	0.024207	0.100580	0.308217	0.102966	
0.087513	0.315116	0.114147	0.051193	0.332065	0.080249	0.019716	
0.038898	0.132874	0.031670	0.036489	0.359380	0.335284	0.065404	
0.033997	0.288805	0.274382	0.033997	0.288805	0.058036	0.021978	
