0.028707	0.019250	0.045255	0.040527	0.023978	0.028707	0.813576	
0.085850	0.026468	0.071598	0.102477	0.064472	0.126230	0.522905	
0.038805	0.038805	0.050824	0.058036	0.082074	0.247940	0.483516	
0.512245	0.021769	0.017007	0.297959	0.043197	0.086054	0.021769	
0.692824	0.047284	0.136486	0.030852	0.021462	0.042589	0.028504	
0.681087	0.068410	0.037894	0.087190	0.042589	0.056673	0.026157	
0.790924	0.026218	0.059160	0.026218	0.030924	0.045042	0.021513	
0.043095	0.765185	0.040719	0.045470	0.043095	0.021717	0.040719	
0.091251	0.268284	0.086466	0.428571	0.026658	0.048189	0.050581	
0.065721	0.152888	0.315116	0.336908	0.031823	0.065721	0.031823	
0.033121	0.304784	0.101037	0.325861	0.019070	0.192372	0.023754	
0.046576	0.024678	0.791102	0.022245	0.027112	0.051442	0.036844	
0.018719	0.032512	0.025616	0.715271	0.027915	0.057800	0.122167	
0.032738	0.118386	0.106812	0.583664	0.109127	0.023479	0.025794	
0.184053	0.072425	0.249169	0.321262	0.063123	0.025914	0.084053	
0.031367	0.021821	0.026594	0.057620	0.804637	0.026594	0.031367	
0.033916	0.050702	0.021925	0.036314	0.789311	0.024323	0.043508	
0.031293	0.024150	0.038435	0.097959	0.733673	0.050340	0.024150	
0.024265	0.031442	0.375940	0.194122	0.311347	0.031442	0.031442	
0.247395	0.068571	0.212101	0.047395	0.268571	0.129748	0.026218	
0.074863	0.334478	0.238324	0.026786	0.250343	0.038805	0.036401	
0.084682	0.041308	0.079862	0.043718	0.038898	0.684682	0.026850	
0.057897	0.242549	0.024323	0.021925	0.129839	0.491949	0.031518	
0.033754	0.048074	0.033754	0.153086	0.028981	0.639959	0.062393	
