0.311503	0.511028	0.064472	0.016966	0.021717	0.026468	0.047845	
0.033673	0.424150	0.102721	0.121769	0.264626	0.024150	0.028912	
0.043508	0.631038	0.062693	0.029120	0.156218	0.031518	0.045906	
0.434079	0.034079	0.053356	0.048537	0.258176	0.094320	0.077453	
0.382412	0.052224	0.054582	0.078167	0.038073	0.356469	0.038073	
0.394205	0.045148	0.042790	0.073450	0.120620	0.217318	0.106469	
0.210740	0.028707	0.019250	0.064168	0.045255	0.120905	0.510976	
0.071940	0.112513	0.110126	0.506308	0.117286	0.024207	0.057620	
0.095007	0.068308	0.034327	0.478502	0.172677	0.058599	0.092580	
0.170664	0.068474	0.056309	0.499131	0.034411	0.092805	0.078206	
0.152559	0.037805	0.070592	0.487454	0.098695	0.105721	0.047173	
0.185262	0.031978	0.029545	0.465068	0.034411	0.114703	0.139034	
0.073892	0.099179	0.046305	0.400328	0.273892	0.041708	0.064696	
0.021362	0.049399	0.037717	0.540053	0.280708	0.054072	0.016689	
0.047063	0.142857	0.040053	0.458278	0.201268	0.047063	0.063418	
0.026721	0.033916	0.626242	0.031518	0.189791	0.057897	0.033916	
0.019527	0.031518	0.750942	0.021925	0.117849	0.029120	0.029120	
0.060295	0.033916	0.657417	0.055498	0.053100	0.024323	0.115450	
0.047959	0.026531	0.036054	0.052721	0.183673	0.040816	0.612245	
0.026468	0.024092	0.088225	0.066848	0.323380	0.439769	0.031218	
0.104604	0.045362	0.128301	0.099865	0.133040	0.334462	0.154367	
0.067814	0.026850	0.060585	0.048537	0.250947	0.472633	0.072633	
0.075043	0.120826	0.149742	0.084682	0.026850	0.506368	0.036489	
0.249746	0.040719	0.047845	0.109603	0.242620	0.247370	0.062097	
