0.038435	0.128912	0.164626	0.028912	0.076531	0.019388	0.543197	
0.107483	0.257483	0.033673	0.038435	0.186054	0.026531	0.350340	
0.053615	0.252162	0.089934	0.041508	0.036666	0.029402	0.496714	
0.828912	0.033673	0.024150	0.033673	0.026531	0.031293	0.021769	
0.184299	0.035714	0.066375	0.146563	0.476752	0.047507	0.042790	
0.049865	0.405997	0.290431	0.148922	0.035714	0.030997	0.038073	
0.028775	0.028775	0.775220	0.045362	0.064320	0.028775	0.028775	
0.040719	0.663047	0.033593	0.035969	0.035969	0.161860	0.028843	
0.064935	0.378332	0.177375	0.041012	0.184552	0.131921	0.021873	
0.029617	0.027178	0.271080	0.034495	0.134495	0.471080	0.032056	
0.077618	0.035463	0.211107	0.023754	0.033121	0.578789	0.040147	
0.167427	0.027378	0.083889	0.042120	0.361530	0.270621	0.047034	
0.028044	0.443748	0.074233	0.025734	0.349060	0.048829	0.030353	
0.060797	0.302658	0.046844	0.030565	0.481728	0.051495	0.025914	
0.054326	0.049631	0.042589	0.054326	0.652918	0.059021	0.087190	
0.168613	0.094093	0.031593	0.019574	0.050824	0.026786	0.608516	
0.171429	0.060585	0.041308	0.034079	0.029260	0.019621	0.643718	
0.112782	0.019481	0.103213	0.017088	0.076897	0.031442	0.639098	
0.104604	0.090386	0.381855	0.045362	0.118822	0.021666	0.237305	
0.038527	0.083873	0.024207	0.363109	0.055234	0.117286	0.317763	
0.128364	0.181504	0.106625	0.140442	0.212905	0.055901	0.174258	
0.183477	0.041308	0.113597	0.506368	0.031670	0.046127	0.077453	
0.027046	0.240638	0.039182	0.359570	0.034327	0.165395	0.133842	
0.111978	0.109603	0.097727	0.589413	0.026468	0.028843	0.035969	
