0.627470	0.001347	0.012111	0.000564	0.056839	0.012870	0.054686	0.031403	0.014020	0.080142	0.002508	0.079023	0.013212	0.010512	0.003294	
0.468175	0.008358	0.064509	0.000618	0.015341	0.020015	0.017681	0.120855	0.059038	0.094277	0.013689	0.022227	0.027221	0.055790	0.012207	
0.508745	0.008320	0.054432	0.000690	0.013341	0.018125	0.016172	0.129758	0.046841	0.102020	0.010873	0.019780	0.023446	0.040038	0.007420	
0.389694	0.001052	0.067014	0.007464	0.007270	0.040873	0.113079	0.018045	0.195975	0.018000	0.021182	0.050075	0.013494	0.049555	0.007227	
0.337116	0.004168	0.100296	0.004709	0.018370	0.031433	0.075038	0.032350	0.170776	0.027970	0.027789	0.050930	0.033588	0.077089	0.008379	
0.421711	0.002666	0.075704	0.005433	0.006407	0.036528	0.086465	0.048932	0.147606	0.040980	0.016215	0.037090	0.019184	0.045513	0.009567	
0.477225	0.001025	0.044382	0.004734	0.029674	0.030107	0.092662	0.015779	0.127503	0.039508	0.014581	0.066275	0.011715	0.038056	0.006774	
0.351595	0.005343	0.082348	0.000614	0.008283	0.048299	0.052505	0.087804	0.080209	0.069811	0.005540	0.012062	0.017170	0.116063	0.062354	
0.230409	0.001236	0.109702	0.000685	0.020018	0.067961	0.090730	0.015565	0.112089	0.029015	0.004398	0.029077	0.017572	0.172749	0.098794	
0.321134	0.002216	0.133075	0.001612	0.021780	0.044371	0.069554	0.026226	0.104235	0.035342	0.012376	0.036520	0.039944	0.105637	0.045979	
0.164617	0.001106	0.131373	0.002026	0.006683	0.075728	0.101521	0.015971	0.150159	0.014893	0.007857	0.017045	0.022554	0.185517	0.102951	
0.220970	0.009642	0.108686	0.000807	0.061758	0.008870	0.024731	0.014870	0.173833	0.027462	0.051042	0.094035	0.053166	0.145101	0.005027	
0.427637	0.002023	0.196949	0.000660	0.010879	0.032970	0.042955	0.052733	0.036192	0.055342	0.004431	0.016141	0.064991	0.039468	0.016628	
0.339396	0.003304	0.194619	0.001023	0.016416	0.032905	0.043514	0.042287	0.080648	0.040959	0.015397	0.025662	0.068664	0.074591	0.020615	
0.375432	0.004628	0.188936	0.000730	0.021014	0.022609	0.029249	0.052555	0.070906	0.050158	0.018704	0.031384	0.071431	0.057816	0.004449	
0.556503	0.001291	0.020764	0.000661	0.034260	0.008665	0.014910	0.117204	0.024293	0.089632	0.004578	0.012250	0.088637	0.019893	0.006459	
0.571848	0.003118	0.022252	0.000606	0.026088	0.010704	0.013193	0.130420	0.018734	0.099937	0.003284	0.009446	0.069284	0.015478	0.005609	
0.529570	0.001129	0.037165	0.000827	0.030567	0.013212	0.020394	0.110532	0.031953	0.083554	0.004630	0.010255	0.087455	0.027578	0.011178	
0.388716	0.001137	0.067001	0.000575	0.028979	0.042526	0.061786	0.051667	0.068146	0.056150	0.003152	0.028564	0.039720	0.103164	0.058716	
0.273553	0.007540	0.089982	0.001803	0.045915	0.012351	0.027983	0.046798	0.161903	0.036559	0.041722	0.064498	0.065508	0.118001	0.005883	
0.285214	0.007618	0.089125	0.000850	0.047079	0.015003	0.025166	0.049444	0.139389	0.043945	0.037040	0.062735	0.059198	0.123080	0.015114	
0.402994	0.001117	0.056383	0.007093	0.014026	0.038283	0.111503	0.012743	0.189545	0.019983	0.021419	0.058185	0.010334	0.049895	0.006497	
0.449125	0.003098	0.053400	0.004952	0.010636	0.030169	0.073990	0.065719	0.135172	0.051342	0.016191	0.034764	0.026018	0.039812	0.005612	
0.345291	0.001030	0.071670	0.006887	0.005821	0.048106	0.114806	0.017682	0.196984	0.015690	0.019491	0.044260	0.012511	0.075108	0.024664	
