0.484306	0.005219	0.071601	0.000741	0.027885	0.040914	0.061139	0.112338	0.025642	0.090020	0.003023	0.007319	0.010303	0.039561	0.019988	
0.523642	0.006676	0.039035	0.000668	0.037971	0.014910	0.024251	0.143838	0.019509	0.115845	0.006724	0.014733	0.013617	0.028125	0.010456	
0.492917	0.006247	0.051624	0.000842	0.034465	0.019596	0.033131	0.124922	0.025296	0.105429	0.008496	0.016466	0.027089	0.034074	0.019404	
0.589299	0.000811	0.012539	0.015261	0.003890	0.071995	0.187147	0.008885	0.020856	0.008249	0.040501	0.014602	0.005870	0.016570	0.003526	
0.405101	0.003319	0.061838	0.005044	0.018950	0.030929	0.071780	0.055615	0.134398	0.051800	0.015185	0.026427	0.041985	0.061774	0.015855	
0.500120	0.002669	0.034473	0.008170	0.016878	0.040520	0.102293	0.051801	0.085198	0.042662	0.023423	0.026955	0.016351	0.044025	0.004463	
0.406936	0.001596	0.078076	0.006560	0.019816	0.032827	0.082379	0.021128	0.132843	0.021634	0.029040	0.046675	0.035747	0.076031	0.008713	
0.325301	0.001682	0.136190	0.000710	0.018103	0.048986	0.071853	0.027531	0.142369	0.024927	0.009500	0.037780	0.031005	0.099195	0.024868	
0.355322	0.000769	0.128175	0.002396	0.007617	0.069714	0.111363	0.008737	0.125430	0.008656	0.007645	0.032441	0.019235	0.093854	0.028647	
0.203924	0.000998	0.150736	0.001263	0.015331	0.038412	0.056871	0.013547	0.273721	0.013907	0.004935	0.034252	0.051526	0.123737	0.016838	
0.274280	0.000828	0.161672	0.000609	0.011746	0.064277	0.091598	0.011115	0.171589	0.010682	0.004325	0.027238	0.031804	0.109178	0.029059	
0.280831	0.000966	0.150772	0.001981	0.034455	0.012752	0.025675	0.011023	0.190674	0.012057	0.033390	0.069989	0.049701	0.120388	0.005347	
0.391992	0.003300	0.113211	0.000781	0.031628	0.029389	0.043917	0.067212	0.092493	0.055002	0.016415	0.036206	0.026562	0.077316	0.014577	
0.405584	0.001273	0.164452	0.000766	0.042613	0.027361	0.042144	0.018738	0.019066	0.016860	0.045280	0.076887	0.025825	0.098442	0.014709	
0.392650	0.003103	0.117185	0.000966	0.041313	0.010048	0.017579	0.061141	0.091958	0.050806	0.029844	0.058032	0.033005	0.085813	0.006557	
0.441623	0.007531	0.025087	0.001004	0.023041	0.012288	0.032214	0.105119	0.039247	0.114279	0.004768	0.019554	0.089236	0.028834	0.056175	
0.448251	0.008395	0.019495	0.000904	0.026007	0.007425	0.025283	0.119200	0.023417	0.128423	0.005008	0.012438	0.097847	0.018638	0.059271	
0.425590	0.005899	0.075432	0.000703	0.027990	0.023080	0.043257	0.080349	0.014677	0.088299	0.015776	0.027860	0.075724	0.044463	0.050903	
0.414682	0.005048	0.066895	0.002574	0.017731	0.037616	0.072751	0.068584	0.055422	0.075272	0.009484	0.015548	0.066814	0.044798	0.046782	
0.304505	0.002430	0.134812	0.000921	0.033118	0.014040	0.024158	0.032594	0.153474	0.035098	0.026060	0.058122	0.058678	0.103347	0.018643	
0.308265	0.003046	0.122434	0.001006	0.030599	0.014830	0.026678	0.041153	0.152441	0.044725	0.021583	0.049846	0.064668	0.095130	0.023596	
0.325851	0.000897	0.062016	0.002479	0.011930	0.013797	0.033759	0.010182	0.276166	0.010249	0.008135	0.085522	0.029610	0.125835	0.003573	
0.420875	0.001358	0.025621	0.001070	0.009086	0.014227	0.030834	0.017687	0.213370	0.016667	0.004079	0.106466	0.010094	0.119098	0.009467	
0.353443	0.001013	0.127789	0.001395	0.009085	0.065753	0.100439	0.014413	0.127581	0.013082	0.005386	0.036385	0.018309	0.096951	0.028974	
