0.028843	0.038344	0.805565	0.028843	0.021717	0.024092	0.052596	
0.040816	0.057483	0.288435	0.247959	0.269388	0.057483	0.038435	
0.038805	0.098901	0.195055	0.137363	0.452266	0.024382	0.053228	
0.105858	0.045906	0.036314	0.055498	0.247345	0.084275	0.424803	
0.155630	0.037983	0.021513	0.226218	0.103866	0.047395	0.407395	
0.167790	0.045148	0.052224	0.108827	0.099394	0.047507	0.479111	
0.024150	0.028912	0.026531	0.033673	0.031293	0.062245	0.793197	
0.079100	0.052847	0.188885	0.081487	0.110126	0.437095	0.050460	
0.048890	0.029473	0.145978	0.027046	0.179958	0.456657	0.111997	
0.039277	0.051442	0.090372	0.119569	0.029545	0.472367	0.197428	
0.056541	0.068250	0.103379	0.068250	0.122114	0.466377	0.115089	
0.039663	0.047034	0.059319	0.167427	0.024921	0.408213	0.253422	
0.060099	0.032512	0.198030	0.232512	0.103777	0.340558	0.032512	
0.060939	0.042291	0.070263	0.296370	0.126207	0.375624	0.028305	
0.032890	0.044518	0.025914	0.537542	0.067774	0.251495	0.039867	
0.048304	0.679000	0.041110	0.031518	0.144227	0.033916	0.021925	
0.033916	0.772525	0.033916	0.026721	0.093868	0.017129	0.021925	
0.026721	0.690990	0.060295	0.026721	0.057897	0.050702	0.086674	
0.031293	0.033673	0.152721	0.033673	0.407483	0.138435	0.202721	
0.323380	0.064472	0.047845	0.299627	0.176111	0.064472	0.024092	
0.268111	0.078538	0.137779	0.137779	0.128301	0.121192	0.128301	
0.491910	0.046127	0.058176	0.091910	0.116007	0.084682	0.111188	
0.623533	0.121118	0.046239	0.060732	0.029331	0.053485	0.065562	
0.256871	0.047845	0.111978	0.031218	0.218867	0.104852	0.228368	
