0.026531	0.040816	0.017007	0.047959	0.052721	0.757483	0.057483	
0.061513	0.068571	0.106218	0.021513	0.037983	0.602689	0.101513	
0.036666	0.022138	0.039087	0.022138	0.114147	0.557247	0.208578	
0.651997	0.033514	0.161476	0.040623	0.026405	0.042993	0.042993	
0.338399	0.132725	0.087808	0.042891	0.154002	0.052347	0.191827	
0.613544	0.052224	0.106469	0.047507	0.064016	0.035714	0.080526	
0.272205	0.035799	0.026342	0.026342	0.565350	0.023978	0.049983	
0.026218	0.063866	0.167395	0.096807	0.040336	0.579160	0.026218	
0.135284	0.082272	0.277453	0.169019	0.123236	0.144923	0.067814	
0.041308	0.026850	0.041308	0.593115	0.229260	0.022031	0.046127	
0.023643	0.025974	0.105228	0.592408	0.198468	0.030636	0.023643	
0.155687	0.177531	0.027046	0.561026	0.024619	0.031900	0.022191	
0.032512	0.444007	0.078489	0.083087	0.025616	0.285386	0.050903	
0.079587	0.564436	0.154179	0.039960	0.021312	0.058608	0.081918	
0.061224	0.681833	0.026096	0.040147	0.115089	0.028438	0.047173	
0.031518	0.074683	0.048304	0.017129	0.019527	0.115450	0.693388	
0.107740	0.131606	0.055234	0.040914	0.024207	0.038527	0.601773	
0.048304	0.021925	0.026721	0.062693	0.105858	0.043508	0.690990	
0.033673	0.021769	0.102721	0.314626	0.043197	0.083673	0.400340	
0.036054	0.057483	0.590816	0.033673	0.105102	0.024150	0.152721	
0.210365	0.079100	0.384589	0.133992	0.091033	0.060007	0.040914	
0.150832	0.150832	0.213939	0.036755	0.371706	0.053745	0.022191	
0.128055	0.270224	0.094320	0.034079	0.313597	0.132874	0.026850	
0.041012	0.069720	0.285031	0.033835	0.459672	0.043404	0.067327	
