0.108256	0.686194	0.029120	0.045906	0.086674	0.019527	0.024323	
0.160629	0.227614	0.029050	0.304170	0.134313	0.055366	0.088859	
0.034161	0.447205	0.038992	0.331263	0.070393	0.038992	0.038992	
0.389362	0.033754	0.086260	0.021821	0.250938	0.157859	0.060007	
0.339119	0.033044	0.026035	0.147530	0.219960	0.191923	0.042390	
0.235920	0.033997	0.055632	0.180632	0.110920	0.341690	0.041209	
0.513340	0.023978	0.130361	0.130361	0.130361	0.033435	0.038163	
0.063454	0.172677	0.369279	0.114424	0.063454	0.160541	0.056172	
0.088859	0.127136	0.390294	0.026658	0.026658	0.287423	0.052973	
0.103800	0.091485	0.520056	0.098874	0.061928	0.027445	0.096411	
0.219447	0.130869	0.489843	0.018981	0.018981	0.070263	0.051615	
0.039566	0.022409	0.385154	0.019958	0.439076	0.061625	0.032213	
0.025974	0.361638	0.128538	0.070263	0.046953	0.310356	0.056277	
0.042790	0.224394	0.196092	0.120620	0.082884	0.280997	0.052224	
0.052471	0.332092	0.114083	0.225457	0.130670	0.106974	0.038253	
0.033593	0.045470	0.035969	0.119104	0.024092	0.057346	0.684425	
0.183477	0.205164	0.024441	0.082272	0.019621	0.038898	0.446127	
0.166215	0.189912	0.026405	0.194651	0.019296	0.024035	0.379485	
0.153632	0.277720	0.289885	0.017379	0.061175	0.036844	0.163365	
0.049983	0.021614	0.026342	0.135089	0.154002	0.430598	0.182371	
0.036314	0.031518	0.189791	0.117849	0.165810	0.276122	0.182597	
0.113373	0.042120	0.078975	0.157599	0.034749	0.373815	0.199368	
0.139431	0.086674	0.053100	0.326482	0.029120	0.290510	0.074683	
0.367495	0.089717	0.082471	0.022084	0.053485	0.321601	0.063147	
