0.530842	0.000826	0.017054	0.001177	0.027944	0.011505	0.055533	0.148399	0.020078	0.137946	0.004531	0.005489	0.023006	0.011911	0.003760	
0.489766	0.002682	0.056211	0.003704	0.031884	0.045419	0.029534	0.081718	0.077496	0.073155	0.017646	0.032250	0.018073	0.033231	0.007231	
0.489774	0.002821	0.055659	0.003387	0.034664	0.043432	0.020378	0.083035	0.081686	0.077989	0.016986	0.035398	0.019760	0.029770	0.005262	
0.548776	0.000759	0.031577	0.006856	0.006898	0.071888	0.100989	0.049302	0.046667	0.026578	0.022585	0.012369	0.031443	0.030931	0.012382	
0.427291	0.005285	0.097702	0.000988	0.022276	0.013851	0.097204	0.072837	0.052455	0.059160	0.016014	0.017670	0.060882	0.050086	0.006300	
0.444122	0.001723	0.054136	0.002140	0.017378	0.023736	0.096622	0.089251	0.068574	0.068055	0.010136	0.020185	0.030852	0.053721	0.019368	
0.320639	0.001036	0.062503	0.000819	0.027690	0.024960	0.049344	0.034101	0.204462	0.034160	0.004016	0.079452	0.034169	0.086478	0.036173	
0.312424	0.002651	0.086581	0.000629	0.033328	0.021060	0.045028	0.051341	0.183651	0.041245	0.007822	0.071362	0.020036	0.090246	0.032596	
0.263310	0.001092	0.113506	0.004616	0.006478	0.047011	0.058776	0.010466	0.172536	0.010575	0.016419	0.051346	0.009863	0.163750	0.070258	
0.252079	0.001028	0.095009	0.000689	0.005924	0.008473	0.121203	0.043823	0.161053	0.027058	0.003724	0.046694	0.032533	0.140579	0.060132	
0.366064	0.001135	0.061691	0.003126	0.024416	0.046560	0.063385	0.031800	0.179331	0.014402	0.011730	0.068461	0.016631	0.078853	0.032416	
0.204046	0.006504	0.179633	0.001034	0.024711	0.015328	0.046893	0.017893	0.164349	0.019959	0.019548	0.055483	0.033719	0.159831	0.051068	
0.364577	0.006998	0.131261	0.000737	0.027271	0.016040	0.106530	0.053124	0.087940	0.024294	0.019931	0.032777	0.051021	0.068581	0.008917	
0.343734	0.011430	0.213535	0.002628	0.033868	0.026922	0.035270	0.042173	0.039548	0.038712	0.037871	0.013373	0.046502	0.104012	0.010424	
0.356509	0.009551	0.176619	0.001290	0.035560	0.016223	0.043749	0.061268	0.054902	0.054702	0.028513	0.020761	0.045813	0.086041	0.008500	
0.554608	0.001043	0.021976	0.005068	0.020752	0.061001	0.014581	0.036697	0.080377	0.067300	0.017366	0.035707	0.067365	0.012626	0.003533	
0.583785	0.000855	0.014686	0.003065	0.010248	0.029581	0.011447	0.059299	0.013122	0.129532	0.010249	0.005007	0.118243	0.008446	0.002437	
0.534330	0.000786	0.017538	0.003462	0.014330	0.041932	0.085137	0.061494	0.063655	0.060837	0.011675	0.024076	0.063420	0.012937	0.004391	
0.400632	0.001347	0.070710	0.003508	0.009783	0.036542	0.069611	0.043694	0.100724	0.049964	0.013420	0.030179	0.044926	0.088747	0.036210	
0.310692	0.012790	0.229163	0.002092	0.043918	0.030710	0.018752	0.017080	0.086641	0.013901	0.039825	0.038225	0.049921	0.101411	0.004879	
0.260143	0.008956	0.202506	0.001267	0.025698	0.011458	0.036324	0.033071	0.090353	0.045476	0.026829	0.027395	0.051690	0.143064	0.035768	
0.412249	0.000903	0.051706	0.003520	0.021429	0.047668	0.031223	0.025216	0.153460	0.040486	0.012196	0.059605	0.044640	0.067465	0.028234	
0.417856	0.002002	0.043690	0.000733	0.042472	0.027210	0.017079	0.069134	0.163217	0.067751	0.006284	0.071962	0.028375	0.032929	0.009306	
0.493525	0.002309	0.055241	0.003506	0.011226	0.037757	0.059815	0.042044	0.055803	0.066813	0.015846	0.018621	0.082199	0.042580	0.012715	
