0.423940	0.003741	0.042708	0.001148	0.034587	0.045543	0.024565	0.054655	0.079045	0.085421	0.009110	0.023910	0.039571	0.059538	0.072519	
0.453153	0.002336	0.090624	0.001907	0.022098	0.016205	0.030666	0.104333	0.048325	0.076349	0.011558	0.020121	0.060368	0.051124	0.010833	
0.495086	0.006148	0.064715	0.001166	0.028418	0.032114	0.023282	0.129901	0.018493	0.095092	0.005056	0.008034	0.057388	0.030794	0.004313	
0.380364	0.001086	0.143830	0.005844	0.015119	0.027699	0.056678	0.028129	0.076364	0.017695	0.030644	0.035668	0.029291	0.144637	0.006952	
0.379150	0.003299	0.106773	0.000861	0.022985	0.021445	0.117604	0.038735	0.159927	0.025409	0.006534	0.051009	0.032812	0.026507	0.006950	
0.384437	0.001078	0.140431	0.004733	0.016047	0.022141	0.071223	0.035741	0.089552	0.020094	0.024880	0.037224	0.032263	0.115889	0.004265	
0.438242	0.011436	0.064480	0.001093	0.036769	0.070301	0.080024	0.050224	0.100678	0.047268	0.004464	0.031934	0.015696	0.038703	0.008689	
0.362012	0.003203	0.116532	0.007019	0.013347	0.044279	0.034830	0.021287	0.083730	0.021197	0.038387	0.042626	0.025480	0.179629	0.006441	
0.370875	0.001117	0.099241	0.007333	0.018293	0.046586	0.036569	0.018289	0.051434	0.039508	0.035368	0.025035	0.014790	0.190288	0.045276	
0.339655	0.000897	0.122692	0.000756	0.018299	0.012960	0.028217	0.009574	0.198732	0.019991	0.022627	0.079144	0.068903	0.055491	0.022063	
0.371147	0.003731	0.092304	0.000866	0.026525	0.034643	0.030912	0.018261	0.160009	0.038068	0.017323	0.060767	0.051795	0.057079	0.036568	
0.360008	0.002667	0.115515	0.001202	0.021383	0.024163	0.032118	0.016722	0.171554	0.024902	0.021026	0.068323	0.058827	0.061490	0.020099	
0.418978	0.001200	0.124814	0.001375	0.027885	0.020998	0.039835	0.042638	0.089734	0.045077	0.012976	0.033276	0.050139	0.053911	0.037165	
0.434292	0.001235	0.136815	0.002821	0.027782	0.024884	0.062097	0.046918	0.051324	0.040764	0.013221	0.017704	0.033591	0.075151	0.031401	
0.431596	0.003317	0.150937	0.000766	0.028461	0.022033	0.050054	0.043324	0.098313	0.027642	0.010895	0.038457	0.051736	0.033591	0.008878	
0.437626	0.002195	0.054974	0.000623	0.020075	0.010580	0.018931	0.117290	0.083525	0.093464	0.009425	0.032037	0.075217	0.028336	0.015705	
0.488551	0.004678	0.018912	0.000985	0.022069	0.019982	0.014000	0.166758	0.022923	0.125798	0.004331	0.008630	0.071799	0.024535	0.006050	
0.416932	0.005485	0.015787	0.000671	0.024777	0.033727	0.076199	0.099638	0.112789	0.089063	0.002816	0.032751	0.042215	0.024703	0.022446	
0.411954	0.001266	0.019959	0.001020	0.045195	0.056414	0.036050	0.017650	0.069443	0.097586	0.004380	0.009931	0.016995	0.070837	0.141319	
0.349886	0.004937	0.079784	0.002993	0.018485	0.038931	0.089080	0.027484	0.164358	0.026760	0.019258	0.059170	0.027643	0.084737	0.006494	
0.374521	0.004684	0.089935	0.004475	0.020359	0.046426	0.053180	0.029578	0.107850	0.034249	0.025520	0.043657	0.026463	0.122480	0.016623	
0.336860	0.007197	0.042841	0.001129	0.021765	0.044389	0.143728	0.029821	0.214248	0.029358	0.006749	0.066712	0.015127	0.035642	0.004435	
0.339728	0.005038	0.067646	0.003790	0.016563	0.042269	0.102759	0.027708	0.164248	0.027637	0.020503	0.057655	0.018840	0.099459	0.006160	
0.327091	0.003023	0.028781	0.001904	0.021691	0.036501	0.133723	0.025443	0.191844	0.047456	0.008665	0.055348	0.013390	0.059937	0.045202	
