0.019342	0.570411	0.173736	0.019342	0.021717	0.157109	0.038344	
0.079670	0.425824	0.120536	0.192651	0.115728	0.033997	0.031593	
0.021925	0.393628	0.043508	0.115450	0.084275	0.081877	0.259335	
0.317763	0.052847	0.060007	0.069553	0.083873	0.124446	0.291510	
0.566375	0.089960	0.042790	0.071092	0.038073	0.056941	0.134771	
0.386594	0.019296	0.071429	0.289438	0.057211	0.104604	0.071429	
0.317983	0.023866	0.023866	0.023866	0.021513	0.045042	0.543866	
0.166209	0.130151	0.125343	0.259959	0.062843	0.183036	0.072459	
0.091910	0.123236	0.287091	0.130465	0.058176	0.144923	0.164200	
0.032213	0.100840	0.113095	0.056723	0.019958	0.551821	0.125350	
0.033121	0.021412	0.389093	0.084644	0.042489	0.335229	0.094011	
0.119861	0.102787	0.068641	0.022300	0.022300	0.449129	0.214983	
0.030636	0.182151	0.025974	0.072594	0.079587	0.522478	0.086580	
0.021362	0.035381	0.082109	0.231642	0.056409	0.446595	0.126502	
0.054326	0.035547	0.066063	0.120054	0.094232	0.505030	0.124748	
0.028843	0.028843	0.024092	0.028843	0.734306	0.026468	0.128605	
0.108516	0.082074	0.021978	0.089286	0.553228	0.033997	0.110920	
0.019481	0.031442	0.220437	0.103213	0.579289	0.019481	0.026658	
0.081293	0.212245	0.250340	0.031293	0.131293	0.026531	0.267007	
0.337631	0.047845	0.159484	0.218867	0.152358	0.045470	0.038344	
0.031144	0.019296	0.054841	0.519296	0.244414	0.064320	0.066689	
0.523348	0.121411	0.029402	0.026980	0.058457	0.026980	0.213421	
0.373838	0.046127	0.029260	0.284682	0.029260	0.026850	0.209983	
0.323380	0.090601	0.183237	0.028843	0.071598	0.085850	0.216491	
