0.485327	0.004103	0.014512	0.000661	0.043540	0.031401	0.036030	0.179630	0.017697	0.139956	0.002880	0.006546	0.020006	0.010539	0.007174	
0.477211	0.004748	0.044885	0.004338	0.023778	0.036713	0.047562	0.086279	0.050865	0.058266	0.009217	0.021329	0.017964	0.105640	0.011207	
0.454248	0.004736	0.038144	0.002098	0.018282	0.032396	0.059867	0.082016	0.089150	0.062832	0.003616	0.034352	0.022050	0.077195	0.019020	
0.417819	0.000986	0.067522	0.007887	0.028270	0.048587	0.076248	0.019045	0.099352	0.014194	0.028930	0.044045	0.025302	0.116508	0.005305	
0.215905	0.003185	0.104899	0.000658	0.047343	0.016567	0.131361	0.028195	0.204104	0.014312	0.050210	0.097348	0.033921	0.045834	0.006158	
0.329907	0.009630	0.132037	0.000855	0.029079	0.008072	0.066480	0.056827	0.099784	0.008196	0.031233	0.048690	0.022716	0.146324	0.010171	
0.253193	0.000786	0.066565	0.000799	0.034554	0.030874	0.147013	0.013473	0.245672	0.015078	0.036160	0.106615	0.028756	0.013588	0.006876	
0.445509	0.007705	0.100225	0.002569	0.010351	0.028210	0.042812	0.056677	0.077995	0.021014	0.007270	0.025366	0.019232	0.141798	0.013266	
0.472308	0.001230	0.060985	0.007618	0.019332	0.049806	0.050711	0.030488	0.069382	0.032981	0.015545	0.025116	0.031384	0.117014	0.016100	
0.346506	0.001029	0.225803	0.000727	0.013639	0.044827	0.032701	0.014054	0.156338	0.023090	0.014454	0.023677	0.061448	0.033400	0.008306	
0.414877	0.005172	0.164856	0.000990	0.009164	0.032745	0.022316	0.046601	0.096695	0.034240	0.005355	0.014145	0.044859	0.090110	0.017875	
0.246666	0.001850	0.176929	0.000629	0.040260	0.026223	0.084849	0.025336	0.176856	0.022973	0.041827	0.063393	0.052879	0.032933	0.006397	
0.420947	0.003068	0.127955	0.002280	0.008495	0.045361	0.051827	0.033684	0.134679	0.023109	0.005359	0.031470	0.031562	0.073314	0.006891	
0.401724	0.003319	0.151562	0.002319	0.011279	0.040503	0.042695	0.028128	0.123616	0.021839	0.010541	0.027428	0.040917	0.082361	0.011770	
0.373974	0.004425	0.152597	0.000951	0.014797	0.033111	0.050717	0.037103	0.133389	0.023440	0.013366	0.034982	0.038991	0.076901	0.011255	
0.468211	0.000952	0.016586	0.003656	0.022616	0.022843	0.023207	0.070341	0.028104	0.119642	0.004606	0.015266	0.075210	0.056789	0.071971	
0.465193	0.002848	0.032551	0.003277	0.017694	0.024453	0.031410	0.065537	0.046026	0.092037	0.003850	0.020176	0.058448	0.079787	0.056713	
0.430642	0.001764	0.043047	0.001343	0.022029	0.021383	0.034573	0.074152	0.066672	0.110609	0.004322	0.024791	0.069343	0.034551	0.060777	
0.447472	0.000995	0.051372	0.003075	0.022223	0.025934	0.023735	0.064472	0.046542	0.106430	0.006505	0.015730	0.073284	0.050884	0.061347	
0.348509	0.003070	0.078956	0.003556	0.036559	0.025232	0.078481	0.046209	0.108899	0.041632	0.032514	0.053316	0.039227	0.083557	0.020282	
0.371704	0.004840	0.096716	0.002329	0.027778	0.019608	0.055273	0.052206	0.088797	0.046834	0.023280	0.039142	0.044843	0.097193	0.029456	
0.373963	0.000935	0.035473	0.003060	0.015589	0.046481	0.122401	0.013848	0.207730	0.012911	0.015054	0.082377	0.016094	0.047787	0.006297	
0.405415	0.004246	0.062827	0.001058	0.007838	0.034267	0.083558	0.037379	0.160731	0.028146	0.004107	0.057388	0.023628	0.070855	0.018557	
0.440364	0.001215	0.039870	0.004237	0.008618	0.050521	0.088086	0.022192	0.156426	0.024469	0.005276	0.055254	0.020913	0.069760	0.012798	
