0.134313	0.017088	0.718045	0.026658	0.033835	0.036227	0.033835	
0.023978	0.035799	0.510976	0.168186	0.101993	0.125633	0.033435	
0.019574	0.029190	0.394574	0.324863	0.120536	0.077266	0.033997	
0.021925	0.139431	0.079479	0.024323	0.031518	0.110654	0.592669	
0.078352	0.343127	0.042891	0.045255	0.045255	0.038163	0.406957	
0.151059	0.155844	0.038619	0.160629	0.038619	0.079289	0.375940	
0.035630	0.188571	0.023866	0.042689	0.094454	0.026218	0.588571	
0.236744	0.026342	0.031071	0.210740	0.045255	0.404593	0.045255	
0.195578	0.050340	0.024150	0.036054	0.017007	0.519388	0.157483	
0.450947	0.034079	0.029260	0.154561	0.029260	0.024441	0.277453	
0.457209	0.123876	0.028305	0.046953	0.016650	0.095904	0.231102	
0.361324	0.075958	0.046690	0.149129	0.036934	0.019861	0.310105	
0.257343	0.037717	0.215287	0.271362	0.037717	0.156876	0.023698	
0.030283	0.076366	0.018762	0.675444	0.027979	0.138578	0.032587	
0.030565	0.042193	0.023588	0.746844	0.067774	0.039867	0.049169	
0.167405	0.033754	0.028981	0.028981	0.670985	0.028981	0.040914	
0.028843	0.024092	0.026468	0.028843	0.781812	0.083475	0.026468	
0.026658	0.076897	0.033835	0.024265	0.648667	0.024265	0.165414	
0.345578	0.024150	0.021769	0.021769	0.302721	0.031293	0.252721	
0.031293	0.626531	0.026531	0.026531	0.114626	0.093197	0.081293	
0.163412	0.316889	0.053100	0.021925	0.045906	0.163412	0.235355	
0.024441	0.564200	0.029260	0.024441	0.022031	0.103959	0.231670	
0.138026	0.357833	0.217736	0.171843	0.063147	0.029331	0.022084	
0.024207	0.389362	0.021821	0.024207	0.048074	0.196045	0.296284	
