0.414907	0.001722	0.033065	0.000928	0.021736	0.040698	0.039103	0.107316	0.050920	0.114490	0.004235	0.008276	0.077007	0.043694	0.041903	
0.526654	0.010221	0.052495	0.000893	0.018931	0.012370	0.029098	0.125059	0.021319	0.087954	0.005553	0.018228	0.053580	0.033346	0.004298	
0.479306	0.004644	0.021630	0.001284	0.022924	0.019183	0.026920	0.146327	0.022595	0.124165	0.006602	0.011650	0.087315	0.020383	0.005075	
0.544478	0.000978	0.023181	0.010238	0.032405	0.062282	0.163398	0.012111	0.021391	0.011198	0.048788	0.015200	0.009919	0.038608	0.005825	
0.400826	0.003727	0.077636	0.006782	0.023552	0.041929	0.094903	0.031497	0.122799	0.020475	0.037685	0.051303	0.017387	0.064896	0.004601	
0.480320	0.005676	0.047894	0.006799	0.023951	0.042198	0.106487	0.040859	0.082551	0.023629	0.035950	0.037356	0.009940	0.051387	0.005004	
0.386581	0.000952	0.045792	0.009435	0.025934	0.059146	0.129344	0.010601	0.141884	0.010890	0.050563	0.052933	0.006506	0.061387	0.008050	
0.435315	0.004456	0.097346	0.000842	0.023375	0.026648	0.060082	0.038148	0.093624	0.037341	0.006845	0.032431	0.027207	0.084272	0.032070	
0.449822	0.000841	0.109219	0.002167	0.029662	0.031438	0.086911	0.010472	0.073056	0.020665	0.011960	0.026640	0.028910	0.089245	0.028993	
0.304084	0.001159	0.145356	0.001212	0.018998	0.052587	0.051548	0.012222	0.120674	0.040644	0.008196	0.033054	0.037793	0.105202	0.067270	
0.282681	0.000870	0.134564	0.000698	0.018219	0.053236	0.049190	0.010213	0.147601	0.042046	0.006637	0.038047	0.033348	0.110055	0.072595	
0.286985	0.001429	0.123416	0.002560	0.019915	0.044381	0.058000	0.014013	0.173301	0.029989	0.018009	0.054903	0.026694	0.102286	0.044119	
0.339281	0.001545	0.286534	0.001263	0.026570	0.010639	0.022108	0.015052	0.041427	0.012691	0.008406	0.041180	0.075591	0.111710	0.006004	
0.417252	0.007006	0.221288	0.000922	0.021317	0.008476	0.016390	0.057369	0.022858	0.035088	0.006330	0.033228	0.064180	0.084161	0.004135	
0.367702	0.005330	0.217220	0.000921	0.021800	0.010191	0.020497	0.040615	0.074794	0.025872	0.008317	0.046455	0.055629	0.097072	0.007588	
0.537910	0.001421	0.020524	0.000723	0.032159	0.013700	0.065317	0.094275	0.023383	0.085116	0.003382	0.008723	0.064706	0.042446	0.006214	
0.518420	0.006586	0.011627	0.000648	0.022362	0.014301	0.027618	0.148825	0.015359	0.120300	0.003431	0.009597	0.077615	0.019040	0.004271	
0.424253	0.000948	0.012592	0.000669	0.023243	0.039855	0.044674	0.107037	0.059234	0.116526	0.003121	0.007862	0.074527	0.042965	0.042495	
0.420020	0.001169	0.015533	0.003090	0.021160	0.075785	0.108898	0.012840	0.098407	0.049550	0.014554	0.009495	0.007459	0.076802	0.085238	
0.307162	0.001342	0.077077	0.000600	0.025431	0.008052	0.047806	0.031940	0.247794	0.027161	0.013427	0.082636	0.019236	0.104161	0.006177	
0.361335	0.005190	0.051253	0.001594	0.018075	0.036307	0.060591	0.039509	0.184224	0.040175	0.014109	0.054245	0.007045	0.086358	0.039991	
0.299242	0.001298	0.072916	0.002209	0.023790	0.024794	0.066960	0.013765	0.247529	0.016948	0.020518	0.079561	0.006571	0.104975	0.018922	
0.363608	0.010836	0.074377	0.000857	0.013466	0.008342	0.021903	0.077004	0.205054	0.041369	0.014001	0.076724	0.008913	0.078845	0.004701	
0.364599	0.000836	0.058901	0.000951	0.025303	0.030499	0.070193	0.023494	0.178279	0.035820	0.010378	0.050678	0.018163	0.095551	0.036354	
