0.621579	0.001081	0.016492	0.000824	0.017762	0.025528	0.094879	0.053106	0.016625	0.055396	0.006966	0.007299	0.066555	0.011930	0.003979	
0.479821	0.003420	0.053156	0.000856	0.014472	0.012593	0.030550	0.118439	0.051010	0.096136	0.011954	0.050749	0.037672	0.030999	0.008173	
0.507577	0.002158	0.034542	0.001550	0.013372	0.016320	0.039675	0.123730	0.042720	0.101041	0.009649	0.048006	0.031195	0.022618	0.005847	
0.435844	0.000945	0.037610	0.008218	0.021751	0.064581	0.140901	0.021037	0.120379	0.019763	0.021472	0.041449	0.013290	0.048264	0.004497	
0.351934	0.004873	0.093660	0.004362	0.022401	0.040078	0.088037	0.028249	0.143524	0.023328	0.024523	0.055647	0.033920	0.073311	0.012154	
0.437820	0.001112	0.039548	0.005294	0.014666	0.043478	0.097569	0.062757	0.112744	0.050576	0.014919	0.052063	0.012238	0.048830	0.006386	
0.494397	0.001311	0.034495	0.013187	0.030943	0.098504	0.177159	0.011000	0.039925	0.010553	0.034385	0.017023	0.013435	0.019883	0.003801	
0.454911	0.001552	0.085552	0.000651	0.012100	0.030641	0.055630	0.051329	0.078329	0.047335	0.006612	0.020929	0.040239	0.081681	0.032509	
0.361215	0.001239	0.132014	0.002318	0.011850	0.050899	0.058498	0.019809	0.109370	0.020111	0.009017	0.013718	0.024812	0.130238	0.054893	
0.306223	0.003549	0.157160	0.003273	0.017590	0.053574	0.051962	0.017503	0.116672	0.015857	0.017919	0.022537	0.027742	0.133892	0.054546	
0.252670	0.000723	0.177519	0.000895	0.005609	0.049029	0.027215	0.014352	0.161834	0.013650	0.003370	0.019247	0.008749	0.186914	0.078223	
0.246202	0.017406	0.202029	0.002270	0.052582	0.018380	0.034754	0.011854	0.104128	0.011086	0.058763	0.064594	0.112691	0.058094	0.005166	
0.399804	0.001619	0.102794	0.000935	0.008122	0.029672	0.023852	0.085693	0.081135	0.069182	0.006383	0.033895	0.020454	0.095699	0.040761	
0.302736	0.006550	0.148080	0.000729	0.023857	0.023805	0.023746	0.046077	0.125992	0.040719	0.021112	0.045544	0.049718	0.105706	0.035631	
0.387267	0.007854	0.110331	0.001345	0.024915	0.015307	0.020049	0.094403	0.065115	0.075050	0.026579	0.056702	0.055310	0.047329	0.012444	
0.522179	0.001337	0.020680	0.000771	0.049178	0.006669	0.013116	0.119647	0.020638	0.131711	0.004885	0.009129	0.069597	0.013593	0.016871	
0.536403	0.001192	0.018709	0.000957	0.038804	0.010354	0.026516	0.116758	0.021578	0.120787	0.005212	0.015881	0.060728	0.013050	0.013070	
0.508350	0.000991	0.027910	0.001615	0.045385	0.015432	0.024986	0.107316	0.029498	0.118234	0.005812	0.009096	0.061311	0.024023	0.020041	
0.388872	0.001275	0.107223	0.002492	0.027329	0.041299	0.035484	0.055369	0.076996	0.060211	0.008860	0.008830	0.035715	0.100635	0.049409	
0.307613	0.007538	0.107715	0.000689	0.031492	0.009774	0.052644	0.032236	0.179207	0.034337	0.024147	0.068328	0.061883	0.075309	0.007088	
0.336024	0.008006	0.122898	0.001916	0.036148	0.021725	0.043185	0.042561	0.115206	0.043189	0.028510	0.048411	0.066710	0.068757	0.016753	
0.320402	0.000911	0.051554	0.002327	0.009111	0.024792	0.107978	0.012271	0.258967	0.012136	0.007342	0.080279	0.009748	0.097607	0.004575	
0.410791	0.001057	0.039860	0.000817	0.012800	0.011737	0.053993	0.083889	0.151794	0.073146	0.004130	0.063947	0.021391	0.062288	0.008359	
0.310182	0.001027	0.078224	0.001716	0.007898	0.027805	0.088198	0.015185	0.235743	0.014181	0.006323	0.067866	0.011237	0.114886	0.019529	
