0.028707	0.028707	0.073624	0.019250	0.021614	0.792300	0.035799	
0.064626	0.040816	0.169388	0.157483	0.021769	0.367007	0.178912	
0.026468	0.033593	0.130981	0.214116	0.040719	0.432643	0.121479	
0.545362	0.028775	0.306026	0.019296	0.031144	0.028775	0.040623	
0.430924	0.240336	0.045042	0.068571	0.026218	0.023866	0.165042	
0.756263	0.054841	0.024035	0.054841	0.026405	0.026405	0.057211	
0.286390	0.371496	0.132725	0.031071	0.097264	0.047619	0.033435	
0.028571	0.026218	0.736807	0.063866	0.082689	0.028571	0.033277	
0.096497	0.072459	0.471497	0.245536	0.060440	0.021978	0.031593	
0.051442	0.034411	0.036844	0.272854	0.499131	0.034411	0.070907	
0.026035	0.023698	0.145194	0.264352	0.469960	0.021362	0.049399	
0.179958	0.078017	0.034327	0.347434	0.306172	0.031900	0.022191	
0.030353	0.041900	0.175850	0.510723	0.108875	0.081161	0.051138	
0.032890	0.023588	0.049169	0.621262	0.032890	0.051495	0.188704	
0.054326	0.037894	0.040241	0.737425	0.035547	0.051979	0.042589	
0.033754	0.031367	0.055234	0.031367	0.021821	0.026594	0.799864	
0.026468	0.019342	0.059722	0.028843	0.028843	0.031218	0.805565	
0.033673	0.043197	0.062245	0.028912	0.112245	0.031293	0.688435	
0.133040	0.033514	0.076168	0.028775	0.388964	0.057211	0.282329	
0.159864	0.074150	0.047959	0.257483	0.264626	0.031293	0.164626	
0.036227	0.024265	0.031442	0.038619	0.706083	0.052973	0.110390	
0.045906	0.777321	0.031518	0.024323	0.043508	0.026721	0.050702	
0.045687	0.601773	0.060007	0.033754	0.038527	0.172179	0.048074	
0.024092	0.435019	0.342382	0.016966	0.126230	0.021717	0.033593	
