0.502541	0.002772	0.032880	0.000693	0.036053	0.029527	0.035523	0.124481	0.032679	0.124792	0.005304	0.010127	0.030985	0.018890	0.012753	
0.468693	0.003466	0.058032	0.000664	0.032073	0.022626	0.040418	0.109782	0.024560	0.108516	0.004453	0.019924	0.033958	0.068774	0.004062	
0.497503	0.002690	0.035998	0.000741	0.033547	0.026572	0.039035	0.115147	0.039826	0.117478	0.005106	0.014555	0.029650	0.037677	0.004475	
0.397280	0.002501	0.056052	0.008180	0.032644	0.095652	0.171406	0.017673	0.042034	0.010155	0.051259	0.024852	0.016939	0.069217	0.004157	
0.320198	0.006850	0.076623	0.004830	0.028845	0.055810	0.095646	0.039439	0.126536	0.013368	0.030586	0.060615	0.034112	0.095484	0.011060	
0.366112	0.005328	0.075344	0.004881	0.032411	0.061444	0.108674	0.054314	0.054651	0.035433	0.031000	0.039752	0.029571	0.092621	0.008464	
0.437469	0.001185	0.026045	0.005724	0.024301	0.066381	0.111909	0.020017	0.164469	0.025327	0.035427	0.034711	0.019418	0.020336	0.007282	
0.336309	0.000938	0.179277	0.000661	0.005537	0.005795	0.049023	0.014853	0.130201	0.017184	0.003393	0.042956	0.027839	0.146952	0.039081	
0.341878	0.001027	0.172396	0.002799	0.012074	0.030934	0.098029	0.012004	0.056814	0.011573	0.016751	0.033003	0.020354	0.165286	0.025080	
0.323240	0.002992	0.146238	0.003160	0.016584	0.035917	0.063221	0.020359	0.131041	0.011015	0.020568	0.041986	0.048800	0.069257	0.065621	
0.343792	0.000981	0.151091	0.002567	0.010808	0.028537	0.059178	0.009506	0.155174	0.010110	0.016366	0.038006	0.040037	0.069572	0.064274	
0.332001	0.002183	0.145925	0.002814	0.014101	0.032048	0.056459	0.016647	0.151837	0.011288	0.018323	0.040994	0.046773	0.059721	0.068886	
0.394239	0.002014	0.127015	0.000639	0.018650	0.015440	0.033678	0.061729	0.092556	0.061188	0.004475	0.028638	0.039525	0.074557	0.045656	
0.360295	0.003775	0.134421	0.000568	0.019683	0.013389	0.034036	0.063909	0.090523	0.054236	0.003982	0.039591	0.039843	0.103975	0.037773	
0.440245	0.002674	0.072831	0.000714	0.026585	0.022468	0.029811	0.089060	0.096433	0.087179	0.005256	0.025240	0.034949	0.035343	0.031214	
0.572705	0.001068	0.017832	0.000642	0.026901	0.005436	0.010738	0.097718	0.022412	0.131780	0.002829	0.009262	0.079199	0.017895	0.003583	
0.524683	0.002890	0.032543	0.000655	0.027512	0.005296	0.011745	0.096780	0.030191	0.118869	0.003110	0.021374	0.078024	0.043570	0.002757	
0.503774	0.002390	0.025669	0.003239	0.030288	0.036665	0.062268	0.074074	0.036739	0.089941	0.019655	0.019011	0.060060	0.032968	0.003258	
0.435869	0.001287	0.091717	0.002570	0.020251	0.028724	0.051693	0.045648	0.085643	0.057561	0.016019	0.023747	0.057109	0.040979	0.041180	
0.175322	0.015420	0.135091	0.001233	0.031297	0.011315	0.024596	0.081854	0.113837	0.017277	0.008479	0.107845	0.064516	0.206436	0.005482	
0.261668	0.008897	0.125732	0.003024	0.025607	0.033347	0.068144	0.047420	0.109406	0.011266	0.019295	0.073290	0.043946	0.152469	0.016489	
0.318775	0.006193	0.077445	0.002262	0.018145	0.024092	0.049043	0.033436	0.231438	0.013409	0.013717	0.077453	0.026749	0.103311	0.004533	
0.353861	0.004540	0.051469	0.000821	0.011310	0.007280	0.015465	0.028798	0.329301	0.019959	0.004250	0.082905	0.020849	0.065534	0.003658	
0.386171	0.001761	0.070720	0.004152	0.017365	0.047125	0.097146	0.013196	0.180911	0.012618	0.025206	0.047372	0.011587	0.080064	0.004606	
