0.047619	0.026342	0.021614	0.026342	0.028707	0.016886	0.832489	
0.036054	0.552721	0.128912	0.076531	0.050340	0.043197	0.112245	
0.067651	0.625343	0.031593	0.017170	0.046016	0.074863	0.137363	
0.817874	0.028775	0.026405	0.028775	0.033514	0.042993	0.021666	
0.243324	0.121829	0.184913	0.103138	0.028371	0.290053	0.028371	
0.380617	0.289068	0.037894	0.056673	0.040241	0.167002	0.028504	
0.727395	0.019160	0.052101	0.023866	0.026218	0.127395	0.023866	
0.040719	0.261622	0.154734	0.340007	0.045470	0.031218	0.126230	
0.160629	0.031442	0.033835	0.567327	0.026658	0.045796	0.134313	
0.106883	0.082670	0.145624	0.431339	0.031823	0.160152	0.041508	
0.035547	0.033199	0.049631	0.638833	0.047284	0.167002	0.028504	
0.100104	0.036844	0.703511	0.031978	0.022245	0.034411	0.070907	
0.053946	0.361638	0.093573	0.319680	0.028305	0.042291	0.100566	
0.051376	0.155784	0.167385	0.397083	0.155784	0.051376	0.021213	
0.037368	0.437831	0.319775	0.118386	0.032738	0.032738	0.021164	
0.028843	0.028843	0.031218	0.016966	0.848320	0.019342	0.026468	
0.048420	0.137363	0.019574	0.024382	0.673420	0.024382	0.072459	
0.055632	0.031593	0.038805	0.173420	0.642170	0.024382	0.033997	
0.136054	0.052721	0.036054	0.388435	0.305102	0.021769	0.059864	
0.035630	0.030924	0.233277	0.033277	0.289748	0.353277	0.023866	
0.038527	0.088646	0.303444	0.141152	0.227071	0.176952	0.024207	
0.189791	0.033916	0.024323	0.021925	0.033916	0.676602	0.019527	
0.043929	0.286060	0.029402	0.024559	0.213421	0.368385	0.034244	
0.155472	0.031367	0.026594	0.165019	0.050460	0.496761	0.074327	
