0.423142	0.001242	0.011951	0.000758	0.027561	0.102853	0.065586	0.059520	0.023257	0.134928	0.003315	0.006596	0.009440	0.014239	0.115611	
0.498765	0.001053	0.077245	0.001027	0.023855	0.010023	0.025527	0.106418	0.044948	0.082080	0.005438	0.016374	0.079380	0.021345	0.006522	
0.526001	0.003015	0.059936	0.001577	0.019938	0.017011	0.021173	0.103386	0.033058	0.080116	0.009560	0.010969	0.072683	0.031909	0.009669	
0.582354	0.000956	0.021112	0.013056	0.006599	0.100101	0.091690	0.011246	0.031779	0.008687	0.084617	0.013423	0.015930	0.013948	0.004502	
0.345828	0.001821	0.105260	0.004650	0.027099	0.038100	0.095160	0.029411	0.149909	0.024198	0.029487	0.063936	0.025031	0.050986	0.009123	
0.439133	0.004962	0.063341	0.006986	0.017374	0.054533	0.084204	0.024461	0.109804	0.015622	0.045697	0.046155	0.017346	0.063269	0.007112	
0.352614	0.000751	0.093205	0.006639	0.030269	0.052777	0.116341	0.016809	0.153674	0.015461	0.042283	0.071066	0.016422	0.025496	0.006194	
0.285399	0.002382	0.173930	0.000870	0.009081	0.008518	0.042697	0.034250	0.154608	0.026660	0.004831	0.038828	0.039870	0.156778	0.021299	
0.256095	0.000990	0.172470	0.001102	0.011032	0.025770	0.056272	0.022166	0.158115	0.033519	0.005934	0.040159	0.028103	0.148933	0.039341	
0.247697	0.001192	0.184398	0.000884	0.008555	0.019076	0.050845	0.021387	0.163896	0.028067	0.004578	0.039491	0.030682	0.164022	0.035230	
0.262806	0.002557	0.156426	0.001097	0.014474	0.026075	0.061747	0.023713	0.162409	0.033351	0.006286	0.047227	0.023794	0.140727	0.037313	
0.320082	0.001140	0.146539	0.003871	0.009600	0.037480	0.064962	0.017449	0.139347	0.020873	0.024226	0.037691	0.026098	0.125052	0.025590	
0.404016	0.002712	0.092881	0.000694	0.024203	0.020243	0.045848	0.075561	0.093327	0.069202	0.003634	0.034108	0.051760	0.057777	0.024034	
0.415406	0.004723	0.089306	0.001388	0.022944	0.011731	0.044808	0.070670	0.104598	0.051070	0.008777	0.039167	0.051591	0.075279	0.008541	
0.442788	0.001226	0.104159	0.001012	0.019022	0.011260	0.029455	0.087299	0.071520	0.068714	0.005405	0.020803	0.068427	0.056703	0.012207	
0.556569	0.000875	0.017323	0.000633	0.040593	0.005776	0.021768	0.114923	0.022142	0.093049	0.002696	0.008693	0.097545	0.012901	0.004513	
0.548254	0.006071	0.011484	0.000802	0.032064	0.007692	0.017745	0.101393	0.037376	0.076918	0.005188	0.013333	0.077524	0.057646	0.006511	
0.542390	0.001268	0.015015	0.001014	0.037307	0.021515	0.028476	0.104475	0.021606	0.095788	0.005272	0.007978	0.082824	0.015656	0.019416	
0.507184	0.001663	0.017709	0.004209	0.023876	0.071763	0.057685	0.060698	0.027398	0.083435	0.026359	0.008890	0.036340	0.022766	0.050027	
0.287441	0.006239	0.113498	0.000791	0.032146	0.009646	0.081816	0.042141	0.185335	0.030500	0.005221	0.078939	0.025716	0.089622	0.010950	
0.387177	0.008568	0.098638	0.002282	0.009196	0.019948	0.038577	0.038300	0.123140	0.024181	0.015699	0.034800	0.028652	0.153854	0.016988	
0.279751	0.005771	0.111594	0.001710	0.034320	0.014660	0.093973	0.033297	0.194934	0.022749	0.011148	0.085304	0.020943	0.081889	0.007955	
0.383848	0.015353	0.054709	0.000687	0.018136	0.013924	0.045804	0.045295	0.144995	0.027889	0.006905	0.057096	0.012368	0.154809	0.018184	
0.264118	0.001388	0.105615	0.001452	0.042016	0.035278	0.109371	0.036093	0.179147	0.050489	0.008194	0.082176	0.019698	0.033312	0.031655	
