0.026468	0.658297	0.047845	0.031218	0.024092	0.028843	0.183237	
0.190816	0.281293	0.088435	0.124150	0.040816	0.138435	0.136054	
0.133195	0.548654	0.092133	0.046239	0.036577	0.067978	0.075224	
0.325701	0.026658	0.213260	0.033835	0.033835	0.021873	0.344839	
0.031071	0.035799	0.042891	0.213104	0.222560	0.075988	0.378588	
0.123561	0.061950	0.147258	0.246784	0.052471	0.040623	0.327353	
0.037983	0.146218	0.393277	0.023866	0.313277	0.049748	0.035630	
0.028843	0.223617	0.085850	0.161860	0.066848	0.373261	0.059722	
0.258176	0.022031	0.296730	0.036489	0.029260	0.325645	0.031670	
0.026980	0.041508	0.269111	0.036666	0.077828	0.327222	0.220685	
0.204561	0.026157	0.044936	0.033199	0.056673	0.462777	0.171697	
0.049249	0.098149	0.335313	0.200838	0.054139	0.232623	0.029689	
0.021115	0.025734	0.037281	0.053448	0.074233	0.469152	0.319037	
0.147186	0.028305	0.025974	0.273060	0.028305	0.401265	0.095904	
0.072934	0.173637	0.070592	0.246236	0.037805	0.250920	0.147876	
0.324923	0.064780	0.017047	0.024207	0.520627	0.031367	0.017047	
0.139431	0.096266	0.024323	0.105858	0.580678	0.021925	0.031518	
0.129839	0.144227	0.033916	0.038712	0.256937	0.019527	0.376841	
0.184552	0.067327	0.320916	0.036227	0.203691	0.026658	0.160629	
0.134454	0.061513	0.026218	0.675630	0.035630	0.030924	0.035630	
0.031293	0.033673	0.250340	0.526531	0.093197	0.024150	0.040816	
0.177101	0.031823	0.181944	0.041508	0.467658	0.060879	0.039087	
0.034079	0.260585	0.041308	0.236489	0.316007	0.082272	0.029260	
0.196514	0.026658	0.021873	0.100820	0.390294	0.041012	0.222830	
