0.026531	0.026531	0.026531	0.026531	0.019388	0.850340	0.024150	
0.023978	0.040527	0.061803	0.132725	0.080716	0.101993	0.558257	
0.021925	0.053100	0.031518	0.041110	0.041110	0.069887	0.741350	
0.340816	0.517007	0.040816	0.024150	0.017007	0.031293	0.028912	
0.533044	0.026035	0.084446	0.051736	0.156876	0.033044	0.114820	
0.472035	0.222035	0.056941	0.120620	0.028639	0.023922	0.075809	
0.362689	0.035630	0.047395	0.047395	0.303866	0.030924	0.172101	
0.069720	0.170198	0.029050	0.265892	0.210868	0.093643	0.160629	
0.045578	0.557483	0.019388	0.202721	0.050340	0.097959	0.026531	
0.027178	0.032056	0.024739	0.556446	0.273519	0.046690	0.039373	
0.030780	0.201740	0.019070	0.279023	0.393777	0.026096	0.049515	
0.034244	0.048772	0.046351	0.399862	0.414389	0.026980	0.029402	
0.037454	0.125621	0.030494	0.568777	0.035134	0.169705	0.032814	
0.039867	0.256146	0.049169	0.472425	0.025914	0.049169	0.107309	
0.026096	0.035463	0.035463	0.588157	0.159585	0.098695	0.056541	
0.029260	0.108778	0.544923	0.065404	0.024441	0.024441	0.202754	
0.065091	0.053100	0.643028	0.029120	0.026721	0.024323	0.158616	
0.041012	0.024265	0.598428	0.050581	0.060150	0.072112	0.153452	
0.040816	0.076531	0.214626	0.040816	0.386054	0.071769	0.169388	
0.057346	0.435019	0.242620	0.078724	0.102477	0.021717	0.062097	
0.069553	0.289124	0.136379	0.038527	0.365496	0.031367	0.069553	
0.457769	0.068474	0.080640	0.027112	0.053876	0.027112	0.285019	
0.397935	0.111188	0.140103	0.053356	0.116007	0.034079	0.147332	
0.347232	0.239576	0.170198	0.036227	0.084074	0.052973	0.069720	
