0.024092	0.594164	0.252121	0.021717	0.035969	0.024092	0.047845	
0.041110	0.441590	0.055498	0.024323	0.364851	0.033916	0.038712	
0.148766	0.435871	0.041710	0.051442	0.165798	0.090372	0.066041	
0.031518	0.021925	0.038712	0.021925	0.170606	0.062693	0.652621	
0.298210	0.087808	0.068896	0.106721	0.040527	0.097264	0.300574	
0.308954	0.041012	0.055366	0.043404	0.050581	0.055366	0.445318	
0.322689	0.028571	0.035630	0.026218	0.021513	0.035630	0.529748	
0.055766	0.043718	0.077453	0.337694	0.246127	0.113597	0.125645	
0.041508	0.031823	0.036666	0.351435	0.092356	0.123833	0.322380	
0.066364	0.027244	0.173943	0.504017	0.066364	0.054139	0.107929	
0.042589	0.019115	0.169349	0.509725	0.021462	0.026157	0.211603	
0.037024	0.027244	0.291303	0.533357	0.022354	0.041914	0.046804	
0.032662	0.064995	0.021115	0.058067	0.021115	0.764764	0.037281	
0.114552	0.046953	0.023643	0.205461	0.119214	0.464202	0.025974	
0.044831	0.171295	0.026096	0.255604	0.112747	0.346939	0.042489	
0.031518	0.069887	0.019527	0.033916	0.643028	0.173004	0.029120	
0.031593	0.041209	0.096497	0.019574	0.567651	0.053228	0.190247	
0.038619	0.172591	0.203691	0.021873	0.289815	0.093643	0.179768	
0.036489	0.029260	0.540103	0.046127	0.258176	0.036489	0.053356	
0.349624	0.177375	0.026658	0.081681	0.289815	0.055366	0.019481	
0.141829	0.060295	0.074683	0.410415	0.216170	0.067489	0.029120	
0.387209	0.029545	0.109837	0.104970	0.034411	0.231491	0.102537	
0.597465	0.031518	0.125043	0.031518	0.041110	0.117849	0.055498	
0.331307	0.031071	0.158730	0.033435	0.243837	0.052347	0.149274	
