0.031071	0.023978	0.021614	0.023978	0.028707	0.832489	0.038163	
0.035969	0.059722	0.035969	0.722430	0.054971	0.031218	0.059722	
0.040914	0.040914	0.019434	0.740198	0.038527	0.036140	0.083873	
0.824150	0.033673	0.021769	0.026531	0.024150	0.036054	0.033673	
0.358827	0.271563	0.045148	0.229111	0.030997	0.033356	0.030997	
0.411266	0.123855	0.126230	0.261622	0.024092	0.028843	0.024092	
0.383673	0.295578	0.112245	0.021769	0.074150	0.038435	0.074150	
0.067007	0.124150	0.493197	0.197959	0.057483	0.021769	0.038435	
0.062543	0.062543	0.622351	0.036227	0.041012	0.139098	0.036227	
0.034495	0.032056	0.675958	0.049129	0.039373	0.061324	0.107666	
0.040241	0.218645	0.458082	0.047284	0.033199	0.040241	0.162307	
0.288153	0.046690	0.485714	0.022300	0.024739	0.088153	0.044251	
0.028305	0.205461	0.137862	0.375624	0.037629	0.177489	0.037629	
0.094011	0.028438	0.337571	0.442958	0.047173	0.030780	0.019070	
0.091030	0.021262	0.193355	0.602658	0.035216	0.023588	0.032890	
0.031218	0.028843	0.026468	0.033593	0.724805	0.031218	0.123855	
0.035969	0.045470	0.024092	0.081099	0.765185	0.021717	0.026468	
0.033514	0.028775	0.019296	0.028775	0.656737	0.078538	0.154367	
0.135410	0.042993	0.050102	0.028775	0.045362	0.144888	0.552471	
0.070055	0.565247	0.101305	0.046016	0.108516	0.033997	0.074863	
0.134168	0.112270	0.396941	0.129301	0.112270	0.022245	0.092805	
0.058457	0.634728	0.104462	0.041508	0.102041	0.036666	0.022138	
0.038898	0.566609	0.055766	0.219621	0.029260	0.041308	0.048537	
0.055366	0.610390	0.060150	0.021873	0.045796	0.026658	0.179768	
