0.424011	0.018358	0.048540	0.001132	0.044023	0.043760	0.018286	0.160293	0.030208	0.128137	0.005530	0.006898	0.020174	0.038145	0.012505	
0.501135	0.009206	0.034638	0.001398	0.027976	0.031774	0.032118	0.090537	0.057673	0.076986	0.017655	0.022032	0.048452	0.032390	0.016030	
0.462145	0.011782	0.044625	0.001161	0.029410	0.030548	0.019703	0.102858	0.088791	0.080781	0.010713	0.040246	0.036841	0.035028	0.005367	
0.532346	0.001119	0.044368	0.005460	0.021787	0.056531	0.168319	0.012388	0.024468	0.011462	0.025819	0.006607	0.065425	0.018913	0.004987	
0.340567	0.001199	0.111749	0.007071	0.031516	0.064286	0.204569	0.026873	0.070428	0.023784	0.006401	0.029865	0.023741	0.048326	0.009625	
0.393216	0.000997	0.062011	0.005718	0.024836	0.056204	0.175248	0.019110	0.102311	0.019361	0.012320	0.040891	0.029686	0.046922	0.011171	
0.338039	0.001185	0.053440	0.007053	0.027415	0.065616	0.221972	0.012885	0.140861	0.011581	0.003416	0.063217	0.008543	0.040448	0.004329	
0.358753	0.001568	0.106435	0.001376	0.010957	0.028147	0.028647	0.024661	0.157105	0.022283	0.024254	0.041328	0.046458	0.133490	0.014536	
0.393353	0.001190	0.134609	0.002477	0.014407	0.035255	0.054323	0.023575	0.089435	0.019546	0.027086	0.014125	0.061193	0.118096	0.011331	
0.195431	0.001221	0.161866	0.001069	0.010873	0.033764	0.017152	0.027280	0.200781	0.026507	0.022513	0.035546	0.023710	0.217917	0.024370	
0.261847	0.001181	0.126432	0.000965	0.008403	0.030402	0.019134	0.020228	0.204982	0.019368	0.023778	0.046390	0.031145	0.187225	0.018523	
0.233264	0.000884	0.138062	0.002508	0.012368	0.045388	0.069835	0.015218	0.179964	0.014669	0.022917	0.031041	0.025588	0.190787	0.017510	
0.453640	0.001484	0.189138	0.002424	0.021123	0.010337	0.013323	0.049060	0.049053	0.037258	0.013269	0.039383	0.075611	0.040092	0.004805	
0.398095	0.001197	0.214260	0.003151	0.024757	0.018050	0.033982	0.052159	0.037720	0.041483	0.011367	0.027955	0.067138	0.058719	0.009966	
0.400898	0.001251	0.184846	0.003606	0.025477	0.021152	0.056256	0.048931	0.058189	0.039439	0.008097	0.041610	0.058136	0.043168	0.008945	
0.564738	0.001068	0.028667	0.000751	0.024748	0.010564	0.009101	0.072349	0.025137	0.084719	0.025142	0.013015	0.068694	0.015114	0.056192	
0.589457	0.000987	0.026029	0.000814	0.020897	0.012696	0.013026	0.059513	0.026054	0.069548	0.029104	0.011430	0.077230	0.016988	0.046227	
0.446734	0.001728	0.024739	0.001827	0.041671	0.018755	0.046196	0.113826	0.019097	0.134996	0.009625	0.011601	0.026282	0.012329	0.090594	
0.417173	0.001228	0.031872	0.001428	0.040895	0.017071	0.034442	0.114669	0.030314	0.138370	0.010444	0.010085	0.022677	0.032360	0.096973	
0.396478	0.000864	0.063511	0.001121	0.013383	0.017128	0.023663	0.033258	0.176674	0.036395	0.017463	0.068104	0.039181	0.087923	0.024855	
0.324103	0.002296	0.087135	0.001208	0.022081	0.029299	0.028970	0.061339	0.127568	0.067666	0.019487	0.025075	0.027675	0.129395	0.046702	
0.389592	0.001756	0.048641	0.002333	0.013658	0.022130	0.062601	0.022989	0.217027	0.019451	0.008272	0.101404	0.027276	0.057810	0.005058	
0.345206	0.003981	0.028340	0.000894	0.013038	0.014134	0.022380	0.040172	0.276913	0.034221	0.003339	0.125611	0.009727	0.074051	0.007994	
0.415940	0.003997	0.067996	0.003308	0.022570	0.041843	0.093462	0.043900	0.101734	0.037939	0.016488	0.035424	0.039584	0.064074	0.011742	
