0.558682	0.001336	0.012059	0.000651	0.035791	0.026116	0.074775	0.026332	0.014546	0.111700	0.002431	0.005980	0.024356	0.009788	0.095458	
0.387342	0.006142	0.112601	0.000976	0.020590	0.020694	0.025011	0.173382	0.049937	0.089207	0.005314	0.032391	0.038744	0.031842	0.005827	
0.343465	0.010907	0.022396	0.000794	0.011863	0.029383	0.015712	0.320851	0.025529	0.160462	0.005827	0.011718	0.018618	0.017210	0.005266	
0.479069	0.001024	0.011989	0.010881	0.026904	0.100531	0.172422	0.017542	0.101746	0.013795	0.033547	0.006650	0.007141	0.012101	0.004657	
0.440375	0.002027	0.081544	0.006542	0.025959	0.062994	0.110524	0.041236	0.092856	0.025407	0.022158	0.023956	0.026291	0.031961	0.006168	
0.364642	0.002828	0.051904	0.004396	0.015125	0.045879	0.079320	0.037505	0.157885	0.026132	0.021416	0.065715	0.016021	0.098708	0.012526	
0.459275	0.001293	0.023364	0.009307	0.025299	0.087398	0.151587	0.017515	0.110489	0.017297	0.030495	0.017298	0.010943	0.029596	0.008845	
0.289758	0.004607	0.129618	0.000860	0.018072	0.022005	0.048802	0.044365	0.146983	0.043859	0.020941	0.037056	0.031641	0.125587	0.035845	
0.202551	0.005328	0.135800	0.001126	0.012362	0.027675	0.061631	0.026103	0.197221	0.030319	0.030108	0.038511	0.014754	0.171826	0.044684	
0.234763	0.004683	0.161168	0.000612	0.015945	0.020074	0.049564	0.021074	0.177446	0.026352	0.025426	0.040266	0.029278	0.155917	0.037432	
0.197506	0.005221	0.134274	0.001603	0.011858	0.031030	0.066516	0.020525	0.205084	0.024146	0.031992	0.039500	0.014398	0.175324	0.041023	
0.246500	0.004297	0.159822	0.001651	0.016595	0.027826	0.062043	0.016865	0.175311	0.018934	0.026951	0.038474	0.026213	0.146086	0.032432	
0.411377	0.002126	0.182848	0.000676	0.029157	0.012879	0.039037	0.027104	0.077651	0.033929	0.007895	0.038069	0.054111	0.058807	0.024333	
0.441745	0.001255	0.227145	0.000696	0.034483	0.007644	0.030243	0.011386	0.059521	0.018126	0.005580	0.034202	0.078636	0.041939	0.007400	
0.410526	0.003147	0.181516	0.001120	0.028307	0.016338	0.035768	0.070241	0.061876	0.043200	0.007215	0.032635	0.056172	0.041701	0.010237	
0.616944	0.001147	0.015932	0.000588	0.042876	0.005635	0.010139	0.017514	0.024046	0.085719	0.002819	0.011452	0.141157	0.017642	0.006389	
0.539610	0.001005	0.019893	0.000714	0.029690	0.006016	0.010234	0.016559	0.086976	0.059608	0.002445	0.066189	0.097375	0.059405	0.004281	
0.510027	0.004634	0.018009	0.001274	0.030611	0.021690	0.027908	0.128420	0.024388	0.111928	0.005262	0.009447	0.078817	0.013085	0.014497	
0.539142	0.001246	0.023423	0.002730	0.034888	0.034666	0.074602	0.014543	0.048925	0.075754	0.010629	0.011368	0.056084	0.024602	0.047398	
0.402472	0.003000	0.111181	0.001875	0.020574	0.022250	0.039729	0.068394	0.103736	0.041429	0.008752	0.063639	0.038729	0.066489	0.007752	
0.267780	0.004035	0.116196	0.000966	0.013326	0.019540	0.042547	0.019772	0.189472	0.024702	0.022444	0.064931	0.030898	0.156814	0.026577	
0.377710	0.002292	0.056614	0.004178	0.016515	0.042386	0.075072	0.022265	0.158263	0.021100	0.020346	0.068955	0.023394	0.099700	0.011211	
0.405253	0.001756	0.028364	0.000903	0.010406	0.011879	0.021799	0.036139	0.166410	0.036185	0.003938	0.127449	0.019437	0.114488	0.015592	
0.441327	0.001231	0.035325	0.005012	0.021655	0.050909	0.095771	0.008604	0.127001	0.029385	0.018722	0.055024	0.017387	0.067431	0.025216	
