0.471083	0.004941	0.119093	0.000702	0.023418	0.021467	0.053253	0.079632	0.041836	0.063388	0.004300	0.024597	0.043254	0.041483	0.007555	
0.476579	0.006181	0.060489	0.002309	0.032099	0.016784	0.031529	0.100022	0.045367	0.087536	0.014591	0.017399	0.055958	0.030727	0.022428	
0.510251	0.006186	0.047179	0.003531	0.032934	0.012742	0.032109	0.105440	0.023847	0.089952	0.020119	0.010026	0.057421	0.021688	0.026575	
0.454419	0.001238	0.103080	0.006639	0.008962	0.017174	0.060242	0.051193	0.069551	0.019627	0.026893	0.034212	0.045045	0.088093	0.013632	
0.456253	0.001799	0.075050	0.006231	0.022357	0.035030	0.089712	0.048342	0.085718	0.037121	0.030828	0.020907	0.036471	0.022439	0.031743	
0.448517	0.001021	0.079983	0.007335	0.008621	0.016049	0.063961	0.053982	0.081697	0.013068	0.027360	0.037414	0.048658	0.105173	0.007162	
0.313227	0.000854	0.024411	0.000746	0.037706	0.088003	0.198490	0.009237	0.237140	0.009751	0.003521	0.043604	0.008200	0.019546	0.005565	
0.400889	0.001592	0.158371	0.002226	0.010214	0.032216	0.073041	0.034271	0.096448	0.021480	0.009953	0.043310	0.031317	0.075940	0.008732	
0.410828	0.000780	0.162820	0.000661	0.004748	0.025909	0.077427	0.014132	0.069724	0.008629	0.004144	0.054210	0.016210	0.144998	0.004781	
0.213557	0.001790	0.123204	0.001042	0.014132	0.043063	0.025470	0.015989	0.225926	0.035663	0.012895	0.077066	0.040568	0.140021	0.029614	
0.233615	0.001901	0.139770	0.000868	0.015996	0.046740	0.033305	0.014761	0.211337	0.040719	0.013986	0.068943	0.036295	0.105988	0.035775	
0.303279	0.003153	0.085711	0.000769	0.028658	0.042543	0.031608	0.019392	0.152359	0.073484	0.023605	0.051511	0.026103	0.092129	0.065694	
0.473786	0.000890	0.221313	0.000870	0.005754	0.033607	0.102050	0.019334	0.030907	0.011740	0.004573	0.031477	0.011474	0.045288	0.006935	
0.420023	0.002540	0.114364	0.002986	0.019049	0.028896	0.055762	0.040304	0.078409	0.048327	0.021108	0.034477	0.031825	0.067028	0.034902	
0.383386	0.002899	0.087820	0.003987	0.024690	0.032244	0.036536	0.039806	0.107042	0.065563	0.031564	0.034551	0.036839	0.055920	0.057155	
0.471963	0.007666	0.017152	0.000743	0.037060	0.008320	0.012121	0.115570	0.040485	0.103140	0.008109	0.023331	0.061333	0.075839	0.017169	
0.529423	0.007494	0.034064	0.003402	0.033938	0.005053	0.023333	0.135841	0.017181	0.094393	0.012707	0.007118	0.073090	0.017827	0.005137	
0.451750	0.006579	0.019526	0.000994	0.037449	0.018724	0.032021	0.094837	0.060749	0.094626	0.011905	0.025081	0.050858	0.068370	0.026532	
0.434758	0.006180	0.022366	0.000776	0.041887	0.022974	0.014592	0.064648	0.050369	0.116085	0.026319	0.023958	0.033603	0.068319	0.073167	
0.344043	0.004350	0.084498	0.002252	0.021715	0.025374	0.021112	0.072944	0.142602	0.059142	0.011656	0.048327	0.059310	0.089135	0.013540	
0.376490	0.003887	0.046169	0.002261	0.022526	0.017632	0.022463	0.058933	0.106156	0.059770	0.016435	0.050368	0.046336	0.144935	0.025640	
0.271045	0.000728	0.042606	0.000942	0.020252	0.053147	0.108149	0.008936	0.218447	0.006833	0.004825	0.072956	0.023012	0.164461	0.003661	
0.390932	0.001835	0.047005	0.003851	0.023932	0.039605	0.092072	0.036878	0.129605	0.032324	0.020513	0.040566	0.031364	0.086399	0.023117	
0.351094	0.003405	0.050383	0.000815	0.031557	0.052211	0.104852	0.052112	0.169645	0.042404	0.004046	0.042442	0.035822	0.053600	0.005614	
