0.043300	0.026594	0.043300	0.026594	0.021821	0.026594	0.811797	
0.131293	0.026531	0.026531	0.038435	0.424150	0.043197	0.309864	
0.091470	0.350462	0.036314	0.031518	0.225762	0.031518	0.232956	
0.833673	0.026531	0.017007	0.026531	0.026531	0.043197	0.026531	
0.225687	0.028504	0.359490	0.028504	0.282025	0.037894	0.037894	
0.469388	0.097959	0.081293	0.033673	0.193197	0.100340	0.024150	
0.174454	0.040336	0.659160	0.026218	0.019160	0.030924	0.049748	
0.030924	0.045042	0.023866	0.033277	0.063866	0.783866	0.019160	
0.140816	0.021769	0.140816	0.293197	0.031293	0.283673	0.088435	
0.145314	0.039663	0.086346	0.582661	0.044577	0.044577	0.056862	
0.067932	0.044622	0.044622	0.667000	0.035298	0.109890	0.030636	
0.024799	0.019909	0.073699	0.176388	0.068809	0.609151	0.027244	
0.064995	0.104256	0.048829	0.265919	0.367535	0.081161	0.067305	
0.112221	0.053946	0.025974	0.189144	0.538795	0.042291	0.037629	
0.047063	0.028371	0.033044	0.056409	0.647530	0.142857	0.044726	
0.084682	0.282272	0.029260	0.024441	0.041308	0.038898	0.499139	
0.050702	0.798904	0.031518	0.029120	0.031518	0.026721	0.031518	
0.052973	0.251538	0.057758	0.031442	0.026658	0.019481	0.560150	
0.031293	0.457483	0.178912	0.076531	0.050340	0.043197	0.162245	
0.105353	0.157859	0.470508	0.040914	0.138766	0.043300	0.043300	
0.196514	0.136705	0.208476	0.045796	0.050581	0.273069	0.088859	
0.073162	0.155687	0.597434	0.080444	0.027046	0.024619	0.041609	
0.021925	0.242549	0.396026	0.050702	0.110654	0.153820	0.024323	
0.413229	0.079100	0.258098	0.129219	0.021821	0.045687	0.052847	
