0.026658	0.363978	0.026658	0.249146	0.052973	0.029050	0.251538	
0.028843	0.038344	0.050221	0.142857	0.028843	0.028843	0.682050	
0.031367	0.117286	0.157859	0.052847	0.060007	0.040914	0.539720	
0.258098	0.477668	0.074327	0.033754	0.093420	0.033754	0.028981	
0.484971	0.031071	0.064168	0.047619	0.090172	0.118541	0.163458	
0.663846	0.111713	0.038253	0.057211	0.071429	0.024035	0.033514	
0.031071	0.031071	0.026342	0.026342	0.827761	0.040527	0.016886	
0.076713	0.260484	0.062393	0.248551	0.055234	0.219911	0.076713	
0.072459	0.495536	0.019574	0.259959	0.033997	0.089286	0.029190	
0.027112	0.119569	0.044143	0.158498	0.092805	0.494265	0.063608	
0.023643	0.205461	0.049284	0.081918	0.088911	0.513154	0.037629	
0.112819	0.085924	0.054139	0.066364	0.198393	0.457562	0.024799	
0.048829	0.053448	0.016496	0.723194	0.044210	0.046519	0.067305	
0.179820	0.100566	0.037629	0.329004	0.051615	0.070263	0.231102	
0.108063	0.035463	0.079960	0.255604	0.110405	0.194714	0.215791	
0.031593	0.072459	0.747940	0.033997	0.046016	0.026786	0.041209	
0.103709	0.156593	0.550824	0.019574	0.024382	0.017170	0.127747	
0.033673	0.271769	0.317007	0.031293	0.062245	0.021769	0.262245	
0.033835	0.196514	0.428571	0.024265	0.203691	0.038619	0.074504	
0.352721	0.126531	0.171769	0.045578	0.069388	0.057483	0.176531	
0.165019	0.076713	0.355950	0.028981	0.033754	0.296284	0.043300	
0.442094	0.243065	0.034327	0.027046	0.046463	0.036755	0.170250	
0.571086	0.096266	0.038712	0.031518	0.165810	0.036314	0.060295	
0.256323	0.411825	0.038619	0.031442	0.096036	0.052973	0.112782	
