0.495858	0.004520	0.017210	0.000990	0.045669	0.034327	0.021926	0.129751	0.023122	0.142062	0.004822	0.007543	0.016038	0.020639	0.035522	
0.467424	0.004083	0.032944	0.001686	0.037208	0.041304	0.073004	0.106172	0.032889	0.104209	0.009260	0.012541	0.023001	0.050750	0.003524	
0.471428	0.004969	0.030536	0.001122	0.043858	0.029304	0.035065	0.131593	0.034985	0.132647	0.005947	0.013089	0.024545	0.033212	0.007701	
0.408792	0.001924	0.083862	0.005579	0.027500	0.039981	0.110507	0.036979	0.086710	0.027952	0.033651	0.031896	0.030635	0.055865	0.018169	
0.346531	0.001064	0.078700	0.009286	0.037218	0.026076	0.125627	0.034603	0.141513	0.015196	0.057913	0.048729	0.019483	0.053208	0.004855	
0.300003	0.001387	0.085703	0.004831	0.022254	0.026332	0.085765	0.028833	0.189942	0.018931	0.032524	0.063546	0.019754	0.113939	0.006256	
0.399964	0.000984	0.077974	0.009237	0.037512	0.034338	0.124488	0.030133	0.098476	0.018422	0.056110	0.034862	0.021959	0.026446	0.029096	
0.395495	0.001554	0.132949	0.000887	0.013660	0.045529	0.083196	0.033319	0.086421	0.035108	0.004683	0.033235	0.030706	0.092317	0.010941	
0.423010	0.000834	0.098978	0.001147	0.008791	0.064272	0.111568	0.011079	0.070472	0.018958	0.006114	0.025875	0.023078	0.103176	0.032649	
0.354967	0.001231	0.221983	0.001049	0.010930	0.020607	0.022585	0.017101	0.126355	0.023805	0.005555	0.049891	0.047950	0.064459	0.031531	
0.363478	0.000969	0.169996	0.000769	0.007915	0.037294	0.054640	0.011004	0.123014	0.018754	0.004510	0.045922	0.035938	0.094154	0.031644	
0.345739	0.000875	0.163999	0.005712	0.024938	0.021674	0.079781	0.023616	0.133337	0.015003	0.034821	0.049853	0.034074	0.053631	0.012945	
0.400912	0.002572	0.153295	0.000854	0.021280	0.025594	0.027623	0.055333	0.090657	0.060959	0.004254	0.035761	0.040548	0.054773	0.025588	
0.389911	0.002173	0.166427	0.000590	0.016458	0.030793	0.049380	0.045388	0.090388	0.046784	0.002541	0.036539	0.041175	0.071315	0.010137	
0.402761	0.003299	0.131045	0.001259	0.030088	0.019406	0.024651	0.083212	0.086598	0.083981	0.006967	0.033817	0.036615	0.046525	0.009776	
0.526537	0.011632	0.014385	0.000599	0.024192	0.011051	0.016239	0.114096	0.021592	0.083247	0.002615	0.016171	0.127809	0.019961	0.009873	
0.520898	0.011396	0.018528	0.000701	0.024367	0.010443	0.015071	0.112411	0.026107	0.082412	0.003316	0.017559	0.125672	0.020289	0.010829	
0.510216	0.007749	0.018299	0.001059	0.022661	0.034985	0.054633	0.084846	0.024511	0.071039	0.005332	0.013380	0.082737	0.043073	0.025479	
0.525924	0.002732	0.015873	0.001188	0.018901	0.063480	0.039678	0.029395	0.032634	0.061754	0.005889	0.009175	0.028182	0.040436	0.124759	
0.300603	0.002007	0.068147	0.002238	0.016985	0.028991	0.059539	0.035436	0.198609	0.033491	0.017388	0.065005	0.018956	0.137275	0.015330	
0.305126	0.004206	0.064803	0.001248	0.013617	0.016058	0.023704	0.043095	0.209670	0.036655	0.011808	0.070186	0.046039	0.132714	0.021071	
0.315996	0.001246	0.066648	0.002667	0.015480	0.036020	0.063682	0.020082	0.190420	0.025063	0.019619	0.061541	0.014209	0.130354	0.036971	
0.217180	0.001495	0.079227	0.000787	0.012072	0.018485	0.030831	0.032597	0.275429	0.033321	0.011012	0.088652	0.008703	0.183918	0.006292	
0.405229	0.001347	0.045572	0.002256	0.015916	0.057069	0.093242	0.022493	0.106948	0.032296	0.014679	0.034380	0.014519	0.105620	0.048436	
