0.019250	0.040527	0.016886	0.021614	0.028707	0.033435	0.839581	
0.149983	0.140482	0.069223	0.149983	0.092976	0.043095	0.354259	
0.038805	0.125343	0.070055	0.043613	0.276786	0.091690	0.353709	
0.826531	0.028912	0.033673	0.028912	0.026531	0.026531	0.028912	
0.266689	0.119493	0.030708	0.329773	0.021362	0.201268	0.030708	
0.488598	0.244467	0.063716	0.073105	0.030852	0.063716	0.035547	
0.326579	0.031071	0.031071	0.028707	0.033435	0.525160	0.023978	
0.024092	0.769936	0.054971	0.064472	0.024092	0.035969	0.026468	
0.153452	0.165414	0.481203	0.050581	0.026658	0.031442	0.091251	
0.034579	0.056584	0.535802	0.063919	0.076144	0.183723	0.049249	
0.061224	0.051857	0.679491	0.028438	0.026096	0.129140	0.023754	
0.139034	0.027112	0.046576	0.686479	0.019812	0.046576	0.034411	
0.061081	0.070427	0.240988	0.458278	0.040053	0.026035	0.103138	
0.072594	0.217116	0.144855	0.410589	0.091242	0.042291	0.021312	
0.035053	0.155423	0.129960	0.576720	0.041997	0.018849	0.041997	
0.040719	0.033593	0.016966	0.031218	0.807940	0.035969	0.033593	
0.038712	0.079479	0.019527	0.021925	0.645427	0.065091	0.129839	
0.033514	0.080907	0.052471	0.026405	0.739675	0.042993	0.024035	
0.042993	0.028775	0.431618	0.031144	0.400812	0.033514	0.031144	
0.080336	0.019160	0.094454	0.247395	0.256807	0.261513	0.040336	
0.065247	0.168613	0.130151	0.226305	0.214286	0.158997	0.036401	
0.169019	0.031670	0.031670	0.038898	0.053356	0.658176	0.017212	
0.043508	0.225762	0.060295	0.029120	0.134635	0.460774	0.045906	
0.191272	0.069553	0.157859	0.017047	0.071940	0.418002	0.074327	
