0.540636	0.007896	0.022651	0.000646	0.015122	0.016634	0.015450	0.080924	0.033286	0.121283	0.002982	0.015726	0.076669	0.029103	0.020992	
0.522231	0.005781	0.028307	0.000678	0.020093	0.015164	0.017605	0.083294	0.043576	0.101925	0.011635	0.030915	0.072245	0.034577	0.011973	
0.559323	0.005621	0.026456	0.001039	0.014066	0.019588	0.026644	0.080793	0.033176	0.102246	0.005892	0.023630	0.074554	0.021428	0.005543	
0.396706	0.001647	0.059198	0.006425	0.016129	0.053646	0.114042	0.034774	0.153807	0.028619	0.020698	0.034896	0.025908	0.046270	0.007232	
0.322433	0.002103	0.079541	0.005708	0.019531	0.048689	0.102790	0.027804	0.175778	0.018912	0.029401	0.047924	0.021364	0.077717	0.020305	
0.417202	0.003687	0.052303	0.005072	0.012457	0.045251	0.093790	0.029196	0.134754	0.025791	0.009663	0.041922	0.033182	0.056277	0.039454	
0.408604	0.000992	0.054773	0.008372	0.016008	0.067191	0.145793	0.028498	0.165030	0.023826	0.011489	0.019281	0.013852	0.029627	0.006666	
0.318596	0.001632	0.227767	0.000719	0.008260	0.042635	0.075645	0.024281	0.101184	0.021748	0.003210	0.016713	0.021928	0.124308	0.011372	
0.289897	0.005749	0.173802	0.000778	0.008325	0.033612	0.055858	0.011205	0.124682	0.020740	0.003534	0.037909	0.027750	0.139150	0.067008	
0.302977	0.006424	0.147886	0.000675	0.011874	0.028628	0.045802	0.018067	0.121558	0.028371	0.005271	0.043228	0.032671	0.133137	0.073429	
0.257305	0.003893	0.200427	0.000757	0.011054	0.035539	0.060949	0.014468	0.134253	0.016008	0.013306	0.038689	0.022858	0.146604	0.043892	
0.275257	0.004871	0.138432	0.000657	0.018051	0.023487	0.038833	0.026035	0.138090	0.021066	0.023664	0.062655	0.034231	0.137347	0.057324	
0.418919	0.002526	0.134020	0.000706	0.013296	0.029267	0.052303	0.044702	0.076945	0.032711	0.004750	0.038061	0.042050	0.086887	0.022857	
0.392728	0.001177	0.130034	0.000849	0.019087	0.026716	0.049983	0.051285	0.091552	0.028068	0.018600	0.050161	0.041084	0.089943	0.008731	
0.493928	0.000760	0.097345	0.000577	0.019975	0.023262	0.044296	0.067903	0.050231	0.039234	0.007100	0.044594	0.051302	0.056209	0.003284	
0.512472	0.002944	0.015874	0.000593	0.064689	0.007625	0.009688	0.134711	0.023720	0.127334	0.003320	0.014502	0.050304	0.019823	0.012401	
0.585174	0.006527	0.016172	0.000642	0.012915	0.016734	0.017941	0.086527	0.018663	0.116922	0.003230	0.018310	0.081412	0.013753	0.005078	
0.483002	0.001029	0.021567	0.001355	0.074532	0.010883	0.021647	0.139658	0.039713	0.117292	0.007832	0.016787	0.038553	0.021022	0.005127	
0.396952	0.007933	0.024985	0.000707	0.039957	0.008873	0.009682	0.066941	0.089643	0.071829	0.003258	0.052170	0.046953	0.085222	0.094894	
0.194261	0.000932	0.105056	0.001005	0.042239	0.010438	0.020325	0.059988	0.183228	0.023810	0.074931	0.102182	0.036451	0.140070	0.005085	
0.232869	0.004041	0.087923	0.001316	0.034161	0.014169	0.024369	0.046728	0.170216	0.031312	0.052909	0.087345	0.037962	0.133036	0.041642	
0.287048	0.001686	0.081025	0.005787	0.020958	0.047187	0.100719	0.026256	0.193727	0.013127	0.040717	0.058601	0.020640	0.087455	0.015067	
0.350889	0.000890	0.068881	0.003662	0.030660	0.031665	0.067656	0.056064	0.144763	0.030807	0.038308	0.062251	0.033793	0.074605	0.005105	
0.412350	0.001345	0.065051	0.008028	0.013862	0.067379	0.144671	0.025691	0.158009	0.023766	0.006318	0.015236	0.013734	0.033063	0.011499	
