0.098664	0.029120	0.053100	0.710175	0.062693	0.029120	0.017129	
0.089748	0.339160	0.035630	0.327395	0.087395	0.040336	0.080336	
0.185440	0.252747	0.038805	0.394574	0.048420	0.021978	0.058036	
0.253930	0.320916	0.052973	0.031442	0.050581	0.273069	0.017088	
0.219677	0.045148	0.030997	0.033356	0.030997	0.547507	0.092318	
0.043095	0.178487	0.040719	0.038344	0.050221	0.501527	0.147608	
0.557983	0.021513	0.037983	0.040336	0.033277	0.289748	0.019160	
0.076713	0.231845	0.043300	0.241391	0.281964	0.045687	0.079100	
0.110374	0.352428	0.032134	0.115264	0.247293	0.041914	0.100594	
0.090592	0.051568	0.044251	0.063763	0.617422	0.056446	0.075958	
0.019070	0.241552	0.035463	0.023754	0.613918	0.028438	0.037805	
0.337790	0.096411	0.032372	0.071780	0.394441	0.037298	0.029909	
0.057800	0.080788	0.069294	0.204926	0.506076	0.057800	0.023317	
0.032738	0.032738	0.097553	0.048942	0.673942	0.037368	0.076720	
0.206908	0.157612	0.033199	0.051979	0.451040	0.030852	0.068410	
0.021717	0.047845	0.822192	0.024092	0.019342	0.045470	0.019342	
0.021821	0.028981	0.771224	0.043300	0.028981	0.033754	0.071940	
0.029190	0.346497	0.519574	0.031593	0.019574	0.026786	0.026786	
0.170955	0.026405	0.405552	0.194651	0.031144	0.133040	0.038253	
0.021717	0.256871	0.057346	0.028843	0.033593	0.465898	0.135731	
0.068733	0.052224	0.196092	0.026280	0.033356	0.030997	0.592318	
0.133842	0.162968	0.065881	0.061026	0.039182	0.512483	0.024619	
0.043508	0.101062	0.038712	0.192189	0.091470	0.237753	0.295307	
0.078724	0.218867	0.121479	0.090601	0.073974	0.347133	0.069223	
