0.028981	0.630413	0.100580	0.153086	0.033754	0.028981	0.024207	
0.109085	0.328943	0.061803	0.120905	0.298210	0.038163	0.042891	
0.043613	0.476305	0.041209	0.043613	0.324863	0.036401	0.033997	
0.623844	0.031518	0.146626	0.089072	0.026721	0.045906	0.036314	
0.545362	0.071429	0.028775	0.052471	0.073798	0.054841	0.173324	
0.501527	0.035969	0.081099	0.045470	0.138107	0.054971	0.142857	
0.475630	0.035630	0.150924	0.061513	0.016807	0.030924	0.228571	
0.026342	0.021614	0.035799	0.049983	0.324215	0.395137	0.146910	
0.125645	0.036489	0.144923	0.250947	0.036489	0.359380	0.046127	
0.029473	0.061026	0.206657	0.383842	0.024619	0.041609	0.252774	
0.023810	0.042589	0.272636	0.293763	0.023810	0.098927	0.244467	
0.049613	0.039761	0.325475	0.308234	0.020056	0.061928	0.194933	
0.030213	0.050903	0.050903	0.731363	0.025616	0.062397	0.048604	
0.025914	0.042193	0.051495	0.479402	0.179402	0.149169	0.072425	
0.075276	0.049515	0.096353	0.531950	0.068250	0.068250	0.110405	
0.038805	0.257555	0.113324	0.101305	0.413805	0.033997	0.041209	
0.026468	0.031218	0.031218	0.021717	0.838819	0.021717	0.028843	
0.105605	0.395079	0.112782	0.033835	0.294600	0.029050	0.029050	
0.036054	0.081293	0.678912	0.026531	0.040816	0.093197	0.043197	
0.083080	0.042891	0.028707	0.052347	0.092536	0.127997	0.572442	
0.040816	0.026531	0.197959	0.036054	0.245578	0.121769	0.331293	
0.393031	0.044251	0.022300	0.036934	0.022300	0.102787	0.378397	
0.041408	0.041408	0.029331	0.145273	0.261215	0.026915	0.454451	
0.191272	0.036140	0.191272	0.024207	0.064780	0.277191	0.215138	
