0.057075	0.028707	0.031071	0.023978	0.054711	0.749747	0.054711	
0.047619	0.031071	0.109085	0.078352	0.071260	0.302938	0.359676	
0.045470	0.043095	0.073974	0.038344	0.088225	0.503902	0.206990	
0.790816	0.033673	0.021769	0.021769	0.021769	0.028912	0.081293	
0.350101	0.028504	0.040241	0.152918	0.204561	0.037894	0.185781	
0.453167	0.148922	0.030997	0.066375	0.056941	0.030997	0.212601	
0.452945	0.021666	0.197021	0.028775	0.244414	0.019296	0.035884	
0.031218	0.584662	0.021717	0.026468	0.038344	0.028843	0.268748	
0.105605	0.605605	0.041012	0.067327	0.124744	0.024265	0.031442	
0.262995	0.048537	0.140103	0.303959	0.181067	0.024441	0.038898	
0.137222	0.492211	0.058336	0.035134	0.146503	0.032814	0.097779	
0.053745	0.065881	0.036755	0.502774	0.257628	0.027046	0.056172	
0.030353	0.210492	0.034972	0.030353	0.589244	0.039591	0.064995	
0.092923	0.090608	0.162368	0.051257	0.414683	0.032738	0.155423	
0.035216	0.028239	0.067774	0.121262	0.500332	0.049169	0.198007	
0.026468	0.035969	0.280624	0.102477	0.028843	0.119104	0.406515	
0.036140	0.040914	0.055234	0.031367	0.024207	0.019434	0.792704	
0.179339	0.031367	0.608933	0.021821	0.019434	0.028981	0.110126	
0.320244	0.073798	0.412661	0.024035	0.109343	0.019296	0.040623	
0.038163	0.038163	0.139818	0.591354	0.125633	0.033435	0.033435	
0.041012	0.060150	0.246753	0.399863	0.088859	0.031442	0.131921	
0.652621	0.050702	0.053100	0.096266	0.098664	0.017129	0.031518	
0.401296	0.048074	0.153086	0.091033	0.069553	0.038527	0.198432	
0.677375	0.069720	0.057758	0.052973	0.055366	0.019481	0.067327	
