0.035969	0.176111	0.050221	0.033593	0.038344	0.019342	0.646420	
0.160336	0.501513	0.028571	0.042689	0.063866	0.030924	0.172101	
0.196472	0.581460	0.029402	0.106883	0.048772	0.019716	0.017295	
0.295031	0.154934	0.046239	0.067978	0.024500	0.111456	0.299862	
0.140521	0.159212	0.051736	0.266689	0.042390	0.177904	0.161549	
0.093197	0.376531	0.067007	0.131293	0.026531	0.214626	0.090816	
0.110924	0.028571	0.035630	0.666218	0.021513	0.023866	0.113277	
0.191827	0.073624	0.423506	0.144546	0.097264	0.026342	0.042891	
0.371155	0.021873	0.466849	0.029050	0.026658	0.045796	0.038619	
0.027112	0.044143	0.443170	0.292318	0.051442	0.046576	0.095238	
0.138508	0.028438	0.389093	0.183004	0.026096	0.108063	0.126798	
0.029617	0.019861	0.402787	0.371080	0.032056	0.100348	0.044251	
0.218937	0.242193	0.398007	0.025914	0.037542	0.046844	0.030565	
0.118937	0.284053	0.267774	0.079402	0.025914	0.084053	0.139867	
0.037717	0.439586	0.156876	0.247997	0.033044	0.058745	0.026035	
0.031442	0.021873	0.033835	0.026658	0.804170	0.043404	0.038619	
0.221497	0.115728	0.026786	0.026786	0.533997	0.026786	0.048420	
0.033514	0.038253	0.031144	0.256263	0.576168	0.028775	0.035884	
0.026405	0.028775	0.042993	0.071429	0.047732	0.042993	0.739675	
0.131606	0.038527	0.057620	0.267644	0.131606	0.344016	0.028981	
0.088016	0.080907	0.097495	0.232566	0.147258	0.265741	0.088016	
0.264408	0.024799	0.019909	0.024799	0.039469	0.533357	0.093259	
0.038898	0.226850	0.038898	0.176248	0.022031	0.429260	0.067814	
0.326482	0.029120	0.050702	0.110654	0.065091	0.324084	0.093868	
