0.441321	0.014426	0.019755	0.000894	0.034088	0.070298	0.025303	0.067699	0.020395	0.150362	0.003671	0.006841	0.008499	0.016819	0.119629	
0.504248	0.003100	0.095333	0.001366	0.027352	0.028035	0.049344	0.088543	0.027473	0.064708	0.006839	0.011160	0.040684	0.029879	0.021937	
0.470503	0.007380	0.080082	0.000771	0.032025	0.038560	0.023349	0.089819	0.026799	0.101098	0.005617	0.009946	0.031355	0.023352	0.059344	
0.484708	0.000974	0.033531	0.008299	0.006752	0.066506	0.192631	0.010937	0.083067	0.011015	0.027217	0.019285	0.010350	0.039430	0.005297	
0.457261	0.001109	0.065805	0.005859	0.016061	0.043176	0.123769	0.045109	0.086853	0.028292	0.023006	0.023328	0.033924	0.041900	0.004548	
0.419653	0.001596	0.069036	0.003668	0.022118	0.036415	0.092963	0.046499	0.106891	0.032353	0.014097	0.053153	0.022800	0.067726	0.011031	
0.450532	0.002451	0.044626	0.006974	0.012908	0.057416	0.147850	0.027559	0.091204	0.031379	0.025748	0.022127	0.021664	0.040799	0.016762	
0.401664	0.001513	0.128808	0.001489	0.014206	0.028491	0.068807	0.035805	0.106597	0.026782	0.015685	0.029564	0.030818	0.100278	0.009494	
0.382791	0.000856	0.132924	0.001783	0.008075	0.033344	0.090021	0.012104	0.126142	0.010118	0.017873	0.034591	0.021531	0.123064	0.004783	
0.263827	0.002808	0.162390	0.002856	0.013026	0.022436	0.035864	0.027479	0.185399	0.033862	0.032424	0.036267	0.041844	0.119063	0.020454	
0.322093	0.003863	0.140949	0.002324	0.013626	0.031758	0.048566	0.029089	0.144236	0.043441	0.025580	0.026760	0.032971	0.105056	0.029687	
0.191226	0.001341	0.216531	0.002949	0.006826	0.012099	0.022446	0.015083	0.232707	0.015377	0.042127	0.036392	0.046643	0.149208	0.009046	
0.419162	0.001144	0.136649	0.001364	0.019713	0.020827	0.050451	0.060389	0.091413	0.034733	0.014228	0.027828	0.036235	0.078844	0.007019	
0.421352	0.001252	0.142336	0.001283	0.023562	0.013775	0.030512	0.078722	0.085157	0.044413	0.015050	0.022467	0.048954	0.064531	0.006635	
0.426515	0.001464	0.123596	0.001262	0.029573	0.012001	0.022921	0.091129	0.082659	0.051884	0.011421	0.035041	0.048514	0.053347	0.008674	
0.469272	0.003327	0.019592	0.000853	0.037057	0.013377	0.024366	0.096719	0.065749	0.074562	0.003083	0.039549	0.096236	0.045945	0.010312	
0.529976	0.002548	0.042729	0.002126	0.026758	0.026769	0.067950	0.084260	0.027043	0.061088	0.007459	0.007375	0.076991	0.029476	0.007452	
0.498013	0.005399	0.026368	0.000988	0.035790	0.024342	0.025965	0.100388	0.031683	0.092962	0.003705	0.016053	0.084146	0.023899	0.030300	
0.450635	0.008556	0.040175	0.002501	0.025339	0.056249	0.064612	0.055653	0.048265	0.096120	0.011016	0.011345	0.026815	0.035663	0.067057	
0.272319	0.001507	0.058435	0.001621	0.031285	0.014261	0.034870	0.039379	0.208782	0.029615	0.011283	0.115368	0.043445	0.131602	0.006230	
0.313904	0.002469	0.110761	0.001708	0.024258	0.015606	0.025502	0.051069	0.161485	0.042970	0.019154	0.057969	0.053860	0.105180	0.014106	
0.279766	0.001097	0.046118	0.002356	0.028312	0.024519	0.065952	0.022486	0.211923	0.017503	0.010238	0.125630	0.021413	0.136655	0.006032	
0.366481	0.001103	0.079590	0.001651	0.032494	0.014074	0.035787	0.069589	0.138590	0.039296	0.008863	0.081548	0.041212	0.084658	0.005064	
0.417739	0.002116	0.052575	0.003709	0.017286	0.046579	0.116210	0.022472	0.112514	0.025855	0.013234	0.055647	0.013623	0.085334	0.015107	
