0.028912	0.019388	0.845578	0.021769	0.019388	0.033673	0.031293	
0.045255	0.038163	0.083080	0.071260	0.187099	0.075988	0.499156	
0.070224	0.031670	0.159380	0.036489	0.087091	0.031670	0.583477	
0.414626	0.045578	0.026531	0.152721	0.176531	0.133673	0.050340	
0.042390	0.427904	0.026035	0.037717	0.406876	0.030708	0.028371	
0.200809	0.087601	0.033356	0.049865	0.328167	0.134771	0.165431	
0.122689	0.108571	0.019160	0.115630	0.466218	0.045042	0.122689	
0.160629	0.036227	0.079289	0.038619	0.301777	0.261107	0.122351	
0.578912	0.043197	0.109864	0.036054	0.033673	0.150340	0.047959	
0.090592	0.041812	0.034495	0.097909	0.024739	0.666202	0.044251	
0.124748	0.040241	0.019115	0.103622	0.103622	0.566063	0.042589	
0.080836	0.171080	0.061324	0.039373	0.114983	0.505226	0.027178	
0.100332	0.023588	0.198007	0.035216	0.025914	0.486379	0.130565	
0.139867	0.016611	0.067774	0.079402	0.030565	0.493355	0.172425	
0.028438	0.079960	0.101037	0.047173	0.124456	0.581131	0.037805	
0.024441	0.026850	0.026850	0.448537	0.195525	0.034079	0.243718	
0.026721	0.093868	0.021925	0.633436	0.117849	0.024323	0.081877	
0.041110	0.077081	0.098664	0.470367	0.081877	0.024323	0.206578	
0.128912	0.052721	0.174150	0.457483	0.021769	0.026531	0.138435	
0.208869	0.168585	0.028775	0.106974	0.289438	0.052471	0.144888	
0.289438	0.197021	0.019296	0.175694	0.197021	0.047732	0.073798	
0.039182	0.597434	0.029473	0.044036	0.034327	0.031900	0.223648	
0.104462	0.118990	0.024559	0.116569	0.566932	0.034244	0.034244	
0.204615	0.330506	0.052596	0.100102	0.028843	0.038344	0.244995	
