0.031218	0.019342	0.033593	0.038344	0.038344	0.026468	0.812691	
0.062097	0.038344	0.035969	0.309128	0.083475	0.031218	0.439769	
0.041408	0.024500	0.111456	0.150104	0.031746	0.024500	0.616287	
0.845578	0.028912	0.026531	0.017007	0.031293	0.026531	0.024150	
0.251509	0.324279	0.030852	0.286720	0.051979	0.021462	0.033199	
0.285714	0.214960	0.052224	0.304582	0.038073	0.075809	0.028639	
0.757983	0.103866	0.026218	0.030924	0.023866	0.035630	0.021513	
0.040719	0.026468	0.033593	0.247370	0.024092	0.563285	0.064472	
0.164626	0.038435	0.055102	0.028912	0.038435	0.569388	0.105102	
0.048537	0.082272	0.301549	0.055766	0.034079	0.409983	0.067814	
0.035381	0.075100	0.119493	0.021362	0.023698	0.701268	0.023698	
0.044143	0.049009	0.448036	0.377477	0.017379	0.034411	0.029545	
0.025734	0.039591	0.030353	0.198944	0.062686	0.471462	0.171231	
0.039683	0.039683	0.051257	0.285053	0.134590	0.419312	0.030423	
0.028239	0.035216	0.104983	0.651495	0.032890	0.109635	0.037542	
0.021821	0.033754	0.019434	0.026594	0.849983	0.024207	0.024207	
0.028981	0.019434	0.036140	0.124446	0.721105	0.019434	0.050460	
0.050340	0.021769	0.100340	0.021769	0.669388	0.081293	0.055102	
0.024150	0.019388	0.781293	0.026531	0.052721	0.059864	0.036054	
0.040336	0.489748	0.101513	0.240336	0.059160	0.030924	0.037983	
0.046016	0.115728	0.207074	0.122940	0.207074	0.255151	0.046016	
0.144923	0.460585	0.046127	0.043718	0.214802	0.026850	0.062995	
0.036314	0.518328	0.036314	0.194587	0.067489	0.101062	0.045906	
0.105353	0.341630	0.076713	0.033754	0.055234	0.141152	0.246164	
