0.024265	0.072112	0.177375	0.617567	0.055366	0.019481	0.033835	
0.118541	0.146910	0.016886	0.444782	0.175279	0.028707	0.068896	
0.036401	0.120536	0.038805	0.584478	0.108516	0.072459	0.038805	
0.134959	0.127747	0.021978	0.033997	0.026786	0.120536	0.533997	
0.226752	0.035714	0.089960	0.033356	0.026280	0.243261	0.344677	
0.061658	0.094677	0.108827	0.163073	0.016846	0.134771	0.420148	
0.031071	0.028707	0.019250	0.026342	0.113813	0.357312	0.423506	
0.021614	0.442418	0.345491	0.033435	0.028707	0.073624	0.054711	
0.024150	0.455102	0.259864	0.026531	0.026531	0.038435	0.169388	
0.070564	0.043929	0.554825	0.029402	0.034244	0.031823	0.235213	
0.025974	0.105228	0.573760	0.025974	0.028305	0.053946	0.186813	
0.151568	0.024739	0.551568	0.019861	0.024739	0.061324	0.166202	
0.026035	0.189586	0.378838	0.315754	0.028371	0.033044	0.028371	
0.083664	0.162368	0.278108	0.370701	0.039683	0.039683	0.025794	
0.035216	0.030565	0.284053	0.514286	0.030565	0.072425	0.032890	
0.045470	0.021717	0.026468	0.028843	0.829318	0.031218	0.016966	
0.052596	0.033593	0.019342	0.026468	0.800814	0.040719	0.026468	
0.429599	0.021925	0.026721	0.021925	0.340870	0.026721	0.132237	
0.026531	0.052721	0.309864	0.131293	0.278912	0.026531	0.174150	
0.321769	0.086054	0.031293	0.026531	0.100340	0.397959	0.036054	
0.372045	0.153820	0.177801	0.019527	0.029120	0.115450	0.132237	
0.034079	0.116007	0.022031	0.036489	0.024441	0.547332	0.219621	
0.083873	0.043300	0.021821	0.045687	0.043300	0.728265	0.033754	
0.138766	0.179339	0.036140	0.021821	0.040914	0.372656	0.210365	
