0.029120	0.041110	0.115450	0.031518	0.021925	0.719767	0.041110	
0.170550	0.045255	0.026342	0.172915	0.057075	0.390409	0.137454	
0.024382	0.065247	0.038805	0.053228	0.060440	0.627747	0.130151	
0.019296	0.753893	0.016926	0.125931	0.024035	0.035884	0.024035	
0.298457	0.176392	0.044936	0.030852	0.340711	0.056673	0.051979	
0.268111	0.324983	0.047732	0.154367	0.140149	0.031144	0.033514	
0.598446	0.220196	0.045255	0.023978	0.066532	0.026342	0.019250	
0.050340	0.031293	0.507483	0.038435	0.150340	0.145578	0.076531	
0.036489	0.217212	0.388296	0.094320	0.101549	0.106368	0.055766	
0.027311	0.149860	0.532213	0.083683	0.091036	0.083683	0.032213	
0.035381	0.056409	0.738652	0.026035	0.037717	0.033044	0.072764	
0.046690	0.183275	0.422300	0.034495	0.261324	0.027178	0.024739	
0.032890	0.049169	0.135216	0.495681	0.030565	0.214286	0.042193	
0.128239	0.030565	0.044518	0.542193	0.191030	0.032890	0.030565	
0.068091	0.042390	0.026035	0.640521	0.156876	0.035381	0.030708	
0.041012	0.067327	0.103213	0.024265	0.026658	0.052973	0.684552	
0.120247	0.024323	0.024323	0.062693	0.069887	0.033916	0.664611	
0.067814	0.031670	0.031670	0.022031	0.024441	0.038898	0.783477	
0.019296	0.251523	0.061950	0.021666	0.073798	0.106974	0.464794	
0.047395	0.040336	0.037983	0.023866	0.635630	0.061513	0.153277	
0.031144	0.154367	0.135410	0.031144	0.339201	0.054841	0.253893	
0.481834	0.168254	0.091711	0.091711	0.062081	0.069489	0.034921	
0.540297	0.036666	0.046351	0.102041	0.140782	0.029402	0.104462	
0.300574	0.120905	0.302938	0.047619	0.054711	0.135089	0.038163	
