0.472207	0.010519	0.025518	0.000694	0.024104	0.030571	0.016844	0.195320	0.027179	0.125771	0.007899	0.006932	0.023143	0.023206	0.010092	
0.468117	0.008686	0.048697	0.001241	0.028000	0.028343	0.031239	0.155596	0.029172	0.110779	0.010039	0.020821	0.039071	0.015756	0.004442	
0.448375	0.008906	0.078112	0.000714	0.028172	0.032182	0.043721	0.139579	0.028160	0.102549	0.006341	0.024517	0.041788	0.012953	0.003930	
0.424064	0.001548	0.036405	0.008202	0.030808	0.035593	0.101716	0.028535	0.123934	0.013746	0.051219	0.073992	0.011875	0.053291	0.005071	
0.386754	0.003235	0.067935	0.005035	0.021438	0.051956	0.130311	0.026577	0.128212	0.016470	0.030999	0.053322	0.015687	0.054732	0.007338	
0.400065	0.001815	0.080384	0.005665	0.030143	0.024770	0.063491	0.027544	0.123276	0.024490	0.035256	0.069388	0.026870	0.071957	0.014888	
0.409898	0.003810	0.069813	0.005507	0.024083	0.066823	0.170126	0.027963	0.078937	0.020900	0.033787	0.042203	0.023237	0.017323	0.005589	
0.300312	0.002409	0.145064	0.000824	0.009806	0.048447	0.061439	0.020121	0.137640	0.018287	0.005664	0.010051	0.012698	0.149050	0.078187	
0.325949	0.001373	0.124878	0.003079	0.016911	0.036579	0.042537	0.020859	0.135575	0.015634	0.020023	0.027523	0.009921	0.145418	0.073741	
0.340043	0.001608	0.140662	0.002815	0.021803	0.033043	0.043894	0.017554	0.113219	0.022336	0.017923	0.034198	0.025506	0.122052	0.063344	
0.278273	0.001108	0.157187	0.000829	0.008821	0.039162	0.026792	0.011172	0.156281	0.011448	0.006020	0.009481	0.007463	0.187317	0.098645	
0.384122	0.001656	0.107914	0.005607	0.029944	0.033369	0.068562	0.020982	0.094856	0.019706	0.035278	0.054197	0.023575	0.080687	0.039545	
0.394140	0.005057	0.135677	0.000752	0.028440	0.022144	0.020802	0.073389	0.061326	0.070141	0.005439	0.034445	0.050551	0.065638	0.032058	
0.364941	0.003104	0.192369	0.000568	0.033961	0.011298	0.023599	0.013482	0.085597	0.046203	0.002407	0.066329	0.072317	0.065461	0.018363	
0.390723	0.004449	0.209081	0.000930	0.040732	0.020718	0.058784	0.015603	0.031149	0.052927	0.004362	0.068811	0.084840	0.013051	0.003840	
0.544896	0.000849	0.015331	0.000728	0.031872	0.005755	0.010987	0.096307	0.015816	0.129500	0.003390	0.007125	0.122819	0.010786	0.003838	
0.542520	0.000825	0.015459	0.000661	0.031408	0.005776	0.011763	0.094795	0.019977	0.128415	0.002906	0.007874	0.122531	0.012132	0.002959	
0.492926	0.002388	0.034185	0.002608	0.029073	0.028044	0.067684	0.076350	0.041698	0.089185	0.015573	0.022313	0.080919	0.013764	0.003290	
0.411477	0.001312	0.082468	0.002731	0.024030	0.025403	0.031957	0.051215	0.084993	0.057015	0.017303	0.022248	0.048820	0.091356	0.047672	
0.354270	0.001385	0.071175	0.002041	0.015921	0.012473	0.032845	0.020716	0.223621	0.025582	0.011676	0.070515	0.030802	0.124009	0.002970	
0.358373	0.001835	0.084518	0.003397	0.017289	0.036335	0.071324	0.024278	0.155949	0.020633	0.021056	0.043847	0.018898	0.109099	0.033168	
0.341739	0.001081	0.055201	0.003243	0.013672	0.015760	0.042577	0.014801	0.251523	0.010202	0.019397	0.077354	0.012531	0.137612	0.003306	
0.329628	0.004429	0.091730	0.000815	0.005940	0.065535	0.154816	0.015856	0.178074	0.014281	0.003695	0.034659	0.018692	0.077653	0.004199	
0.310025	0.003042	0.088834	0.000591	0.004945	0.043124	0.098767	0.010029	0.232815	0.009878	0.002368	0.050527	0.015158	0.122511	0.007388	
