0.033835	0.275461	0.122351	0.024265	0.021873	0.081681	0.440533	
0.081487	0.150699	0.033754	0.045687	0.071940	0.339243	0.277191	
0.029120	0.067489	0.026721	0.021925	0.033916	0.189791	0.631038	
0.576531	0.188435	0.038435	0.036054	0.083673	0.036054	0.040816	
0.584842	0.026157	0.030852	0.089537	0.084842	0.150570	0.033199	
0.427893	0.066848	0.038344	0.128605	0.059722	0.230743	0.047845	
0.567395	0.040336	0.256807	0.037983	0.026218	0.033277	0.037983	
0.024150	0.212245	0.181293	0.088435	0.252721	0.150340	0.090816	
0.055901	0.476190	0.094548	0.106625	0.217736	0.026915	0.022084	
0.061175	0.024678	0.455335	0.034411	0.358012	0.034411	0.031978	
0.030708	0.028371	0.535381	0.049399	0.301736	0.026035	0.028371	
0.151939	0.115264	0.325533	0.081034	0.269298	0.032134	0.024799	
0.030565	0.151495	0.028239	0.028239	0.435216	0.302658	0.023588	
0.021262	0.023588	0.025914	0.060797	0.409635	0.430565	0.028239	
0.107810	0.028371	0.042390	0.075100	0.318091	0.378838	0.049399	
0.021925	0.062693	0.029120	0.141829	0.036314	0.019527	0.688592	
0.024382	0.077266	0.021978	0.017170	0.029190	0.231113	0.598901	
0.031518	0.024323	0.146626	0.053100	0.026721	0.029120	0.688592	
0.099139	0.183477	0.455766	0.034079	0.024441	0.024441	0.178657	
0.050460	0.086260	0.033754	0.654279	0.095806	0.043300	0.036140	
0.060007	0.038527	0.234231	0.334470	0.060007	0.112513	0.160245	
0.048772	0.145624	0.271532	0.438603	0.031823	0.031823	0.031823	
0.024500	0.029331	0.029331	0.439959	0.046239	0.406142	0.024500	
0.046016	0.303228	0.281593	0.269574	0.046016	0.026786	0.026786	
