0.043197	0.033673	0.045578	0.021769	0.036054	0.790816	0.028912	
0.019160	0.125042	0.056807	0.068571	0.030924	0.557983	0.141513	
0.050460	0.117286	0.050460	0.033754	0.026594	0.687692	0.033754	
0.033514	0.061950	0.026405	0.021666	0.028775	0.028775	0.798917	
0.172915	0.057075	0.045255	0.045255	0.127997	0.208376	0.343127	
0.042589	0.136486	0.037894	0.040241	0.087190	0.035547	0.620054	
0.527524	0.023978	0.023978	0.026342	0.047619	0.031071	0.319487	
0.026218	0.800336	0.023866	0.033277	0.035630	0.042689	0.037983	
0.222031	0.332874	0.036489	0.041308	0.222031	0.031670	0.113597	
0.433760	0.026980	0.034244	0.063300	0.334486	0.068143	0.039087	
0.727606	0.112221	0.037629	0.032967	0.030636	0.016650	0.042291	
0.082871	0.024619	0.027046	0.167822	0.611997	0.039182	0.046463	
0.046519	0.185087	0.032662	0.485318	0.090399	0.115803	0.044210	
0.049284	0.149517	0.116883	0.494505	0.123876	0.030636	0.035298	
0.105721	0.019070	0.047173	0.634995	0.108063	0.042489	0.042489	
0.026721	0.091470	0.568688	0.036314	0.021925	0.168208	0.086674	
0.024500	0.082471	0.481021	0.203244	0.019669	0.087302	0.101794	
0.153820	0.024323	0.695786	0.033916	0.021925	0.041110	0.029120	
0.024150	0.117007	0.552721	0.026531	0.145578	0.047959	0.086054	
0.112245	0.078912	0.328912	0.019388	0.167007	0.019388	0.274150	
0.079100	0.157859	0.179339	0.069553	0.372656	0.036140	0.105353	
0.245492	0.048890	0.027046	0.111997	0.095007	0.153259	0.318308	
0.229260	0.096730	0.043718	0.236489	0.043718	0.195525	0.154561	
0.554040	0.188885	0.083873	0.021821	0.028981	0.038527	0.083873	
