0.033916	0.736554	0.077081	0.053100	0.033916	0.021925	0.043508	
0.070564	0.346593	0.099620	0.322380	0.036666	0.041508	0.082670	
0.033754	0.439482	0.055234	0.346403	0.028981	0.060007	0.036140	
0.695578	0.031293	0.076531	0.024150	0.064626	0.057483	0.050340	
0.374150	0.038435	0.028912	0.219388	0.038435	0.193197	0.107483	
0.363324	0.055632	0.089286	0.233516	0.050824	0.158997	0.048420	
0.451874	0.083080	0.040527	0.064168	0.170550	0.146910	0.042891	
0.034327	0.041609	0.345007	0.162968	0.262483	0.075589	0.078017	
0.058885	0.019861	0.505226	0.032056	0.254007	0.105226	0.024739	
0.070564	0.138360	0.043929	0.140782	0.414389	0.126254	0.065721	
0.052471	0.199391	0.144888	0.026405	0.471903	0.026405	0.078538	
0.048890	0.031900	0.041609	0.031900	0.716366	0.104716	0.024619	
0.025616	0.066995	0.214122	0.411823	0.129064	0.117570	0.034811	
0.097035	0.030997	0.118261	0.474394	0.148922	0.045148	0.085243	
0.045362	0.069059	0.024035	0.606974	0.125931	0.102234	0.026405	
0.055632	0.036401	0.043613	0.048420	0.021978	0.053228	0.740728	
0.195525	0.034079	0.147332	0.130465	0.029260	0.022031	0.441308	
0.058457	0.259426	0.053615	0.041508	0.026980	0.046351	0.513663	
0.104970	0.372610	0.139034	0.039277	0.199861	0.019812	0.124435	
0.060295	0.036314	0.079479	0.053100	0.036314	0.475163	0.259335	
0.043508	0.021925	0.089072	0.110654	0.314491	0.173004	0.247345	
0.125645	0.029260	0.043718	0.067814	0.106368	0.417212	0.209983	
0.113052	0.048304	0.045906	0.331278	0.036314	0.352861	0.072285	
0.181723	0.095938	0.353291	0.046919	0.064076	0.186625	0.071429	
