0.509578	0.001271	0.011374	0.000734	0.040645	0.027263	0.045833	0.172058	0.016266	0.135651	0.005968	0.005896	0.009172	0.011523	0.006766	
0.540425	0.002093	0.020964	0.003310	0.022340	0.029554	0.035288	0.090892	0.041242	0.069851	0.007298	0.021650	0.017885	0.083778	0.013430	
0.432336	0.004968	0.031420	0.001054	0.021605	0.035427	0.061636	0.092005	0.087636	0.087175	0.004558	0.023552	0.042960	0.038870	0.034799	
0.437790	0.000804	0.078721	0.005806	0.024502	0.028600	0.060496	0.013367	0.089507	0.011915	0.031110	0.063979	0.016596	0.132527	0.004282	
0.262494	0.000883	0.105122	0.002126	0.036093	0.024475	0.122500	0.026103	0.172093	0.022760	0.047904	0.087099	0.020330	0.065351	0.004667	
0.449493	0.000858	0.069136	0.001467	0.023015	0.005893	0.059720	0.059475	0.122339	0.014653	0.030393	0.048957	0.015427	0.094872	0.004303	
0.294860	0.001027	0.066984	0.001588	0.023862	0.052914	0.147255	0.016573	0.189468	0.034300	0.030744	0.080239	0.015849	0.038518	0.005819	
0.496812	0.002035	0.078145	0.001729	0.013494	0.023774	0.034072	0.060556	0.099262	0.032744	0.006811	0.020913	0.029554	0.086992	0.013108	
0.520134	0.001084	0.085959	0.005778	0.014301	0.036633	0.025078	0.020609	0.063501	0.018773	0.009857	0.033536	0.023127	0.135280	0.006351	
0.259892	0.001109	0.274133	0.001271	0.026364	0.027343	0.035239	0.016685	0.164574	0.015654	0.015620	0.027524	0.061129	0.067074	0.006389	
0.399720	0.002107	0.184044	0.000654	0.016933	0.022650	0.017688	0.051378	0.126666	0.029693	0.003292	0.008892	0.052269	0.070367	0.013648	
0.242559	0.001131	0.199279	0.001580	0.036791	0.016929	0.073457	0.031737	0.161908	0.022864	0.037131	0.058621	0.043036	0.066515	0.006463	
0.454254	0.000876	0.126582	0.002101	0.011586	0.039550	0.043261	0.033716	0.122386	0.024352	0.002820	0.022146	0.030820	0.080928	0.004625	
0.386276	0.000659	0.176381	0.002243	0.017283	0.035256	0.043283	0.021730	0.137032	0.016358	0.010123	0.028975	0.038330	0.083014	0.003056	
0.361775	0.001194	0.152114	0.000981	0.019658	0.030276	0.062259	0.035329	0.153583	0.023224	0.015443	0.035967	0.036879	0.064384	0.006935	
0.389900	0.012601	0.018404	0.003141	0.025994	0.019750	0.011097	0.100581	0.021871	0.119798	0.002036	0.014329	0.100551	0.068218	0.091729	
0.462714	0.008970	0.015538	0.003540	0.019301	0.023975	0.016903	0.082246	0.034336	0.088000	0.002474	0.018019	0.071523	0.087690	0.064772	
0.380276	0.008630	0.048421	0.002042	0.021922	0.032756	0.042899	0.079579	0.074526	0.094818	0.002869	0.021919	0.075442	0.051695	0.062205	
0.375740	0.008719	0.066824	0.003217	0.027213	0.022177	0.024530	0.077307	0.053508	0.089024	0.009619	0.024784	0.079019	0.075419	0.062899	
0.312239	0.003762	0.080984	0.003871	0.037245	0.019900	0.081509	0.043875	0.105886	0.047713	0.039827	0.071121	0.038970	0.087002	0.026097	
0.361810	0.005245	0.069523	0.003260	0.031152	0.017901	0.056316	0.060107	0.087075	0.058431	0.027118	0.050276	0.050031	0.084693	0.037064	
0.389627	0.000874	0.046179	0.002438	0.015107	0.057644	0.122768	0.016125	0.160368	0.031429	0.018385	0.064452	0.012083	0.057798	0.004722	
0.419263	0.002517	0.037558	0.000787	0.010625	0.052657	0.102975	0.042941	0.152509	0.047601	0.006441	0.042335	0.024887	0.040111	0.016793	
0.427780	0.001619	0.042742	0.002584	0.010974	0.060918	0.103834	0.022755	0.140895	0.040049	0.008042	0.049545	0.018598	0.059406	0.010260	
