0.451365	0.007325	0.036984	0.000719	0.039255	0.040654	0.021341	0.141886	0.031973	0.120199	0.018707	0.009985	0.019533	0.041294	0.018779	
0.467338	0.005889	0.077955	0.001471	0.034772	0.036108	0.029686	0.116084	0.023387	0.101478	0.018130	0.022682	0.029985	0.025467	0.009569	
0.478234	0.007759	0.029639	0.000794	0.042715	0.041110	0.014255	0.153744	0.023321	0.130712	0.019506	0.011040	0.022614	0.018225	0.006332	
0.443267	0.001102	0.018917	0.013700	0.008102	0.090792	0.266934	0.012287	0.028888	0.011408	0.060722	0.009021	0.008396	0.019845	0.006620	
0.391674	0.003645	0.086409	0.005418	0.023447	0.037614	0.106206	0.028625	0.110076	0.029037	0.024375	0.051363	0.030450	0.064007	0.007655	
0.418970	0.001483	0.071263	0.009106	0.011742	0.065695	0.179545	0.015735	0.067038	0.017302	0.041437	0.028661	0.025204	0.036768	0.010049	
0.416052	0.002430	0.043138	0.007225	0.018121	0.056000	0.140534	0.033654	0.104192	0.032623	0.033848	0.032172	0.032107	0.042081	0.005823	
0.311087	0.001078	0.155523	0.000880	0.007305	0.015733	0.080009	0.015662	0.058346	0.016613	0.006070	0.020884	0.022443	0.190144	0.098224	
0.298812	0.001091	0.139221	0.001365	0.006316	0.021560	0.090480	0.013811	0.073234	0.014164	0.008800	0.017948	0.019599	0.193954	0.099645	
0.286732	0.001185	0.089190	0.000993	0.006726	0.069067	0.021439	0.016482	0.296176	0.020694	0.019055	0.050391	0.061927	0.048118	0.011824	
0.318467	0.000898	0.088464	0.000726	0.008012	0.055718	0.026084	0.026587	0.239887	0.029352	0.015024	0.040159	0.060410	0.065117	0.025095	
0.340318	0.000942	0.108725	0.002618	0.008003	0.062102	0.051699	0.016763	0.214170	0.021626	0.022004	0.047532	0.057297	0.036773	0.009428	
0.424398	0.002394	0.164896	0.000692	0.020021	0.016419	0.031606	0.052362	0.036480	0.052108	0.007221	0.039732	0.045417	0.072381	0.033873	
0.434633	0.001082	0.199924	0.001011	0.015706	0.010475	0.036860	0.031737	0.024557	0.037080	0.005347	0.047561	0.053488	0.068220	0.032320	
0.454497	0.001538	0.184192	0.001743	0.019350	0.015902	0.033439	0.034672	0.050236	0.040581	0.008599	0.057295	0.060223	0.031119	0.006613	
0.551414	0.001850	0.025231	0.000713	0.029325	0.010729	0.019043	0.113283	0.024533	0.105189	0.005344	0.010230	0.070806	0.021711	0.010599	
0.566166	0.000882	0.030440	0.000783	0.026960	0.007153	0.019681	0.106327	0.021588	0.100894	0.003735	0.011093	0.078897	0.016426	0.008975	
0.564862	0.000981	0.017898	0.001304	0.026987	0.011333	0.028859	0.106943	0.026080	0.100840	0.006280	0.009028	0.076722	0.014404	0.007479	
0.409051	0.001725	0.084833	0.000933	0.018458	0.010099	0.058979	0.058477	0.046966	0.054729	0.005058	0.015556	0.040064	0.131057	0.064015	
0.246641	0.008625	0.074532	0.000693	0.041063	0.016875	0.011801	0.031751	0.280400	0.028620	0.006663	0.094390	0.020350	0.132443	0.005154	
0.390710	0.003195	0.100402	0.002048	0.022957	0.018581	0.061055	0.046989	0.084500	0.044971	0.010624	0.038608	0.035870	0.102652	0.036838	
0.235578	0.008424	0.076962	0.001595	0.039260	0.018357	0.031791	0.019940	0.278748	0.018187	0.009111	0.095484	0.015732	0.142217	0.008616	
0.343393	0.005250	0.107057	0.001334	0.031566	0.014082	0.026022	0.032903	0.182653	0.033899	0.006911	0.075845	0.039921	0.092351	0.006815	
0.354981	0.005239	0.052432	0.003510	0.030896	0.026584	0.071378	0.040297	0.168475	0.037684	0.016294	0.058411	0.029824	0.093707	0.010286	
