0.215468	0.033435	0.068896	0.078352	0.142182	0.210740	0.250929	
0.026468	0.035969	0.043095	0.539532	0.021717	0.283000	0.050221	
0.176111	0.092976	0.040719	0.294876	0.031218	0.019342	0.344757	
0.445836	0.033514	0.102234	0.116452	0.028775	0.253893	0.019296	
0.064168	0.425870	0.033435	0.184735	0.189463	0.057075	0.045255	
0.038073	0.229111	0.082884	0.304582	0.184299	0.127695	0.033356	
0.047619	0.354948	0.236744	0.132725	0.182371	0.021614	0.023978	
0.189463	0.052347	0.068896	0.220196	0.123269	0.302938	0.042891	
0.029120	0.050702	0.038712	0.086674	0.043508	0.734156	0.017129	
0.216893	0.041710	0.122002	0.090372	0.474800	0.027112	0.027112	
0.406364	0.109380	0.056016	0.016573	0.271793	0.097779	0.042095	
0.539182	0.070735	0.056172	0.031900	0.245492	0.029473	0.027046	
0.114552	0.058608	0.037629	0.175158	0.294039	0.282384	0.037629	
0.164683	0.035053	0.058201	0.162368	0.324405	0.148479	0.106812	
0.021262	0.051495	0.107309	0.428239	0.328239	0.023588	0.039867	
0.031367	0.028981	0.021821	0.181725	0.126833	0.019434	0.589840	
0.110126	0.036140	0.021821	0.434708	0.021821	0.021821	0.353563	
0.036054	0.043197	0.345578	0.021769	0.071769	0.028912	0.452721	
0.026658	0.060150	0.696514	0.024265	0.019481	0.045796	0.127136	
0.037983	0.181513	0.136807	0.087395	0.259160	0.174454	0.122689	
0.130151	0.048420	0.228709	0.192651	0.209478	0.166209	0.024382	
0.034079	0.718417	0.046127	0.026850	0.022031	0.128055	0.024441	
0.048654	0.345756	0.041408	0.232229	0.212905	0.063147	0.055901	
0.117286	0.425162	0.062393	0.026594	0.188885	0.098193	0.081487	
