0.035799	0.023978	0.019250	0.834853	0.038163	0.023978	0.023978	
0.335256	0.152358	0.059722	0.294876	0.035969	0.062097	0.059722	
0.269764	0.102288	0.024619	0.209085	0.063454	0.053745	0.277046	
0.436054	0.043197	0.093197	0.024150	0.312245	0.045578	0.045578	
0.023922	0.172507	0.231469	0.030997	0.219677	0.045148	0.276280	
0.040431	0.530997	0.139488	0.021563	0.167790	0.054582	0.045148	
0.028571	0.037983	0.030924	0.021513	0.287395	0.037983	0.555630	
0.112782	0.318524	0.048189	0.067327	0.033835	0.280246	0.139098	
0.483595	0.036227	0.048189	0.062543	0.112782	0.234792	0.021873	
0.046690	0.044251	0.024739	0.039373	0.210105	0.597909	0.036934	
0.040241	0.267941	0.033199	0.047284	0.108317	0.474514	0.028504	
0.019909	0.088369	0.337758	0.090814	0.107929	0.323088	0.032134	
0.182577	0.103138	0.035381	0.063418	0.019025	0.367156	0.229306	
0.198486	0.127057	0.136274	0.030283	0.018762	0.401251	0.087887	
0.042193	0.177076	0.158472	0.056146	0.028239	0.316611	0.221262	
0.777321	0.021925	0.029120	0.033916	0.067489	0.033916	0.036314	
0.703427	0.109603	0.024092	0.026468	0.019342	0.019342	0.097727	
0.442651	0.065247	0.019574	0.106113	0.118132	0.082074	0.166209	
0.378912	0.019388	0.021769	0.050340	0.362245	0.126531	0.040816	
0.369388	0.021769	0.433673	0.074150	0.031293	0.036054	0.033673	
0.266530	0.105858	0.355259	0.029120	0.177801	0.036314	0.029120	
0.189208	0.034244	0.143203	0.029402	0.043929	0.029402	0.530612	
0.055498	0.189791	0.079479	0.029120	0.019527	0.048304	0.578280	
0.253324	0.019434	0.067167	0.040914	0.150699	0.055234	0.413229	
