0.031518	0.021925	0.679000	0.031518	0.038712	0.158616	0.038712	
0.028843	0.387513	0.408890	0.043095	0.069223	0.040719	0.021717	
0.019527	0.563892	0.141829	0.074683	0.129839	0.029120	0.041110	
0.024035	0.024035	0.019296	0.016926	0.021666	0.035884	0.858158	
0.146910	0.111449	0.073624	0.156366	0.078352	0.078352	0.354948	
0.038253	0.213609	0.052471	0.052471	0.035884	0.071429	0.535884	
0.195578	0.124150	0.028912	0.078912	0.076531	0.112245	0.383673	
0.047619	0.135089	0.049983	0.071260	0.040527	0.626815	0.028707	
0.045578	0.024150	0.021769	0.043197	0.021769	0.671769	0.171769	
0.034244	0.046351	0.039087	0.414389	0.063300	0.319958	0.082670	
0.108063	0.028438	0.033121	0.054199	0.028438	0.728672	0.019070	
0.027178	0.083275	0.036934	0.595470	0.032056	0.090592	0.134495	
0.034972	0.025734	0.464533	0.034972	0.046519	0.353679	0.039591	
0.035463	0.098695	0.400803	0.168953	0.061224	0.211107	0.023754	
0.037983	0.193277	0.365042	0.270924	0.033277	0.049748	0.049748	
0.040914	0.040914	0.036140	0.024207	0.804637	0.021821	0.031367	
0.031367	0.040914	0.069553	0.019434	0.761677	0.031367	0.045687	
0.024323	0.340870	0.029120	0.026721	0.451182	0.098664	0.029120	
0.035884	0.028775	0.016926	0.045362	0.614083	0.066689	0.192282	
0.049983	0.061803	0.031071	0.579534	0.172915	0.052347	0.052347	
0.036227	0.182160	0.019481	0.409433	0.222830	0.041012	0.088859	
0.556971	0.019621	0.031670	0.084682	0.026850	0.041308	0.238898	
0.764200	0.062995	0.031670	0.029260	0.034079	0.046127	0.031670	
0.385509	0.076897	0.033835	0.045796	0.057758	0.335270	0.064935	
