0.480735	0.001114	0.087868	0.000755	0.029176	0.043637	0.036088	0.078785	0.032231	0.111219	0.007152	0.014154	0.048170	0.023087	0.005827	
0.596133	0.003630	0.040321	0.001600	0.012985	0.027193	0.034339	0.105416	0.025944	0.058538	0.006455	0.037514	0.019565	0.022065	0.008300	
0.492639	0.002746	0.067500	0.001223	0.024585	0.034961	0.034427	0.083733	0.054260	0.087648	0.006407	0.028750	0.037522	0.037757	0.005841	
0.488127	0.003634	0.018265	0.013835	0.007781	0.118966	0.208725	0.010909	0.024606	0.011182	0.052609	0.008593	0.008110	0.018427	0.006231	
0.384659	0.004036	0.071564	0.007593	0.016344	0.068851	0.130025	0.020795	0.103665	0.014057	0.033987	0.033343	0.021097	0.069758	0.020226	
0.447987	0.002998	0.078565	0.003363	0.006540	0.029299	0.088386	0.051360	0.063305	0.016890	0.013896	0.033358	0.014157	0.084177	0.065719	
0.356770	0.005428	0.064953	0.006859	0.018109	0.060073	0.113343	0.023814	0.138723	0.011985	0.027534	0.046036	0.015107	0.093902	0.017365	
0.295405	0.001097	0.136506	0.001116	0.007454	0.011502	0.092427	0.017087	0.089868	0.019726	0.004961	0.023477	0.022734	0.148141	0.128500	
0.327943	0.001325	0.140544	0.001445	0.019842	0.035952	0.076934	0.027626	0.093582	0.044049	0.013003	0.024630	0.031100	0.097023	0.065002	
0.216789	0.002302	0.187011	0.000830	0.036533	0.022165	0.049492	0.010926	0.208055	0.011360	0.035447	0.054711	0.072230	0.084992	0.007158	
0.241357	0.004507	0.135843	0.001972	0.032499	0.031086	0.054360	0.020148	0.205402	0.024527	0.021577	0.058336	0.042710	0.113867	0.011809	
0.263262	0.001345	0.184946	0.001472	0.033578	0.028203	0.061138	0.014415	0.172760	0.011031	0.040396	0.045644	0.074802	0.059863	0.007143	
0.472609	0.001582	0.103569	0.000833	0.026089	0.057030	0.044693	0.071849	0.034050	0.098437	0.004741	0.016890	0.023184	0.033930	0.010513	
0.414276	0.003177	0.100720	0.001424	0.024725	0.028103	0.042874	0.061065	0.108846	0.046531	0.016780	0.043032	0.041555	0.057542	0.009350	
0.460956	0.002332	0.112298	0.000807	0.022413	0.028744	0.038605	0.069857	0.081600	0.043042	0.018717	0.039593	0.040436	0.033717	0.006884	
0.518274	0.001289	0.021680	0.000712	0.031397	0.006429	0.013855	0.103396	0.027928	0.139970	0.003486	0.012999	0.090741	0.020380	0.007462	
0.547706	0.001605	0.021305	0.000633	0.027339	0.006181	0.013468	0.108806	0.021122	0.126424	0.003308	0.017192	0.079968	0.016620	0.008321	
0.467129	0.001772	0.033215	0.002071	0.030371	0.018777	0.037637	0.082205	0.050518	0.121111	0.008622	0.015527	0.080476	0.038063	0.012507	
0.390926	0.001193	0.090222	0.002046	0.022142	0.023130	0.066610	0.049367	0.069371	0.071564	0.013457	0.018642	0.058321	0.071704	0.051306	
0.179869	0.007722	0.094839	0.001318	0.036712	0.011825	0.025910	0.026681	0.275924	0.034398	0.005620	0.080669	0.035560	0.173003	0.009949	
0.261936	0.005748	0.107309	0.002162	0.028149	0.023503	0.050978	0.029073	0.208797	0.020277	0.014865	0.065076	0.031456	0.131061	0.019610	
0.301482	0.007252	0.083078	0.001377	0.026653	0.013880	0.028302	0.048932	0.217149	0.020354	0.006706	0.077324	0.020517	0.136433	0.010562	
0.472184	0.006470	0.048822	0.001558	0.016453	0.013964	0.026112	0.084874	0.131240	0.023295	0.006102	0.067742	0.012544	0.082402	0.006239	
0.349589	0.005380	0.077129	0.004471	0.020280	0.040064	0.081145	0.035340	0.152639	0.016979	0.020298	0.053109	0.021534	0.101774	0.020270	
