0.033754	0.437095	0.246164	0.038527	0.200818	0.026594	0.017047	
0.164596	0.307108	0.026915	0.241891	0.157350	0.043823	0.058316	
0.038527	0.620866	0.093420	0.167405	0.024207	0.024207	0.031367	
0.726961	0.026721	0.067489	0.029120	0.103460	0.021925	0.024323	
0.539345	0.104357	0.083080	0.023978	0.031071	0.023978	0.194191	
0.500339	0.204130	0.016926	0.038253	0.026405	0.137779	0.076168	
0.430924	0.021513	0.075630	0.030924	0.023866	0.059160	0.357983	
0.035799	0.191827	0.042891	0.222560	0.135089	0.307666	0.064168	
0.111188	0.024441	0.128055	0.048537	0.371429	0.275043	0.041308	
0.036844	0.027112	0.153632	0.034411	0.263121	0.345846	0.139034	
0.021462	0.026157	0.319584	0.030852	0.220993	0.197518	0.183434	
0.068809	0.037024	0.127489	0.032134	0.161718	0.513797	0.059029	
0.048829	0.041900	0.041900	0.023425	0.720884	0.071923	0.051138	
0.025914	0.146844	0.186379	0.035216	0.407309	0.181728	0.016611	
0.065908	0.133824	0.079960	0.033121	0.382068	0.269655	0.035463	
0.026721	0.048304	0.084275	0.652621	0.110654	0.045906	0.031518	
0.028843	0.268748	0.024092	0.606040	0.031218	0.021717	0.019342	
0.052973	0.026658	0.352016	0.476418	0.024265	0.031442	0.036227	
0.174150	0.031293	0.533673	0.107483	0.026531	0.069388	0.057483	
0.184735	0.035799	0.026342	0.142182	0.021614	0.215468	0.373860	
0.050340	0.124150	0.038435	0.231293	0.024150	0.440816	0.090816	
0.268641	0.027178	0.032056	0.044251	0.036934	0.110105	0.480836	
0.046239	0.331263	0.026915	0.046239	0.113872	0.038992	0.396480	
0.141490	0.036227	0.129528	0.177375	0.186945	0.041012	0.287423	
