0.410233	0.002573	0.055434	0.000949	0.027547	0.009650	0.023945	0.171830	0.016967	0.131798	0.010535	0.014639	0.021335	0.016731	0.085834	
0.516986	0.001641	0.056012	0.000887	0.023306	0.010577	0.017931	0.084107	0.030147	0.100099	0.010785	0.020816	0.058648	0.029755	0.038304	
0.448663	0.003818	0.058662	0.001168	0.028200	0.013367	0.028878	0.108137	0.064175	0.092814	0.008992	0.027788	0.034148	0.033252	0.047938	
0.469764	0.000964	0.053740	0.008395	0.020128	0.109695	0.157812	0.024604	0.037291	0.022443	0.024012	0.031966	0.016661	0.015460	0.007065	
0.365201	0.004012	0.101676	0.000982	0.035464	0.017565	0.110646	0.041402	0.135826	0.019835	0.007844	0.062071	0.020033	0.067352	0.010091	
0.388242	0.005584	0.068111	0.002436	0.027190	0.035121	0.112518	0.033238	0.152579	0.021339	0.009764	0.060592	0.012889	0.059684	0.010712	
0.427825	0.001331	0.084136	0.003155	0.037439	0.049537	0.182383	0.030284	0.070771	0.010849	0.009675	0.061407	0.007589	0.019299	0.004320	
0.381160	0.001317	0.108829	0.004139	0.016737	0.051732	0.060363	0.028067	0.093874	0.037279	0.023814	0.030221	0.054702	0.096058	0.011707	
0.344974	0.001029	0.094858	0.010269	0.006948	0.128434	0.122641	0.011844	0.084891	0.008806	0.037423	0.022241	0.029466	0.088725	0.007453	
0.209708	0.003028	0.143385	0.001460	0.008961	0.016450	0.025910	0.053600	0.174722	0.045424	0.025803	0.038558	0.050010	0.166575	0.036407	
0.250961	0.002717	0.127511	0.004127	0.008880	0.050416	0.056514	0.039098	0.152701	0.031882	0.028791	0.035137	0.042416	0.142750	0.026100	
0.204805	0.001382	0.164448	0.001375	0.014481	0.017792	0.054135	0.041269	0.158466	0.030031	0.025705	0.043393	0.050977	0.164935	0.026805	
0.413108	0.001397	0.166759	0.000919	0.064633	0.009096	0.036001	0.092331	0.038497	0.034722	0.004711	0.033875	0.049532	0.049240	0.005179	
0.369805	0.003569	0.129274	0.001737	0.036703	0.020368	0.039694	0.049701	0.119945	0.029561	0.012462	0.041604	0.047741	0.091265	0.006571	
0.357852	0.001107	0.154721	0.001249	0.038272	0.014785	0.039426	0.054498	0.086814	0.034542	0.014705	0.036223	0.058829	0.097785	0.009192	
0.623030	0.001227	0.045534	0.001010	0.024425	0.013725	0.021635	0.027756	0.026448	0.079167	0.008329	0.025589	0.079541	0.018499	0.004082	
0.635656	0.001376	0.019049	0.002456	0.012415	0.032294	0.032353	0.015250	0.030279	0.082634	0.013047	0.022383	0.076897	0.016951	0.006961	
0.499701	0.001721	0.049608	0.003537	0.022017	0.043628	0.047401	0.086182	0.022361	0.089009	0.015457	0.017564	0.042901	0.019880	0.039034	
0.463506	0.002692	0.030100	0.000855	0.013519	0.009876	0.018801	0.124649	0.039297	0.128428	0.012697	0.017590	0.038480	0.027983	0.071528	
0.443462	0.001709	0.081014	0.000849	0.026117	0.013852	0.068653	0.058609	0.070454	0.063621	0.011156	0.039494	0.044444	0.050865	0.025701	
0.318626	0.003535	0.114576	0.001011	0.011322	0.012226	0.026370	0.026003	0.166209	0.042360	0.020096	0.042691	0.059093	0.137864	0.018018	
0.350917	0.013092	0.046491	0.000794	0.021793	0.007335	0.017724	0.026695	0.290412	0.019621	0.003980	0.069625	0.016150	0.109754	0.005618	
0.357719	0.009557	0.057489	0.000656	0.023253	0.010356	0.068047	0.025946	0.236391	0.019974	0.005422	0.070808	0.014042	0.091449	0.008893	
0.442253	0.006738	0.031410	0.004168	0.012828	0.051717	0.057182	0.035488	0.148507	0.047586	0.015314	0.040716	0.027779	0.060437	0.017876	
