0.026658	0.036227	0.029050	0.806562	0.036227	0.041012	0.024265	
0.067327	0.041012	0.024265	0.330485	0.119959	0.261107	0.155844	
0.094093	0.043613	0.026786	0.671016	0.055632	0.077266	0.031593	
0.769388	0.019388	0.019388	0.036054	0.026531	0.095578	0.033673	
0.033435	0.156366	0.038163	0.047619	0.049983	0.180007	0.494428	
0.278520	0.067489	0.117849	0.036314	0.045906	0.326482	0.127441	
0.215468	0.071260	0.033435	0.033435	0.021614	0.023978	0.600811	
0.036054	0.038435	0.586054	0.159864	0.055102	0.057483	0.067007	
0.316007	0.111188	0.291910	0.166609	0.043718	0.043718	0.026850	
0.155142	0.273078	0.314847	0.115830	0.039663	0.061776	0.039663	
0.040147	0.129140	0.670124	0.026096	0.035463	0.035463	0.063566	
0.222300	0.310105	0.334495	0.022300	0.024739	0.039373	0.046690	
0.100332	0.046844	0.079402	0.184053	0.032890	0.511960	0.044518	
0.044518	0.028239	0.232890	0.037542	0.030565	0.544518	0.081728	
0.033277	0.080336	0.037983	0.073277	0.030924	0.630924	0.113277	
0.063147	0.036577	0.051070	0.048654	0.737060	0.046239	0.017253	
0.073974	0.035969	0.033593	0.059722	0.641669	0.050221	0.104852	
0.038712	0.021925	0.019527	0.041110	0.794108	0.031518	0.053100	
0.346310	0.118822	0.033514	0.168585	0.287068	0.026405	0.019296	
0.075988	0.711922	0.047619	0.026342	0.057075	0.026342	0.054711	
0.204130	0.303656	0.192282	0.057211	0.175694	0.035884	0.031144	
0.188296	0.106368	0.034079	0.062995	0.036489	0.099139	0.472633	
0.031746	0.063147	0.287785	0.048654	0.099379	0.029331	0.439959	
0.135731	0.123855	0.145232	0.107228	0.092976	0.019342	0.375636	
