0.028707	0.033435	0.033435	0.016886	0.163458	0.690645	0.033435	
0.102721	0.186054	0.083673	0.057483	0.236054	0.138435	0.195578	
0.031367	0.105353	0.026594	0.045687	0.711558	0.028981	0.050460	
0.447959	0.376531	0.038435	0.026531	0.026531	0.028912	0.055102	
0.733979	0.023698	0.035381	0.054072	0.056409	0.051736	0.044726	
0.711603	0.037894	0.033199	0.026157	0.023810	0.019115	0.148223	
0.295846	0.054711	0.085444	0.023978	0.260385	0.057075	0.222560	
0.142182	0.340763	0.099629	0.293482	0.054711	0.038163	0.031071	
0.033997	0.555632	0.070055	0.264766	0.019574	0.033997	0.021978	
0.053876	0.046576	0.399374	0.375043	0.070907	0.022245	0.031978	
0.023698	0.103138	0.621829	0.168558	0.030708	0.019025	0.033044	
0.095007	0.039182	0.192094	0.556172	0.039182	0.048890	0.029473	
0.032512	0.172742	0.066995	0.549754	0.122167	0.039409	0.016420	
0.021262	0.084053	0.039867	0.567774	0.172425	0.023588	0.091030	
0.124748	0.030852	0.033199	0.530852	0.091885	0.021462	0.167002	
0.019481	0.072112	0.021873	0.050581	0.026658	0.029050	0.780246	
0.024092	0.071598	0.033593	0.021717	0.109603	0.028843	0.710553	
0.074504	0.024265	0.096036	0.021873	0.091251	0.029050	0.663021	
0.035884	0.114083	0.490860	0.024035	0.052471	0.026405	0.256263	
0.307666	0.073624	0.172915	0.085444	0.035799	0.019250	0.305302	
0.048304	0.026721	0.607057	0.031518	0.103460	0.053100	0.129839	
0.034079	0.038898	0.062995	0.036489	0.026850	0.764200	0.036489	
0.184112	0.036140	0.038527	0.036140	0.207978	0.346403	0.150699	
0.124446	0.236618	0.141152	0.026594	0.040914	0.277191	0.153086	
