0.048304	0.544707	0.041110	0.103460	0.096266	0.093868	0.072285	
0.038805	0.493132	0.053228	0.029190	0.070055	0.048420	0.267170	
0.133992	0.542107	0.028981	0.071940	0.040914	0.019434	0.162632	
0.019481	0.029050	0.450103	0.024265	0.021873	0.029050	0.426179	
0.137129	0.033356	0.427224	0.172507	0.139488	0.028639	0.061658	
0.220718	0.040623	0.443466	0.033514	0.031144	0.040623	0.189912	
0.374454	0.023866	0.454454	0.030924	0.023866	0.040336	0.052101	
0.182597	0.115450	0.031518	0.158616	0.228160	0.036314	0.247345	
0.036227	0.019481	0.143882	0.189337	0.306562	0.033835	0.270677	
0.163763	0.032056	0.034495	0.027178	0.583275	0.100348	0.058885	
0.276681	0.040147	0.026096	0.030780	0.405487	0.061224	0.159585	
0.186335	0.038992	0.135611	0.089717	0.471360	0.024500	0.053485	
0.032814	0.032814	0.039775	0.594299	0.042095	0.035134	0.223069	
0.026280	0.049865	0.064016	0.505054	0.106469	0.047507	0.200809	
0.136166	0.077618	0.098695	0.426564	0.077618	0.049515	0.133824	
0.024500	0.026915	0.019669	0.060732	0.024500	0.340925	0.502761	
0.021717	0.247370	0.026468	0.031218	0.031218	0.223617	0.418392	
0.036401	0.041209	0.089286	0.038805	0.053228	0.550824	0.190247	
0.036314	0.026721	0.072285	0.026721	0.067489	0.611853	0.158616	
0.293482	0.144546	0.057075	0.040527	0.113813	0.127997	0.222560	
0.125931	0.069059	0.047732	0.031144	0.351049	0.249154	0.125931	
0.411107	0.093259	0.132379	0.105484	0.029689	0.090814	0.137269	
0.666212	0.188885	0.031367	0.028981	0.021821	0.019434	0.043300	
0.212392	0.123236	0.197935	0.065404	0.084682	0.067814	0.248537	
