0.495970	0.014555	0.019008	0.000815	0.039825	0.012908	0.015119	0.165583	0.020203	0.178180	0.005231	0.009097	0.008464	0.010779	0.004264	
0.510332	0.005710	0.037248	0.003554	0.021919	0.025963	0.034884	0.074958	0.070585	0.070299	0.009994	0.023107	0.022030	0.074547	0.014870	
0.440996	0.005598	0.023201	0.001941	0.020055	0.037015	0.069155	0.075922	0.107221	0.083719	0.004923	0.051970	0.019233	0.044244	0.014808	
0.538520	0.002998	0.082066	0.006512	0.023199	0.037754	0.056730	0.026053	0.060747	0.017628	0.026005	0.031066	0.024773	0.060508	0.005440	
0.182798	0.006196	0.147447	0.000553	0.052126	0.019030	0.148936	0.049879	0.140664	0.026548	0.063498	0.074116	0.047139	0.032298	0.008774	
0.346006	0.003340	0.097696	0.001482	0.024896	0.012320	0.060317	0.047430	0.133586	0.016367	0.028927	0.028785	0.041124	0.135705	0.022019	
0.304078	0.002576	0.063689	0.001314	0.029726	0.039706	0.116597	0.050883	0.136317	0.056649	0.022629	0.078130	0.046095	0.022318	0.029294	
0.437564	0.001929	0.067127	0.002420	0.010657	0.023300	0.035006	0.041471	0.128194	0.021717	0.008370	0.023315	0.032482	0.143407	0.023043	
0.597468	0.001540	0.077741	0.006941	0.010229	0.045892	0.027039	0.019343	0.059651	0.019847	0.007531	0.020597	0.021576	0.077322	0.007283	
0.284663	0.001096	0.262120	0.000758	0.009774	0.043272	0.020808	0.015647	0.143378	0.020082	0.005285	0.013623	0.053026	0.116866	0.009600	
0.354321	0.001374	0.150318	0.000710	0.007741	0.022128	0.010362	0.037993	0.144643	0.020509	0.003308	0.006750	0.046255	0.169082	0.024507	
0.239516	0.005265	0.182471	0.000569	0.038370	0.019996	0.085619	0.050317	0.127898	0.032626	0.041890	0.039469	0.049402	0.075671	0.010920	
0.408464	0.001702	0.117294	0.002350	0.007667	0.042574	0.046472	0.027542	0.135384	0.027535	0.003070	0.035457	0.030102	0.102626	0.011761	
0.379974	0.002404	0.139526	0.002406	0.016352	0.033828	0.049843	0.030252	0.125075	0.021348	0.015805	0.029840	0.036842	0.104522	0.011981	
0.312396	0.002841	0.115814	0.000871	0.020666	0.031679	0.076950	0.041464	0.148444	0.033134	0.018638	0.048309	0.039797	0.090891	0.018105	
0.525089	0.000890	0.014658	0.004898	0.028725	0.025589	0.013230	0.081532	0.019241	0.092768	0.002900	0.016783	0.070149	0.039561	0.063987	
0.506274	0.000916	0.016411	0.004320	0.023742	0.027959	0.023973	0.071887	0.047377	0.079116	0.002364	0.023999	0.060591	0.055568	0.055504	
0.351689	0.001494	0.047635	0.001028	0.031703	0.022336	0.038951	0.093423	0.076159	0.106009	0.003681	0.033871	0.080241	0.042794	0.068985	
0.448085	0.001418	0.073752	0.003405	0.027398	0.025939	0.014353	0.075027	0.046549	0.084239	0.004732	0.014676	0.070125	0.055649	0.054653	
0.379710	0.003527	0.069157	0.002494	0.026112	0.031535	0.087904	0.047180	0.119658	0.038884	0.024419	0.054173	0.033933	0.063520	0.017794	
0.373312	0.003255	0.092608	0.002556	0.032875	0.015751	0.056329	0.059278	0.091078	0.041612	0.029203	0.027919	0.053743	0.087841	0.032639	
0.356035	0.002052	0.052301	0.002169	0.015797	0.054142	0.130354	0.021765	0.167044	0.027365	0.016716	0.090986	0.019600	0.036132	0.007542	
0.329059	0.000997	0.052610	0.000775	0.009986	0.049551	0.107246	0.030297	0.180888	0.036654	0.004732	0.080871	0.029668	0.065759	0.020906	
0.448558	0.001105	0.038474	0.003505	0.009267	0.055968	0.091520	0.024772	0.134848	0.036749	0.003373	0.071274	0.021580	0.044665	0.014341	
