0.019527	0.033916	0.024323	0.026721	0.041110	0.822885	0.031518	
0.075406	0.220685	0.024559	0.046351	0.358699	0.172259	0.102041	
0.036489	0.048537	0.026850	0.041308	0.311188	0.296730	0.238898	
0.160245	0.241391	0.083873	0.391749	0.028981	0.033754	0.060007	
0.231469	0.030997	0.052224	0.401280	0.151280	0.030997	0.101752	
0.112513	0.157859	0.052847	0.248551	0.308217	0.081487	0.038527	
0.045578	0.045578	0.055102	0.509864	0.064626	0.095578	0.183673	
0.031518	0.367249	0.307297	0.041110	0.127441	0.069887	0.055498	
0.072112	0.407040	0.275461	0.127136	0.026658	0.050581	0.041012	
0.085092	0.017295	0.477343	0.164995	0.060879	0.167416	0.026980	
0.028775	0.121192	0.422139	0.099865	0.059580	0.220718	0.047732	
0.250965	0.047034	0.381186	0.152685	0.022464	0.066690	0.078975	
0.053448	0.198944	0.201254	0.034972	0.390630	0.083471	0.037281	
0.106218	0.108571	0.219160	0.045042	0.357983	0.073277	0.089748	
0.154367	0.042993	0.097495	0.071429	0.507448	0.042993	0.083277	
0.125949	0.174258	0.019669	0.034161	0.038992	0.026915	0.580055	
0.053485	0.169427	0.034161	0.082471	0.087302	0.096963	0.476190	
0.040816	0.036054	0.026531	0.043197	0.076531	0.181293	0.595578	
0.027112	0.129301	0.027112	0.168231	0.031978	0.406674	0.209593	
0.446642	0.112513	0.067167	0.040914	0.038527	0.024207	0.270031	
0.276375	0.075406	0.111726	0.114147	0.111726	0.089934	0.220685	
0.178657	0.128055	0.096730	0.373838	0.169019	0.029260	0.024441	
0.224685	0.048074	0.045687	0.172179	0.327310	0.036140	0.145926	
0.082272	0.234079	0.060585	0.393115	0.096730	0.091910	0.041308	
