0.379705	0.005663	0.051996	0.000826	0.029969	0.036662	0.036150	0.143827	0.059303	0.137070	0.007306	0.019365	0.016322	0.054330	0.021507	
0.483539	0.003391	0.034508	0.002860	0.024458	0.041008	0.042325	0.122415	0.042251	0.118572	0.015320	0.019607	0.023150	0.021305	0.005291	
0.430333	0.004421	0.034309	0.001566	0.033559	0.038018	0.050381	0.149840	0.041125	0.144086	0.008801	0.019513	0.015157	0.021298	0.007594	
0.592467	0.000929	0.024779	0.008828	0.005578	0.071356	0.082217	0.016100	0.049878	0.022748	0.048495	0.028185	0.013339	0.029760	0.005342	
0.365311	0.001009	0.095233	0.003615	0.039362	0.029133	0.135242	0.022095	0.137713	0.019912	0.016399	0.065078	0.024033	0.041514	0.004352	
0.445675	0.001479	0.062753	0.005057	0.009561	0.036872	0.050668	0.030656	0.149875	0.023324	0.022569	0.053039	0.017582	0.081495	0.009396	
0.397694	0.001307	0.036107	0.005825	0.055115	0.052963	0.209883	0.011218	0.083845	0.018627	0.033263	0.055974	0.007651	0.022116	0.008410	
0.315705	0.003814	0.119138	0.001532	0.026411	0.024841	0.069290	0.039173	0.142509	0.034379	0.010677	0.049933	0.037045	0.095488	0.030064	
0.339466	0.005742	0.086727	0.003403	0.019474	0.050458	0.073499	0.025520	0.105384	0.027728	0.028461	0.031454	0.025973	0.124830	0.051880	
0.305488	0.004464	0.212525	0.000838	0.010183	0.024320	0.028818	0.011730	0.130755	0.011612	0.011984	0.042310	0.063553	0.099535	0.041888	
0.272623	0.006701	0.179752	0.001119	0.004974	0.034909	0.015939	0.010127	0.138419	0.009854	0.018308	0.033516	0.052067	0.156151	0.065541	
0.357549	0.001640	0.156269	0.002662	0.035018	0.028460	0.119903	0.013138	0.109591	0.015932	0.016001	0.055729	0.045987	0.030251	0.011867	
0.371886	0.003623	0.168757	0.000680	0.015808	0.022119	0.022303	0.062939	0.097078	0.060025	0.006736	0.035194	0.057488	0.053880	0.021482	
0.383159	0.002683	0.168183	0.001232	0.018255	0.021671	0.038398	0.053707	0.102260	0.051118	0.007759	0.041452	0.055458	0.040731	0.013932	
0.378600	0.002055	0.163852	0.001037	0.028234	0.018964	0.064700	0.060875	0.096389	0.058611	0.005136	0.045984	0.053112	0.017246	0.005205	
0.603387	0.001031	0.017058	0.000732	0.025412	0.007126	0.012910	0.080123	0.021670	0.079689	0.006087	0.007358	0.112145	0.018666	0.006606	
0.603900	0.001145	0.016910	0.000540	0.025405	0.006368	0.009412	0.083691	0.019021	0.083127	0.005268	0.005880	0.113718	0.018532	0.007084	
0.510031	0.002285	0.021323	0.002771	0.031212	0.031242	0.070224	0.068045	0.044761	0.069377	0.018096	0.020946	0.060077	0.035743	0.013868	
0.299308	0.008891	0.040319	0.002711	0.012643	0.057348	0.035385	0.048037	0.111639	0.047161	0.029940	0.016168	0.015569	0.194792	0.080089	
0.390536	0.002316	0.069069	0.003498	0.011282	0.026633	0.035697	0.042154	0.176020	0.030463	0.013906	0.056521	0.019622	0.106256	0.016028	
0.285221	0.009140	0.047958	0.001020	0.014626	0.043094	0.021445	0.039132	0.118456	0.037871	0.022952	0.013454	0.043228	0.213305	0.089097	
0.328114	0.001487	0.076358	0.002424	0.030549	0.014249	0.086655	0.034306	0.200211	0.021669	0.005942	0.073264	0.020958	0.094265	0.009548	
0.328799	0.001522	0.088878	0.002306	0.023832	0.012739	0.063787	0.041291	0.209319	0.026308	0.003903	0.073883	0.018694	0.097106	0.007632	
0.256390	0.005524	0.068573	0.002248	0.030623	0.034591	0.094522	0.020788	0.171599	0.015742	0.018152	0.052332	0.017903	0.158356	0.052659	
