0.474781	0.018065	0.016199	0.001212	0.071021	0.061509	0.027336	0.071430	0.020744	0.095002	0.004822	0.010394	0.009071	0.013331	0.105082	
0.484624	0.008018	0.067323	0.000983	0.034064	0.034530	0.022965	0.080760	0.033252	0.072553	0.022595	0.029096	0.048283	0.012888	0.048067	
0.494511	0.008544	0.054392	0.001132	0.036846	0.036172	0.022328	0.085220	0.024656	0.095655	0.010531	0.020067	0.046936	0.013076	0.049932	
0.495971	0.001255	0.016695	0.014774	0.005619	0.116765	0.189914	0.013678	0.046978	0.013163	0.043170	0.007192	0.009460	0.018910	0.006455	
0.336795	0.000828	0.074581	0.003876	0.023943	0.031383	0.091751	0.040395	0.159062	0.012376	0.028514	0.073510	0.029310	0.087683	0.005993	
0.471666	0.000829	0.044870	0.009527	0.006505	0.076763	0.130893	0.040812	0.062618	0.024659	0.039813	0.022250	0.032912	0.029956	0.005927	
0.321050	0.000899	0.078954	0.002869	0.029029	0.023506	0.082280	0.039061	0.168805	0.036112	0.010409	0.074226	0.026426	0.101329	0.005044	
0.297224	0.000927	0.143375	0.000966	0.004430	0.017166	0.058239	0.031510	0.179102	0.010362	0.015990	0.014497	0.042687	0.162135	0.021391	
0.325584	0.004845	0.111213	0.001555	0.030949	0.029795	0.061904	0.026899	0.153128	0.032797	0.007148	0.040601	0.020741	0.118094	0.034748	
0.314108	0.001325	0.145672	0.002246	0.010069	0.028521	0.070491	0.015590	0.166067	0.019665	0.008283	0.019295	0.030245	0.148449	0.019975	
0.289609	0.002203	0.156690	0.001068	0.010479	0.022920	0.060175	0.014565	0.180479	0.016787	0.005298	0.010973	0.030241	0.170128	0.028384	
0.323564	0.001024	0.114414	0.001097	0.010241	0.015518	0.056916	0.049089	0.163094	0.011755	0.026262	0.036846	0.047485	0.125616	0.017080	
0.424825	0.002355	0.163248	0.001027	0.015272	0.025984	0.032807	0.028506	0.082008	0.056242	0.005770	0.028516	0.042274	0.072088	0.019079	
0.470732	0.001607	0.178117	0.001269	0.014167	0.027792	0.026896	0.026434	0.050338	0.055465	0.013057	0.041979	0.046314	0.034586	0.011249	
0.487938	0.000938	0.172792	0.000987	0.011215	0.023405	0.020454	0.038370	0.039912	0.056162	0.019038	0.045699	0.055472	0.020848	0.006771	
0.514156	0.002379	0.018458	0.002212	0.013794	0.022795	0.032186	0.122216	0.025045	0.121201	0.008147	0.009911	0.078045	0.015803	0.013651	
0.519531	0.001356	0.015361	0.001139	0.009931	0.011157	0.018341	0.138891	0.023320	0.126792	0.010395	0.012680	0.091054	0.012122	0.007929	
0.502647	0.002627	0.023387	0.001005	0.015648	0.014332	0.019848	0.126913	0.032290	0.123175	0.006507	0.013537	0.081044	0.021431	0.015609	
0.427337	0.007812	0.040163	0.000666	0.042050	0.026815	0.031797	0.084149	0.076257	0.090313	0.004443	0.035697	0.040388	0.046756	0.045359	
0.360040	0.001981	0.085112	0.002696	0.027934	0.027333	0.071013	0.042711	0.136986	0.047272	0.009489	0.060523	0.030415	0.084662	0.011834	
0.388807	0.002489	0.066774	0.003236	0.021704	0.032575	0.071376	0.058684	0.116063	0.043181	0.020815	0.043853	0.040165	0.073047	0.017231	
0.240666	0.001320	0.107583	0.001316	0.039941	0.013025	0.080635	0.014608	0.225396	0.013750	0.005908	0.102139	0.009793	0.136396	0.007522	
0.375191	0.000857	0.056937	0.000960	0.018853	0.008296	0.048443	0.088745	0.131020	0.034378	0.034409	0.066473	0.061014	0.066804	0.007619	
0.374807	0.002953	0.060082	0.005849	0.028624	0.052839	0.106870	0.030655	0.126922	0.031533	0.018726	0.052677	0.016761	0.073816	0.016887	
