0.399685	0.007982	0.062254	0.000836	0.023871	0.042972	0.032698	0.088350	0.073688	0.126671	0.005262	0.013476	0.025463	0.052787	0.044005	
0.494488	0.009364	0.055299	0.002151	0.029235	0.013639	0.039133	0.098522	0.041727	0.142995	0.011726	0.021305	0.022441	0.013786	0.004191	
0.464588	0.012244	0.018556	0.001349	0.036564	0.013679	0.021442	0.135951	0.030366	0.196352	0.007182	0.008520	0.018393	0.024918	0.009896	
0.536790	0.001023	0.025076	0.011473	0.006082	0.055657	0.147257	0.056189	0.026608	0.016080	0.067845	0.009981	0.016610	0.016815	0.006514	
0.358950	0.002791	0.088991	0.007324	0.026092	0.035570	0.097931	0.035783	0.104320	0.012376	0.045505	0.042918	0.023011	0.112958	0.005482	
0.407790	0.003062	0.064720	0.008097	0.021983	0.040068	0.109298	0.047009	0.082808	0.025624	0.049319	0.032891	0.018293	0.082430	0.006606	
0.422865	0.001358	0.030570	0.005753	0.018734	0.042119	0.138645	0.035457	0.137599	0.015704	0.034145	0.048020	0.009569	0.039124	0.020338	
0.400985	0.004875	0.131363	0.000868	0.027574	0.014888	0.032678	0.041417	0.106082	0.057742	0.005831	0.049446	0.041469	0.074059	0.010723	
0.312327	0.001230	0.105544	0.002606	0.010066	0.075925	0.074597	0.021200	0.136241	0.011190	0.017549	0.027642	0.030702	0.101344	0.071837	
0.330011	0.001366	0.133157	0.000672	0.012697	0.059482	0.052844	0.015064	0.141471	0.012614	0.005687	0.038635	0.040766	0.093943	0.061593	
0.267266	0.001203	0.118479	0.000707	0.010259	0.081754	0.056117	0.018859	0.153937	0.013623	0.006792	0.027717	0.036418	0.119343	0.087527	
0.321831	0.001772	0.125065	0.003031	0.016959	0.055183	0.064817	0.019803	0.129559	0.008784	0.020178	0.038487	0.035782	0.112347	0.046402	
0.533923	0.001120	0.196073	0.000844	0.008084	0.016111	0.015876	0.013057	0.054729	0.012939	0.004489	0.042029	0.071164	0.022340	0.007224	
0.386640	0.003680	0.178217	0.000761	0.026896	0.010181	0.012390	0.025335	0.101767	0.031762	0.005934	0.054259	0.057147	0.100209	0.004822	
0.424907	0.002459	0.168744	0.001611	0.021269	0.014980	0.025313	0.024008	0.090560	0.021165	0.010523	0.049647	0.058845	0.080391	0.005578	
0.532167	0.001977	0.021995	0.000837	0.021460	0.008797	0.016163	0.128251	0.032630	0.103223	0.004251	0.012330	0.087081	0.024088	0.004750	
0.540303	0.005005	0.013003	0.000741	0.024823	0.007586	0.012706	0.139971	0.019048	0.140065	0.003257	0.006946	0.071690	0.010666	0.004188	
0.464375	0.000929	0.025250	0.000811	0.016972	0.032350	0.033227	0.107702	0.067540	0.079508	0.004901	0.012637	0.076638	0.045309	0.031850	
0.289946	0.001534	0.041367	0.002425	0.012758	0.083516	0.092193	0.047533	0.152724	0.035112	0.016345	0.021272	0.022639	0.097186	0.083450	
0.194641	0.004525	0.138629	0.000909	0.047495	0.008233	0.031222	0.031193	0.186998	0.028002	0.009223	0.075886	0.040413	0.195459	0.007173	
0.271149	0.003428	0.085497	0.001937	0.029858	0.042120	0.055409	0.049983	0.149021	0.042907	0.014100	0.042927	0.035421	0.136706	0.039537	
0.354073	0.002107	0.053807	0.001824	0.030926	0.020441	0.115455	0.023940	0.199074	0.018962	0.011144	0.076578	0.012838	0.063309	0.015520	
0.304736	0.005650	0.081375	0.001011	0.042269	0.007509	0.068862	0.043292	0.177115	0.058582	0.007333	0.072374	0.017889	0.106477	0.005525	
0.336575	0.002474	0.050689	0.001407	0.028117	0.032915	0.096737	0.038851	0.180870	0.034907	0.009132	0.060184	0.020164	0.075388	0.031590	
