0.557453	0.001644	0.042830	0.000952	0.026794	0.011871	0.053612	0.111224	0.038927	0.074570	0.010998	0.013345	0.020135	0.028596	0.007050	
0.578124	0.002868	0.025751	0.001076	0.022095	0.031804	0.043631	0.089006	0.050869	0.067442	0.009437	0.020034	0.023748	0.025460	0.008656	
0.533365	0.005239	0.032961	0.001035	0.024408	0.045091	0.019022	0.092158	0.040992	0.089191	0.007176	0.017485	0.051967	0.031209	0.008701	
0.559533	0.001984	0.017261	0.009232	0.007201	0.046239	0.020299	0.015615	0.031356	0.015160	0.055926	0.011286	0.010935	0.107645	0.090328	
0.219515	0.002540	0.099572	0.001496	0.032239	0.036972	0.206276	0.038196	0.191569	0.037883	0.008211	0.049145	0.029170	0.034596	0.012620	
0.375798	0.002136	0.064096	0.003536	0.018711	0.036795	0.120579	0.021061	0.155692	0.019013	0.020829	0.050882	0.014423	0.063318	0.033132	
0.310074	0.001211	0.084693	0.001112	0.027596	0.043860	0.211075	0.025288	0.185828	0.016776	0.006500	0.046823	0.008718	0.021547	0.008900	
0.445177	0.001646	0.102490	0.002892	0.018666	0.026048	0.039158	0.039777	0.095565	0.028160	0.019095	0.037082	0.026163	0.090844	0.027237	
0.452488	0.001445	0.107967	0.003332	0.018385	0.038808	0.050619	0.027698	0.083642	0.019794	0.021175	0.027572	0.025741	0.089387	0.031947	
0.256573	0.001988	0.205375	0.002164	0.023473	0.013698	0.019174	0.023261	0.139069	0.023643	0.013662	0.055772	0.055126	0.146484	0.020538	
0.346990	0.001982	0.167240	0.001703	0.018820	0.024132	0.017948	0.017474	0.137302	0.016498	0.010600	0.057295	0.041954	0.124135	0.015925	
0.267255	0.001951	0.157707	0.004375	0.023887	0.015418	0.057014	0.030488	0.124236	0.029317	0.027102	0.043259	0.045067	0.130888	0.042035	
0.453537	0.001285	0.145619	0.000849	0.023371	0.028136	0.024619	0.051433	0.070222	0.034597	0.007798	0.025817	0.037076	0.088236	0.007405	
0.363220	0.002396	0.168355	0.002282	0.021666	0.033462	0.013048	0.027461	0.094082	0.028749	0.014195	0.036263	0.052054	0.120779	0.021990	
0.291572	0.003016	0.170047	0.001523	0.026309	0.021832	0.033107	0.043553	0.121785	0.044620	0.009691	0.046356	0.058858	0.113740	0.013991	
0.480260	0.007427	0.019000	0.001136	0.028764	0.048532	0.017493	0.110397	0.038011	0.119411	0.006565	0.015911	0.073759	0.023730	0.009604	
0.465138	0.008523	0.011243	0.000999	0.032558	0.048594	0.013718	0.129829	0.022139	0.141836	0.005684	0.009112	0.086750	0.015708	0.008171	
0.363780	0.008258	0.027697	0.000854	0.036261	0.038063	0.055049	0.128256	0.065381	0.140049	0.004659	0.021403	0.086163	0.017778	0.006349	
0.442835	0.003789	0.021394	0.008523	0.017892	0.024934	0.029113	0.062245	0.039239	0.062582	0.052237	0.014085	0.036739	0.101770	0.082623	
0.323821	0.006480	0.071995	0.001754	0.033790	0.034051	0.061104	0.099228	0.081402	0.108545	0.010288	0.025505	0.076848	0.049607	0.015582	
0.288495	0.005699	0.083363	0.006117	0.027686	0.014565	0.016969	0.082836	0.068497	0.093567	0.036984	0.027146	0.074312	0.114908	0.058858	
0.353329	0.001880	0.074418	0.002565	0.019839	0.038947	0.141818	0.015245	0.177162	0.012959	0.014727	0.056617	0.011883	0.055125	0.023485	
0.400822	0.004125	0.044166	0.000756	0.008864	0.006278	0.017899	0.026740	0.236424	0.028140	0.003444	0.114304	0.018533	0.084612	0.004892	
0.410124	0.001920	0.078123	0.001555	0.022078	0.054767	0.140486	0.021833	0.138163	0.018509	0.008878	0.037173	0.016472	0.036001	0.013917	
