0.395651	0.014278	0.037864	0.000775	0.061857	0.021109	0.025124	0.151326	0.054034	0.127391	0.019029	0.014761	0.014082	0.046822	0.015896	
0.567348	0.008575	0.055183	0.001134	0.038830	0.050529	0.014298	0.090579	0.022492	0.082503	0.013909	0.019114	0.018388	0.012078	0.005039	
0.517236	0.012928	0.019584	0.000941	0.055794	0.040211	0.014358	0.139218	0.027023	0.116900	0.018359	0.010326	0.009236	0.013916	0.003969	
0.560452	0.001152	0.039311	0.007890	0.020031	0.073800	0.066128	0.020625	0.084505	0.012965	0.043721	0.036030	0.009646	0.019311	0.004434	
0.369402	0.001253	0.088300	0.004718	0.023388	0.032517	0.082407	0.030897	0.150913	0.031408	0.025660	0.058137	0.030649	0.062470	0.007881	
0.498688	0.001047	0.052067	0.007643	0.020400	0.063438	0.073638	0.021305	0.103364	0.014654	0.042187	0.040747	0.014917	0.036514	0.009389	
0.447420	0.001058	0.047758	0.008372	0.023489	0.051254	0.086928	0.033459	0.123159	0.023405	0.046402	0.046762	0.018736	0.036491	0.005306	
0.300436	0.000945	0.111031	0.000680	0.005264	0.039116	0.063124	0.010731	0.136124	0.011687	0.003036	0.023820	0.049305	0.172078	0.072625	
0.300312	0.001080	0.124400	0.001973	0.009285	0.034590	0.066209	0.011044	0.131397	0.014598	0.010169	0.032998	0.047623	0.151412	0.062911	
0.233854	0.000922	0.105981	0.004352	0.012037	0.029553	0.088418	0.017768	0.159300	0.012812	0.023791	0.034387	0.044894	0.164711	0.067222	
0.336590	0.001085	0.101276	0.002746	0.010227	0.032725	0.067892	0.028864	0.117944	0.026595	0.014680	0.030088	0.050400	0.126093	0.052795	
0.315746	0.001556	0.136572	0.004740	0.018614	0.029820	0.073132	0.014445	0.124582	0.020611	0.025837	0.049762	0.039561	0.104989	0.040032	
0.405479	0.005045	0.183097	0.000793	0.028324	0.020137	0.027511	0.037276	0.054029	0.056892	0.006579	0.052501	0.045052	0.055554	0.021731	
0.390795	0.003083	0.218850	0.000802	0.021163	0.017760	0.029529	0.012116	0.057400	0.041399	0.003949	0.061218	0.052820	0.063441	0.025675	
0.432717	0.003554	0.217546	0.001151	0.026185	0.014359	0.026161	0.023216	0.044759	0.053864	0.006187	0.068744	0.051182	0.024528	0.005848	
0.529355	0.004516	0.029059	0.000558	0.020461	0.017469	0.035186	0.126735	0.022281	0.107897	0.006473	0.011272	0.067688	0.013206	0.007846	
0.559478	0.000952	0.019716	0.000575	0.005107	0.017904	0.042779	0.115769	0.021591	0.096834	0.002611	0.008090	0.085036	0.013667	0.009889	
0.533810	0.001298	0.016808	0.000795	0.006790	0.007118	0.046940	0.132099	0.019955	0.109669	0.004309	0.007745	0.092234	0.011141	0.009289	
0.410125	0.001528	0.067245	0.001323	0.008846	0.031510	0.056377	0.058233	0.089031	0.049125	0.007425	0.018349	0.058904	0.099092	0.042887	
0.207295	0.002376	0.082064	0.000825	0.030075	0.008268	0.099980	0.048317	0.241448	0.047161	0.005450	0.069901	0.034045	0.113783	0.009013	
0.358345	0.002588	0.090761	0.002170	0.019027	0.024622	0.064107	0.053168	0.114517	0.049489	0.013047	0.036426	0.048179	0.091736	0.031819	
0.270614	0.000945	0.076875	0.002051	0.026653	0.033759	0.100622	0.011686	0.250367	0.015375	0.010663	0.073733	0.015363	0.107060	0.004234	
0.356600	0.001065	0.075634	0.001511	0.021242	0.030283	0.080219	0.033856	0.181269	0.035336	0.007602	0.058495	0.033337	0.078418	0.005132	
0.341853	0.000833	0.066216	0.000801	0.019860	0.035060	0.083247	0.026993	0.202209	0.027713	0.003560	0.057150	0.029229	0.096011	0.009265	
