0.026342	0.026342	0.035799	0.016886	0.021614	0.026342	0.846673	
0.031442	0.433356	0.060150	0.093643	0.110390	0.088859	0.182160	
0.156218	0.223364	0.165810	0.033916	0.074683	0.134635	0.211374	
0.717007	0.052721	0.031293	0.076531	0.036054	0.050340	0.036054	
0.455734	0.061368	0.044936	0.033199	0.267941	0.103622	0.033199	
0.398922	0.122978	0.052224	0.073450	0.016846	0.314016	0.021563	
0.685917	0.151638	0.038163	0.028707	0.028707	0.042891	0.023978	
0.028843	0.674924	0.028843	0.138107	0.069223	0.026468	0.033593	
0.064626	0.126531	0.021769	0.602721	0.031293	0.047959	0.105102	
0.070735	0.121706	0.109570	0.527046	0.104716	0.024619	0.041609	
0.058883	0.234527	0.026096	0.583473	0.028438	0.042489	0.026096	
0.051442	0.024678	0.027112	0.029545	0.805700	0.024678	0.036844	
0.037717	0.042390	0.037717	0.086782	0.082109	0.600801	0.112483	
0.053946	0.058608	0.070263	0.079587	0.130869	0.573760	0.032967	
0.051257	0.085979	0.030423	0.048942	0.231812	0.528108	0.023479	
0.040914	0.024207	0.704398	0.031367	0.155472	0.019434	0.024207	
0.026721	0.283316	0.563892	0.021925	0.019527	0.038712	0.045906	
0.043197	0.055102	0.755102	0.057483	0.017007	0.043197	0.028912	
0.059580	0.042993	0.384225	0.348680	0.035884	0.052471	0.076168	
0.247395	0.028571	0.292101	0.190924	0.186218	0.026218	0.028571	
0.119388	0.081293	0.238435	0.240816	0.221769	0.057483	0.040816	
0.790706	0.031670	0.046127	0.043718	0.041308	0.026850	0.019621	
0.350462	0.208976	0.211374	0.069887	0.033916	0.108256	0.017129	
0.578280	0.045906	0.033916	0.218568	0.024323	0.033916	0.065091	
