0.663081	0.000855	0.027167	0.000692	0.036896	0.011733	0.053657	0.061834	0.028066	0.072130	0.005011	0.008457	0.011442	0.015210	0.003770	
0.469780	0.004052	0.040568	0.001688	0.029984	0.022614	0.041453	0.113549	0.051686	0.099827	0.008759	0.019274	0.052800	0.033183	0.010784	
0.458338	0.004046	0.062700	0.000864	0.032906	0.015450	0.027999	0.122647	0.053042	0.107071	0.005354	0.022892	0.060284	0.020243	0.006164	
0.447734	0.001325	0.033768	0.011219	0.006569	0.106226	0.205175	0.015783	0.065385	0.009837	0.026269	0.011870	0.012439	0.035377	0.011024	
0.397385	0.001748	0.093838	0.006495	0.018999	0.066807	0.133020	0.022163	0.107299	0.020196	0.015027	0.039252	0.023093	0.041441	0.013235	
0.446099	0.001804	0.043427	0.009590	0.010391	0.091635	0.179179	0.023437	0.063762	0.018193	0.022404	0.016741	0.015825	0.042784	0.014727	
0.315455	0.001046	0.053802	0.004177	0.034495	0.057500	0.105017	0.010334	0.256454	0.015063	0.009393	0.081740	0.008213	0.039774	0.007537	
0.374085	0.002599	0.139577	0.001344	0.020872	0.021743	0.043182	0.028129	0.125907	0.031553	0.017793	0.045484	0.041608	0.082601	0.023523	
0.389492	0.004513	0.079433	0.002786	0.014617	0.031422	0.061361	0.028316	0.082969	0.030808	0.020877	0.036522	0.029637	0.138072	0.049174	
0.291850	0.001237	0.132824	0.000984	0.008536	0.026556	0.019258	0.020753	0.235185	0.023169	0.044908	0.038995	0.064479	0.085496	0.005773	
0.283555	0.002564	0.115481	0.001306	0.009955	0.027608	0.027675	0.013608	0.215751	0.017632	0.038747	0.047827	0.051402	0.121208	0.025679	
0.306112	0.002461	0.117094	0.002066	0.011149	0.032686	0.043044	0.016772	0.190741	0.019464	0.034718	0.044711	0.048534	0.107030	0.023417	
0.436006	0.001207	0.259301	0.001024	0.023803	0.011645	0.049111	0.024801	0.038069	0.028894	0.004750	0.037379	0.051730	0.024364	0.007916	
0.353640	0.003587	0.256808	0.001315	0.015303	0.012857	0.042963	0.016352	0.033770	0.018543	0.009648	0.044868	0.054066	0.098249	0.038032	
0.383024	0.002003	0.226025	0.001627	0.023071	0.019802	0.051496	0.038826	0.069592	0.036926	0.007581	0.042404	0.056510	0.031749	0.009365	
0.465122	0.005054	0.048593	0.001060	0.030116	0.015106	0.025046	0.138044	0.020883	0.118275	0.006551	0.014037	0.065822	0.033446	0.012846	
0.475422	0.005094	0.024067	0.001191	0.031222	0.017100	0.025698	0.148891	0.024376	0.127063	0.007172	0.010739	0.066318	0.026184	0.009463	
0.450728	0.005414	0.022724	0.002043	0.027131	0.024407	0.040873	0.124000	0.032446	0.106304	0.009551	0.017111	0.055581	0.058871	0.022817	
0.335297	0.009400	0.023298	0.001011	0.015744	0.012276	0.023215	0.048076	0.041483	0.047694	0.013154	0.050846	0.023215	0.252219	0.103075	
0.290133	0.006498	0.075066	0.000714	0.020585	0.016264	0.025092	0.031724	0.133495	0.033791	0.014674	0.066139	0.030003	0.186194	0.069630	
0.292488	0.007981	0.066475	0.001259	0.011781	0.017166	0.025512	0.032028	0.085787	0.032620	0.020287	0.053966	0.032519	0.231444	0.088687	
0.280558	0.003099	0.065177	0.001529	0.034976	0.032588	0.056822	0.014891	0.246489	0.021364	0.007360	0.090783	0.013492	0.098855	0.032017	
0.313971	0.001443	0.055474	0.000842	0.042560	0.029985	0.052000	0.022740	0.281958	0.030430	0.005152	0.091846	0.012828	0.049236	0.009536	
0.377064	0.002472	0.056366	0.004071	0.026766	0.049307	0.095845	0.024183	0.158935	0.026792	0.012161	0.056459	0.015371	0.071010	0.023199	
