0.021769	0.019388	0.019388	0.050340	0.033673	0.831293	0.024150	
0.141490	0.045796	0.031442	0.129528	0.524265	0.024265	0.103213	
0.053356	0.034079	0.017212	0.043718	0.658176	0.087091	0.106368	
0.491949	0.204180	0.151422	0.026721	0.041110	0.024323	0.060295	
0.028504	0.441650	0.040241	0.411133	0.030852	0.021462	0.026157	
0.292501	0.171361	0.147608	0.190363	0.104852	0.026468	0.066848	
0.040336	0.412101	0.054454	0.021513	0.080336	0.019160	0.372101	
0.340816	0.033673	0.295578	0.069388	0.026531	0.026531	0.207483	
0.495557	0.048189	0.268284	0.038619	0.026658	0.081681	0.041012	
0.041710	0.031978	0.606187	0.131734	0.027112	0.056309	0.104970	
0.115089	0.023754	0.658414	0.094011	0.021412	0.056541	0.030780	
0.037024	0.041914	0.384212	0.078589	0.032134	0.066364	0.359762	
0.183626	0.025853	0.118661	0.469009	0.028174	0.072257	0.102420	
0.289068	0.030852	0.035547	0.537894	0.042589	0.040241	0.023810	
0.056409	0.026035	0.131175	0.563418	0.042390	0.023698	0.156876	
0.019621	0.120826	0.041308	0.101549	0.588296	0.026850	0.101549	
0.060295	0.074683	0.029120	0.029120	0.746146	0.031518	0.029120	
0.024323	0.060295	0.036314	0.127441	0.580678	0.043508	0.127441	
0.107483	0.097959	0.114626	0.055102	0.352721	0.209864	0.062245	
0.298420	0.072459	0.086882	0.094093	0.098901	0.026786	0.322459	
0.233516	0.089286	0.096497	0.021978	0.151786	0.041209	0.365728	
0.095238	0.533194	0.039277	0.027112	0.243657	0.029545	0.031978	
0.147049	0.200838	0.056584	0.024799	0.274188	0.022354	0.274188	
0.198906	0.481203	0.100820	0.091251	0.055366	0.033835	0.038619	
