0.026531	0.274150	0.062245	0.107483	0.024150	0.471769	0.033673	
0.028912	0.550340	0.143197	0.021769	0.057483	0.057483	0.140816	
0.026468	0.722430	0.109603	0.024092	0.024092	0.043095	0.050221	
0.064626	0.028912	0.328912	0.021769	0.024150	0.033673	0.497959	
0.186658	0.094677	0.026280	0.125337	0.120620	0.026280	0.420148	
0.090601	0.166610	0.085850	0.085850	0.078724	0.035969	0.456396	
0.040336	0.049748	0.054454	0.030924	0.033277	0.030924	0.760336	
0.059439	0.073624	0.116177	0.078352	0.028707	0.619723	0.023978	
0.024150	0.033673	0.224150	0.431293	0.031293	0.174150	0.081293	
0.026980	0.034244	0.097198	0.661363	0.046351	0.031823	0.102041	
0.087190	0.028504	0.124748	0.434608	0.089537	0.178739	0.056673	
0.076518	0.032292	0.017550	0.216567	0.022464	0.145314	0.489294	
0.021018	0.324466	0.092282	0.333662	0.037110	0.161248	0.030213	
0.032890	0.230565	0.065449	0.342193	0.079402	0.146844	0.102658	
0.028239	0.395681	0.037542	0.293355	0.053821	0.035216	0.156146	
0.026721	0.026721	0.065091	0.019527	0.688592	0.146626	0.026721	
0.024500	0.099379	0.063147	0.026915	0.717736	0.038992	0.029331	
0.026786	0.031593	0.058036	0.029190	0.769574	0.026786	0.058036	
0.024150	0.021769	0.193197	0.178912	0.500340	0.033673	0.047959	
0.515704	0.028707	0.023978	0.023978	0.262749	0.109085	0.035799	
0.118990	0.056036	0.056036	0.186787	0.215842	0.111726	0.254583	
0.614251	0.041110	0.161014	0.021925	0.043508	0.069887	0.048304	
0.393628	0.252141	0.026721	0.026721	0.101062	0.105858	0.093868	
0.408456	0.021821	0.329697	0.045687	0.102966	0.040914	0.050460	
