0.038619	0.038619	0.062543	0.074504	0.019481	0.024265	0.741969	
0.031071	0.411685	0.040527	0.038163	0.026342	0.068896	0.383316	
0.058316	0.029331	0.067978	0.034161	0.123533	0.092133	0.594548	
0.771769	0.028912	0.040816	0.026531	0.055102	0.045578	0.031293	
0.494428	0.023978	0.045255	0.104357	0.229652	0.057075	0.045255	
0.464960	0.217318	0.023922	0.087601	0.132412	0.045148	0.028639	
0.461147	0.035969	0.081099	0.069223	0.278249	0.038344	0.035969	
0.047619	0.052347	0.073624	0.052347	0.033435	0.711922	0.028707	
0.079289	0.031442	0.052973	0.299385	0.086466	0.404648	0.045796	
0.041508	0.039087	0.106883	0.499135	0.247319	0.022138	0.043929	
0.028305	0.025974	0.067932	0.044622	0.562105	0.245088	0.025974	
0.046239	0.029331	0.017253	0.792616	0.048654	0.036577	0.029331	
0.023425	0.150445	0.023425	0.118113	0.025734	0.386011	0.272847	
0.095238	0.120701	0.104497	0.150794	0.046627	0.259590	0.222553	
0.042193	0.256146	0.032890	0.309635	0.030565	0.046844	0.281728	
0.048189	0.036227	0.722830	0.024265	0.048189	0.086466	0.033835	
0.021978	0.132555	0.707074	0.024382	0.019574	0.062843	0.031593	
0.048074	0.033754	0.723491	0.026594	0.095806	0.021821	0.050460	
0.054841	0.033514	0.474272	0.166215	0.142519	0.078538	0.050102	
0.045578	0.062245	0.221769	0.033673	0.547959	0.055102	0.033673	
0.157859	0.110126	0.124446	0.129219	0.324923	0.117286	0.036140	
0.089934	0.336908	0.029402	0.031823	0.370806	0.121411	0.019716	
0.067814	0.475043	0.031670	0.036489	0.299139	0.034079	0.055766	
0.259959	0.286401	0.046016	0.036401	0.262363	0.074863	0.033997	
