0.520440	0.000657	0.017452	0.000796	0.046356	0.033728	0.025766	0.158401	0.015879	0.133934	0.003538	0.006091	0.013976	0.012857	0.010129	
0.500037	0.001716	0.039155	0.001190	0.033826	0.033284	0.049101	0.129428	0.035870	0.092229	0.006353	0.019709	0.033783	0.019207	0.005114	
0.489741	0.002709	0.057747	0.001505	0.034613	0.023551	0.025618	0.091760	0.062202	0.087285	0.008640	0.030705	0.044000	0.033480	0.006443	
0.572866	0.000940	0.026938	0.013501	0.005650	0.049641	0.117354	0.018489	0.020963	0.023547	0.092392	0.010779	0.025985	0.014505	0.006448	
0.331379	0.006411	0.059175	0.004960	0.027765	0.041580	0.101395	0.069849	0.152903	0.019632	0.032779	0.051316	0.013401	0.079294	0.008161	
0.457557	0.002413	0.081728	0.007841	0.011858	0.039098	0.083118	0.020275	0.082793	0.020431	0.053023	0.031873	0.035406	0.060643	0.011944	
0.345651	0.006039	0.052209	0.005743	0.024433	0.046499	0.117387	0.077513	0.140055	0.012124	0.038217	0.047683	0.011447	0.070669	0.004332	
0.331438	0.000865	0.166048	0.000872	0.010773	0.034207	0.044969	0.018956	0.120637	0.026320	0.004632	0.037372	0.042142	0.124643	0.036125	
0.304796	0.001201	0.158750	0.002435	0.012562	0.040409	0.057730	0.019097	0.133708	0.021392	0.015544	0.036057	0.024457	0.134261	0.037602	
0.278423	0.000871	0.180130	0.001150	0.011059	0.039904	0.051710	0.017041	0.142211	0.017128	0.006634	0.038229	0.026726	0.148365	0.040420	
0.237737	0.002239	0.182052	0.000943	0.014385	0.039134	0.053478	0.015888	0.171135	0.009825	0.005195	0.047097	0.021959	0.160133	0.038799	
0.297381	0.004088	0.142506	0.002887	0.020482	0.031656	0.049155	0.012185	0.167105	0.017240	0.018635	0.053016	0.029239	0.128637	0.025789	
0.461679	0.000721	0.113027	0.000857	0.018693	0.026054	0.028908	0.054657	0.062069	0.061402	0.004319	0.029115	0.057312	0.062309	0.018879	
0.445464	0.003144	0.131984	0.000759	0.014467	0.014003	0.021705	0.012275	0.101042	0.034066	0.003694	0.051802	0.083765	0.069445	0.012386	
0.525928	0.001542	0.122001	0.000941	0.008326	0.013354	0.023505	0.018168	0.052097	0.040602	0.004921	0.041511	0.099683	0.039033	0.008387	
0.555580	0.000779	0.020301	0.001008	0.023486	0.010218	0.017868	0.022261	0.019340	0.149437	0.005092	0.007657	0.080003	0.014730	0.072240	
0.581351	0.000807	0.050506	0.001036	0.016639	0.007363	0.013988	0.014558	0.015864	0.116835	0.005368	0.018038	0.097902	0.010247	0.049500	
0.488599	0.000707	0.011332	0.000889	0.014722	0.041968	0.110253	0.110376	0.013174	0.093464	0.004141	0.005049	0.050095	0.009243	0.045989	
0.503381	0.000629	0.051358	0.003355	0.017761	0.023286	0.041841	0.017458	0.042467	0.105103	0.021601	0.012079	0.058663	0.042411	0.058606	
0.196590	0.012043	0.101069	0.001363	0.048298	0.013442	0.031167	0.025472	0.279701	0.019224	0.007828	0.097342	0.024178	0.135880	0.006402	
0.278464	0.007439	0.090123	0.003593	0.032730	0.031121	0.066939	0.039296	0.195694	0.022896	0.023365	0.063802	0.017395	0.111142	0.016001	
0.291543	0.009649	0.087112	0.004435	0.038831	0.019060	0.043693	0.015537	0.222135	0.019336	0.029251	0.079620	0.027837	0.107719	0.004240	
0.252181	0.008765	0.073878	0.000677	0.037027	0.032917	0.084084	0.088664	0.201707	0.022166	0.002884	0.070375	0.019766	0.098319	0.006592	
0.310860	0.005336	0.047332	0.001512	0.021973	0.055983	0.148379	0.141375	0.122900	0.013529	0.008579	0.042277	0.012107	0.062125	0.005732	
