0.067489	0.038712	0.024323	0.081877	0.029120	0.019527	0.738952	
0.048189	0.253930	0.036227	0.091251	0.296992	0.036227	0.237184	
0.069553	0.062393	0.024207	0.091033	0.386976	0.026594	0.339243	
0.054841	0.512187	0.090386	0.175694	0.028775	0.090386	0.047732	
0.026468	0.292501	0.026468	0.240244	0.176111	0.192738	0.045470	
0.099139	0.241308	0.091910	0.034079	0.250947	0.217212	0.065404	
0.059160	0.426218	0.115630	0.101513	0.077983	0.165042	0.054454	
0.347434	0.036755	0.260055	0.031900	0.170250	0.109570	0.044036	
0.583881	0.031823	0.177101	0.019716	0.060879	0.109305	0.017295	
0.082670	0.135939	0.482186	0.024559	0.111726	0.092356	0.070564	
0.238095	0.207792	0.417582	0.023643	0.042291	0.028305	0.042291	
0.029762	0.032213	0.635154	0.216036	0.032213	0.024860	0.029762	
0.269294	0.030213	0.108374	0.023317	0.414122	0.094581	0.060099	
0.174865	0.115903	0.099394	0.113544	0.408356	0.045148	0.042790	
0.040623	0.090386	0.090386	0.111713	0.493230	0.123561	0.050102	
0.033754	0.437095	0.026594	0.024207	0.038527	0.193658	0.246164	
0.060007	0.437095	0.028981	0.021821	0.131606	0.019434	0.301057	
0.026531	0.281293	0.031293	0.033673	0.026531	0.071769	0.528912	
0.131734	0.250956	0.224192	0.031978	0.031978	0.034411	0.294751	
0.120336	0.092101	0.026218	0.127395	0.082689	0.477983	0.073277	
0.072285	0.115450	0.189791	0.122645	0.101062	0.331278	0.067489	
0.056862	0.241137	0.106002	0.024921	0.096174	0.452439	0.022464	
0.050702	0.108256	0.031518	0.048304	0.408016	0.316889	0.036314	
0.301821	0.233193	0.081232	0.051821	0.044468	0.257703	0.029762	
