0.028707	0.028707	0.026342	0.023978	0.028707	0.844309	0.019250	
0.028912	0.593197	0.143197	0.097959	0.045578	0.045578	0.045578	
0.041408	0.722567	0.046239	0.048654	0.046239	0.063147	0.031746	
0.455315	0.045362	0.031144	0.045362	0.031144	0.038253	0.353419	
0.280708	0.112483	0.166222	0.100801	0.035381	0.030708	0.273698	
0.317237	0.183434	0.026157	0.167002	0.030852	0.028504	0.246814	
0.033277	0.021513	0.028571	0.042689	0.016807	0.023866	0.833277	
0.088225	0.261622	0.168985	0.085850	0.043095	0.304377	0.047845	
0.148667	0.036227	0.038619	0.390294	0.024265	0.246753	0.115174	
0.041508	0.048772	0.191629	0.496714	0.036666	0.051193	0.133518	
0.199866	0.033199	0.023810	0.617706	0.028504	0.037894	0.059021	
0.027112	0.044143	0.647550	0.024678	0.019812	0.078206	0.158498	
0.035216	0.058472	0.037542	0.656146	0.039867	0.139867	0.032890	
0.123588	0.146844	0.109635	0.477076	0.084053	0.042193	0.016611	
0.025794	0.155423	0.248016	0.456349	0.058201	0.032738	0.023479	
0.038344	0.038344	0.038344	0.026468	0.805565	0.021717	0.031218	
0.038805	0.223901	0.031593	0.024382	0.608516	0.050824	0.021978	
0.029190	0.046016	0.029190	0.202266	0.634959	0.026786	0.031593	
0.028912	0.033673	0.055102	0.276531	0.395578	0.093197	0.117007	
0.357983	0.028571	0.301513	0.033277	0.190924	0.033277	0.054454	
0.174565	0.081487	0.332083	0.031367	0.258098	0.036140	0.086260	
0.624441	0.017212	0.043718	0.022031	0.031670	0.034079	0.226850	
0.427201	0.192189	0.024323	0.036314	0.218568	0.024323	0.077081	
0.771224	0.038527	0.021821	0.079100	0.026594	0.031367	0.031367	
