0.425250	0.006487	0.028022	0.000638	0.029813	0.015629	0.025622	0.181665	0.030099	0.164669	0.017482	0.007707	0.029673	0.026124	0.011120	
0.469730	0.004091	0.061402	0.000783	0.029421	0.028395	0.040790	0.123808	0.021336	0.119646	0.013356	0.025835	0.044097	0.013723	0.003588	
0.469406	0.004323	0.057929	0.001241	0.030883	0.023737	0.040001	0.129838	0.016656	0.125461	0.016515	0.022566	0.044700	0.012424	0.004319	
0.510506	0.000864	0.032738	0.007267	0.019445	0.063753	0.144442	0.017934	0.074669	0.010340	0.041395	0.028050	0.006683	0.037626	0.004289	
0.336728	0.001565	0.086629	0.005307	0.022031	0.029118	0.084254	0.031784	0.174280	0.016346	0.030283	0.068193	0.015592	0.087320	0.010570	
0.388535	0.002777	0.100110	0.004649	0.021544	0.035067	0.084662	0.020403	0.120537	0.018638	0.026229	0.045612	0.026925	0.080347	0.023965	
0.463511	0.000861	0.041243	0.007779	0.024539	0.042220	0.124292	0.030942	0.096802	0.020924	0.044716	0.038389	0.015370	0.045254	0.003157	
0.305179	0.007707	0.120524	0.000876	0.007131	0.047264	0.061541	0.017638	0.154827	0.017864	0.004421	0.010552	0.013899	0.155939	0.074639	
0.304680	0.007387	0.119884	0.002421	0.010156	0.040403	0.068927	0.017930	0.152201	0.017390	0.013755	0.014072	0.011430	0.149187	0.070176	
0.314438	0.005588	0.127657	0.003838	0.018873	0.023275	0.062820	0.020621	0.143862	0.021807	0.021830	0.033355	0.026219	0.123665	0.052151	
0.215730	0.009515	0.151546	0.001603	0.006185	0.031448	0.050084	0.008065	0.196813	0.008190	0.008281	0.012479	0.007617	0.197574	0.094870	
0.335543	0.005476	0.141056	0.003678	0.020611	0.022395	0.060100	0.012983	0.122117	0.020880	0.020559	0.032748	0.035346	0.114342	0.052166	
0.367367	0.005411	0.131576	0.000670	0.025309	0.017583	0.025607	0.064181	0.082266	0.071137	0.007410	0.035336	0.051893	0.078233	0.036021	
0.421439	0.001586	0.186799	0.000632	0.032596	0.016062	0.022212	0.010618	0.057479	0.035476	0.002546	0.073984	0.086462	0.039632	0.012477	
0.469454	0.000906	0.153416	0.002966	0.034722	0.018974	0.048984	0.016205	0.034490	0.037840	0.016597	0.064118	0.078215	0.019289	0.003825	
0.545522	0.000773	0.018017	0.000669	0.039399	0.005484	0.010234	0.106688	0.015713	0.114067	0.003117	0.010977	0.116495	0.010006	0.002840	
0.544860	0.000760	0.014404	0.000578	0.038008	0.009073	0.013522	0.105231	0.020512	0.111255	0.002445	0.010480	0.113095	0.012581	0.003196	
0.523274	0.000873	0.023097	0.002712	0.034481	0.017858	0.045159	0.084421	0.038978	0.086468	0.015106	0.017558	0.085516	0.020924	0.003575	
0.363811	0.006388	0.077698	0.002820	0.021935	0.020466	0.050443	0.078267	0.100113	0.073825	0.020025	0.009585	0.031144	0.097526	0.045954	
0.249358	0.001077	0.093914	0.001395	0.020824	0.019067	0.033483	0.057899	0.243797	0.032054	0.007522	0.094932	0.028189	0.111160	0.005328	
0.329105	0.003943	0.091204	0.003685	0.016311	0.035757	0.075876	0.028960	0.166698	0.018810	0.020575	0.041873	0.016121	0.114858	0.036226	
0.297715	0.000830	0.082563	0.003185	0.016632	0.039880	0.075708	0.035206	0.222647	0.010077	0.017604	0.086054	0.007235	0.100711	0.003953	
0.271052	0.000943	0.090804	0.000708	0.013760	0.043130	0.054845	0.040776	0.244070	0.013878	0.003082	0.093457	0.012160	0.111953	0.005382	
0.376732	0.001042	0.070052	0.000767	0.010313	0.068600	0.085403	0.029085	0.177332	0.010252	0.003409	0.066989	0.008567	0.085054	0.006402	
