0.062097	0.047845	0.088225	0.021717	0.038344	0.021717	0.720054	
0.061803	0.281662	0.165822	0.080716	0.267477	0.028707	0.113813	
0.038805	0.168613	0.151786	0.065247	0.505151	0.021978	0.048420	
0.225762	0.415211	0.036314	0.096266	0.038712	0.101062	0.086674	
0.428571	0.061513	0.122689	0.120336	0.073277	0.136807	0.056807	
0.333669	0.155265	0.080148	0.084842	0.131791	0.176392	0.037894	
0.683553	0.031071	0.026342	0.120905	0.047619	0.028707	0.061803	
0.045687	0.222298	0.112513	0.040914	0.052847	0.458575	0.067167	
0.087302	0.261215	0.024500	0.113872	0.019669	0.357833	0.135611	
0.060585	0.067814	0.137694	0.166609	0.065404	0.414802	0.087091	
0.032814	0.174345	0.065297	0.056016	0.062976	0.566457	0.042095	
0.059174	0.135154	0.037115	0.179272	0.027311	0.360644	0.201331	
0.042193	0.181728	0.046844	0.372425	0.032890	0.149169	0.174751	
0.035298	0.119214	0.039960	0.419913	0.128538	0.224109	0.032967	
0.077437	0.054072	0.047063	0.537717	0.149866	0.105474	0.028371	
0.019527	0.108256	0.707777	0.019527	0.081877	0.033916	0.029120	
0.021925	0.079479	0.796506	0.024323	0.033916	0.021925	0.021925	
0.050702	0.057897	0.587873	0.021925	0.156218	0.033916	0.091470	
0.035884	0.185173	0.040623	0.083277	0.024035	0.066689	0.564320	
0.081293	0.202721	0.081293	0.102721	0.286054	0.174150	0.071769	
0.052224	0.155997	0.075809	0.085243	0.167790	0.295148	0.167790	
0.139373	0.154007	0.029617	0.046690	0.285714	0.300348	0.044251	
0.091690	0.029190	0.043613	0.024382	0.550824	0.238324	0.021978	
0.226850	0.272633	0.070224	0.050947	0.152151	0.185886	0.041308	
