0.481776	0.001317	0.017034	0.000870	0.050018	0.044912	0.031627	0.105935	0.020064	0.108817	0.004356	0.008066	0.008397	0.015035	0.101774	
0.451000	0.004329	0.108584	0.001182	0.035219	0.024273	0.026020	0.081279	0.019279	0.080392	0.007567	0.033211	0.043247	0.040153	0.044265	
0.466089	0.011114	0.064891	0.001377	0.023617	0.021003	0.023574	0.097774	0.023548	0.123460	0.011631	0.021797	0.023383	0.054340	0.032401	
0.579193	0.001172	0.013515	0.015199	0.005417	0.093397	0.102780	0.013825	0.033324	0.014438	0.095739	0.006178	0.006631	0.012187	0.007005	
0.333684	0.002738	0.105757	0.004496	0.022394	0.035204	0.086954	0.027551	0.143825	0.025968	0.028224	0.068654	0.026047	0.083647	0.004856	
0.504200	0.007276	0.049051	0.008265	0.009118	0.052321	0.067002	0.049255	0.045700	0.063888	0.054025	0.020019	0.019673	0.046126	0.004081	
0.311227	0.002632	0.058076	0.002824	0.023248	0.028249	0.099242	0.036873	0.189023	0.034079	0.017603	0.070178	0.026705	0.093781	0.006260	
0.336816	0.003828	0.127165	0.001066	0.005010	0.041586	0.043173	0.030602	0.172161	0.036133	0.006733	0.006853	0.032716	0.131072	0.025085	
0.306066	0.001040	0.110122	0.001145	0.028079	0.034163	0.067483	0.039047	0.162156	0.035295	0.006137	0.051096	0.024950	0.097334	0.035886	
0.331111	0.000747	0.129238	0.002532	0.008129	0.050135	0.058038	0.016221	0.180645	0.012386	0.014835	0.014458	0.032019	0.123176	0.026332	
0.311944	0.001094	0.140044	0.001177	0.007102	0.048143	0.048620	0.018289	0.192265	0.016829	0.006329	0.007959	0.031444	0.136236	0.032524	
0.302354	0.001261	0.162247	0.001705	0.017393	0.033627	0.058949	0.020056	0.162484	0.012564	0.009768	0.047188	0.041232	0.113670	0.015503	
0.380312	0.002898	0.185008	0.001075	0.027263	0.021137	0.028633	0.047946	0.060596	0.038723	0.006308	0.047654	0.058165	0.073154	0.021130	
0.381808	0.002792	0.226107	0.001211	0.031082	0.011564	0.024152	0.045106	0.029978	0.029294	0.007101	0.066267	0.073382	0.062043	0.008111	
0.381013	0.004131	0.211617	0.000745	0.030352	0.009247	0.023134	0.052190	0.033914	0.041805	0.004685	0.064174	0.068838	0.065058	0.009098	
0.583853	0.001689	0.015100	0.002500	0.021567	0.018983	0.045154	0.086700	0.020348	0.057287	0.014971	0.008011	0.098455	0.015434	0.009947	
0.577918	0.005418	0.013727	0.000875	0.019454	0.007455	0.032407	0.102358	0.014852	0.084599	0.006132	0.007062	0.096742	0.024742	0.006260	
0.566239	0.001812	0.019845	0.000818	0.024132	0.012765	0.037808	0.093604	0.027540	0.064083	0.004295	0.007948	0.101103	0.021865	0.016144	
0.444968	0.003479	0.032911	0.000686	0.034727	0.025961	0.048203	0.088144	0.071313	0.086079	0.004158	0.028301	0.036924	0.045307	0.048840	
0.349044	0.000915	0.079827	0.003375	0.024612	0.030028	0.089844	0.034582	0.153901	0.021971	0.020360	0.064811	0.041609	0.078340	0.006781	
0.400822	0.005327	0.062667	0.003320	0.020490	0.029865	0.069067	0.056121	0.109982	0.060710	0.021761	0.044715	0.031445	0.071384	0.012324	
0.181686	0.000823	0.081710	0.001291	0.029078	0.024138	0.121250	0.018017	0.271741	0.014441	0.007171	0.102022	0.012184	0.126831	0.007619	
0.365567	0.012979	0.053970	0.000669	0.013029	0.014302	0.051063	0.079272	0.124370	0.113016	0.008016	0.040447	0.013997	0.102258	0.007045	
0.313471	0.002424	0.058326	0.004418	0.022723	0.042025	0.101876	0.029749	0.184118	0.033318	0.027661	0.064057	0.008145	0.091741	0.015948	
