0.571679	0.000905	0.053416	0.000679	0.031476	0.068774	0.020345	0.050595	0.038842	0.096121	0.003063	0.012746	0.020063	0.023550	0.007745	
0.489313	0.001328	0.093167	0.001034	0.028096	0.041411	0.045160	0.071192	0.056860	0.074825	0.005482	0.021036	0.037783	0.022008	0.011305	
0.541303	0.002257	0.042949	0.000825	0.030750	0.052984	0.020234	0.066389	0.032906	0.097414	0.004056	0.019996	0.032822	0.035679	0.019436	
0.649075	0.001221	0.025358	0.012312	0.004138	0.092173	0.044089	0.014754	0.018467	0.010434	0.084386	0.009344	0.009743	0.018659	0.005847	
0.290524	0.001777	0.123201	0.000915	0.034374	0.007982	0.149640	0.047732	0.184981	0.025018	0.004539	0.051495	0.033026	0.036421	0.008374	
0.448226	0.004530	0.097670	0.005166	0.012931	0.039453	0.057754	0.049149	0.076221	0.022547	0.034294	0.041815	0.030455	0.073231	0.006558	
0.348540	0.000868	0.058955	0.003911	0.038902	0.029918	0.191961	0.010209	0.204138	0.010757	0.025503	0.051579	0.007277	0.013414	0.004069	
0.291283	0.005938	0.105697	0.000804	0.019177	0.027760	0.045814	0.027076	0.165547	0.039513	0.003815	0.058334	0.032667	0.153308	0.023268	
0.404508	0.002093	0.092750	0.003846	0.018134	0.050550	0.052124	0.024070	0.129259	0.037352	0.025156	0.030959	0.027952	0.082748	0.018500	
0.288883	0.001050	0.132628	0.003233	0.016729	0.035145	0.065102	0.020359	0.188879	0.024878	0.020887	0.032337	0.040909	0.100029	0.028953	
0.203820	0.001804	0.152344	0.001728	0.017259	0.023733	0.067918	0.015739	0.229967	0.021918	0.010344	0.041887	0.045174	0.132550	0.033816	
0.246151	0.001620	0.138860	0.003899	0.014174	0.029566	0.075770	0.013787	0.211893	0.010549	0.025521	0.039051	0.041864	0.116115	0.031181	
0.461910	0.002458	0.156787	0.001309	0.015797	0.028962	0.016705	0.094214	0.032780	0.058787	0.007370	0.022283	0.053876	0.040476	0.006287	
0.361702	0.005760	0.168350	0.000909	0.013742	0.008752	0.041335	0.088017	0.075157	0.034610	0.004474	0.050270	0.052238	0.090385	0.004299	
0.376397	0.001583	0.185297	0.001117	0.018707	0.010399	0.062745	0.095229	0.081506	0.039371	0.005986	0.028813	0.059164	0.027777	0.005908	
0.444198	0.002563	0.018462	0.000963	0.031708	0.009717	0.011535	0.116675	0.027777	0.118406	0.005058	0.018611	0.083923	0.040911	0.069493	
0.446886	0.002085	0.026562	0.001724	0.032007	0.017176	0.038334	0.098188	0.049067	0.099854	0.010353	0.021642	0.069093	0.031421	0.055609	
0.449638	0.001025	0.019902	0.000746	0.035177	0.010215	0.021789	0.118805	0.032031	0.123136	0.003565	0.011342	0.085429	0.016831	0.070368	
0.528533	0.002131	0.019860	0.003947	0.025178	0.046554	0.025768	0.069872	0.031771	0.084116	0.025906	0.017413	0.046093	0.034938	0.037920	
0.226333	0.012726	0.097266	0.001068	0.010493	0.009450	0.039833	0.025254	0.168166	0.014652	0.005516	0.098775	0.028254	0.242731	0.019482	
0.345814	0.006706	0.076710	0.002536	0.016846	0.028639	0.040253	0.038118	0.125603	0.040404	0.015915	0.057277	0.035749	0.142357	0.027073	
0.372809	0.003293	0.055579	0.003442	0.032658	0.033195	0.144031	0.017698	0.167957	0.021382	0.022218	0.055971	0.010308	0.053402	0.006056	
0.278544	0.014307	0.056373	0.000810	0.018024	0.008034	0.067014	0.029829	0.144291	0.019564	0.003649	0.110491	0.015390	0.224247	0.009433	
0.386388	0.004223	0.046337	0.001058	0.037342	0.033630	0.123925	0.024632	0.153350	0.045088	0.005549	0.058564	0.008991	0.065250	0.005673	
