0.457639	0.001065	0.083005	0.003196	0.036471	0.031090	0.017657	0.160745	0.027145	0.084582	0.002736	0.023615	0.025313	0.015563	0.030178	
0.418572	0.002582	0.023479	0.000911	0.044940	0.023827	0.015496	0.206107	0.028737	0.144240	0.004918	0.011110	0.046063	0.022449	0.006569	
0.386121	0.003304	0.043642	0.001295	0.039277	0.024371	0.040219	0.184553	0.066604	0.113921	0.006453	0.021604	0.031649	0.026449	0.010539	
0.480366	0.002407	0.056496	0.006052	0.012729	0.034550	0.031382	0.009148	0.075114	0.036335	0.020598	0.035966	0.050877	0.087755	0.060226	
0.335122	0.006601	0.070021	0.001820	0.020461	0.026685	0.116497	0.062657	0.184245	0.039656	0.011539	0.041038	0.018380	0.049096	0.016182	
0.354094	0.006238	0.076808	0.003058	0.013387	0.019650	0.102006	0.018894	0.179329	0.015330	0.021693	0.055716	0.024449	0.080232	0.029116	
0.295503	0.005466	0.107755	0.002166	0.012351	0.059396	0.146995	0.011129	0.215902	0.013481	0.005391	0.030135	0.013633	0.060997	0.019699	
0.357627	0.002016	0.102443	0.002539	0.020286	0.064359	0.080416	0.047480	0.119643	0.051345	0.005734	0.017781	0.035123	0.069729	0.023479	
0.175057	0.000930	0.162587	0.001075	0.010324	0.076392	0.101836	0.011468	0.177305	0.014938	0.024629	0.045004	0.028680	0.161655	0.008120	
0.291864	0.001633	0.114171	0.004029	0.008273	0.050680	0.064978	0.013748	0.135741	0.013610	0.030072	0.052986	0.033538	0.145690	0.038987	
0.266432	0.001736	0.135627	0.003523	0.008048	0.088336	0.120575	0.008995	0.178528	0.010426	0.007503	0.022341	0.016975	0.097342	0.033615	
0.300868	0.001035	0.117152	0.004144	0.008291	0.040804	0.041979	0.010451	0.114838	0.012178	0.037787	0.063455	0.040315	0.166503	0.040198	
0.553639	0.001043	0.190728	0.000795	0.035014	0.009742	0.019978	0.022372	0.031084	0.014558	0.004530	0.053441	0.036690	0.021117	0.005270	
0.465383	0.002905	0.144133	0.000717	0.028494	0.012830	0.045358	0.017376	0.083069	0.026823	0.013793	0.053453	0.042734	0.058320	0.004613	
0.449344	0.001404	0.144058	0.000872	0.033151	0.026641	0.035483	0.068475	0.058198	0.047495	0.007416	0.040178	0.036504	0.044707	0.006075	
0.590714	0.003597	0.043987	0.000635	0.040400	0.010395	0.010517	0.059614	0.017243	0.110584	0.002372	0.013217	0.079538	0.013181	0.004007	
0.608663	0.004506	0.026079	0.000755	0.035393	0.007941	0.014436	0.009139	0.030843	0.106950	0.007262	0.013880	0.095702	0.033017	0.005434	
0.502976	0.002285	0.028836	0.003966	0.032907	0.033819	0.019535	0.127929	0.030496	0.103524	0.002466	0.008753	0.046606	0.017481	0.038420	
0.628440	0.001977	0.018529	0.008510	0.015870	0.041745	0.012935	0.021213	0.023100	0.054709	0.003614	0.007685	0.054429	0.021416	0.085828	
0.365182	0.002654	0.076257	0.000683	0.027398	0.015018	0.021669	0.064489	0.076312	0.077066	0.030721	0.050727	0.063424	0.124048	0.004352	
0.311558	0.002512	0.092772	0.001558	0.016275	0.012322	0.023376	0.014589	0.103203	0.042257	0.046621	0.073144	0.064180	0.182143	0.013487	
0.344170	0.007060	0.088371	0.001361	0.019158	0.010392	0.111383	0.034667	0.188681	0.020182	0.018929	0.059161	0.020581	0.064450	0.011454	
0.336284	0.007244	0.079849	0.000962	0.020222	0.010097	0.111091	0.038892	0.189317	0.029374	0.019542	0.057028	0.024847	0.067908	0.007342	
0.403901	0.005761	0.068897	0.001740	0.020723	0.026346	0.092163	0.019742	0.150109	0.045631	0.012474	0.035852	0.042068	0.059142	0.015452	
