0.038163	0.019250	0.797028	0.052347	0.049983	0.023978	0.019250	
0.033593	0.332881	0.033593	0.470648	0.059722	0.040719	0.028843	
0.091033	0.024207	0.036140	0.680532	0.126833	0.021821	0.019434	
0.537513	0.300103	0.029120	0.029120	0.029120	0.055498	0.019527	
0.417790	0.198450	0.023922	0.075809	0.021563	0.233827	0.028639	
0.292790	0.085243	0.068733	0.030997	0.030997	0.472035	0.019205	
0.474150	0.033673	0.028912	0.031293	0.093197	0.252721	0.086054	
0.031218	0.508653	0.033593	0.064472	0.021717	0.043095	0.297251	
0.096036	0.562543	0.127136	0.024265	0.029050	0.031442	0.129528	
0.210105	0.041812	0.054007	0.080836	0.044251	0.044251	0.524739	
0.051979	0.199866	0.075453	0.042589	0.026157	0.047284	0.556673	
0.267987	0.197428	0.066041	0.024678	0.034411	0.027112	0.382343	
0.037629	0.203130	0.172827	0.356976	0.030636	0.112221	0.086580	
0.081728	0.356146	0.018937	0.284053	0.091030	0.125914	0.042193	
0.149169	0.181728	0.030565	0.460797	0.037542	0.030565	0.109635	
0.024092	0.026468	0.031218	0.024092	0.831693	0.028843	0.033593	
0.021821	0.019434	0.021821	0.045687	0.501534	0.358336	0.031367	
0.073798	0.033514	0.071429	0.040623	0.734936	0.024035	0.021666	
0.234936	0.035884	0.384225	0.024035	0.239675	0.040623	0.040623	
0.048074	0.336856	0.028981	0.028981	0.176952	0.272417	0.107740	
0.131415	0.179958	0.036755	0.078017	0.109570	0.165395	0.298890	
0.124133	0.274619	0.024619	0.056172	0.078017	0.323162	0.119279	
0.034079	0.036489	0.125645	0.048537	0.022031	0.643718	0.089501	
0.072112	0.239576	0.196514	0.038619	0.098428	0.301777	0.052973	
