0.548071	0.005561	0.014640	0.000833	0.034472	0.023460	0.097662	0.076316	0.017158	0.085659	0.056832	0.006465	0.015762	0.011310	0.005797	
0.457590	0.007792	0.059539	0.002922	0.023355	0.036013	0.036220	0.105438	0.024073	0.123393	0.013836	0.030101	0.036210	0.016076	0.027442	
0.409099	0.015159	0.020855	0.002484	0.008848	0.027867	0.015533	0.176006	0.024992	0.231539	0.008381	0.011338	0.011724	0.013549	0.022627	
0.567905	0.001040	0.024001	0.005166	0.038525	0.074540	0.085410	0.017674	0.032560	0.014053	0.045983	0.009366	0.008491	0.024281	0.051005	
0.397055	0.002435	0.078033	0.001584	0.028828	0.024144	0.093502	0.028953	0.132857	0.024897	0.026917	0.053804	0.022254	0.071092	0.013647	
0.448642	0.002368	0.070267	0.001989	0.032687	0.031802	0.089828	0.033097	0.091516	0.029918	0.035498	0.035748	0.020432	0.058297	0.017912	
0.459628	0.001827	0.034052	0.003014	0.030917	0.044340	0.105790	0.015955	0.121687	0.011918	0.034922	0.047838	0.010950	0.048674	0.028488	
0.273126	0.003105	0.136472	0.002317	0.013387	0.026867	0.038752	0.048615	0.174938	0.049820	0.005919	0.018245	0.029700	0.157368	0.021369	
0.342266	0.001665	0.128451	0.004261	0.024199	0.053305	0.045514	0.022867	0.135927	0.023613	0.012915	0.020586	0.014761	0.128019	0.041650	
0.278357	0.002324	0.157714	0.000792	0.021215	0.010903	0.056415	0.039230	0.165526	0.035937	0.015127	0.028155	0.029963	0.152765	0.005577	
0.231620	0.001123	0.160895	0.003179	0.014559	0.038358	0.042142	0.016511	0.214144	0.015492	0.007461	0.010639	0.012792	0.200639	0.030447	
0.333514	0.001802	0.143586	0.000712	0.029660	0.013899	0.075747	0.027965	0.138112	0.024162	0.028056	0.030699	0.020480	0.126846	0.004760	
0.376057	0.003230	0.163605	0.001541	0.036919	0.018380	0.050905	0.049536	0.062263	0.047731	0.009641	0.068150	0.042594	0.056122	0.013327	
0.347429	0.002137	0.185419	0.001926	0.036131	0.021204	0.043338	0.038635	0.078734	0.031971	0.002643	0.072399	0.047421	0.073234	0.017380	
0.392858	0.001838	0.193019	0.001283	0.045871	0.013220	0.053303	0.037132	0.036775	0.024895	0.002519	0.103040	0.060134	0.023431	0.010682	
0.544832	0.001232	0.028469	0.002989	0.012402	0.034455	0.018047	0.094651	0.018313	0.057586	0.003308	0.014989	0.128308	0.012165	0.028254	
0.548562	0.002425	0.013001	0.002324	0.007737	0.026144	0.014257	0.115035	0.013946	0.080026	0.003715	0.006871	0.135689	0.008983	0.021285	
0.524631	0.001833	0.024438	0.001472	0.006509	0.015668	0.018251	0.111804	0.032596	0.071963	0.003719	0.008779	0.141706	0.024188	0.012442	
0.536247	0.002715	0.027157	0.007504	0.029865	0.096480	0.045586	0.036086	0.031828	0.042321	0.023558	0.007439	0.010660	0.027301	0.075253	
0.374922	0.003003	0.053639	0.003255	0.020569	0.039564	0.082846	0.029786	0.164770	0.027997	0.009927	0.069037	0.024384	0.065391	0.030909	
0.350708	0.003297	0.091309	0.002110	0.020941	0.027521	0.069387	0.042613	0.148736	0.043335	0.016868	0.039535	0.024403	0.100116	0.019120	
0.335488	0.002465	0.052241	0.002397	0.018614	0.030355	0.101855	0.015911	0.212948	0.012878	0.014420	0.072639	0.014833	0.090981	0.021974	
0.273247	0.005680	0.050398	0.000934	0.009305	0.009134	0.094696	0.051052	0.238164	0.059761	0.005814	0.078903	0.017158	0.099131	0.006622	
0.351147	0.002181	0.058087	0.004619	0.016949	0.056295	0.072924	0.016836	0.188433	0.016730	0.008889	0.048628	0.012248	0.100888	0.045147	
