0.048189	0.605605	0.041012	0.031442	0.098428	0.146275	0.029050	
0.057758	0.332878	0.124744	0.151059	0.024265	0.251538	0.057758	
0.067651	0.546016	0.094093	0.038805	0.031593	0.144574	0.077266	
0.796547	0.021666	0.026405	0.047732	0.024035	0.052471	0.031144	
0.191827	0.078352	0.052347	0.300574	0.085444	0.198919	0.092536	
0.281293	0.062245	0.036054	0.136054	0.114626	0.243197	0.126531	
0.236744	0.023978	0.026342	0.603175	0.031071	0.033435	0.045255	
0.069388	0.197959	0.045578	0.038435	0.440816	0.019388	0.188435	
0.223901	0.219093	0.026786	0.031593	0.363324	0.038805	0.096497	
0.156446	0.061324	0.027178	0.039373	0.588153	0.061324	0.066202	
0.070427	0.037717	0.072764	0.049399	0.698932	0.021362	0.049399	
0.210105	0.022300	0.029617	0.029617	0.444251	0.032056	0.232056	
0.046844	0.209635	0.030565	0.037542	0.058472	0.511960	0.104983	
0.032890	0.046844	0.030565	0.032890	0.039867	0.593355	0.223588	
0.028571	0.042689	0.028571	0.129748	0.028571	0.642689	0.099160	
0.031593	0.031593	0.764766	0.029190	0.062843	0.026786	0.053228	
0.040914	0.043300	0.644732	0.143539	0.019434	0.045687	0.062393	
0.031518	0.038712	0.748544	0.093868	0.026721	0.029120	0.031518	
0.224150	0.140816	0.428912	0.026531	0.086054	0.036054	0.057483	
0.028843	0.021717	0.071598	0.045470	0.043095	0.073974	0.715304	
0.175694	0.052471	0.142519	0.035884	0.192282	0.021666	0.379485	
0.207573	0.091910	0.038898	0.487091	0.050947	0.065404	0.058176	
0.029331	0.031746	0.106625	0.338509	0.026915	0.034161	0.432712	
0.110390	0.206083	0.052973	0.363978	0.079289	0.060150	0.127136	
