0.608665	0.000791	0.018400	0.000872	0.033659	0.018744	0.037658	0.111209	0.018804	0.071669	0.005712	0.024643	0.029569	0.013789	0.005814	
0.567888	0.002535	0.014133	0.000911	0.031861	0.035339	0.043877	0.100866	0.028053	0.079474	0.008734	0.023672	0.037462	0.010026	0.015169	
0.458092	0.004685	0.041281	0.000583	0.029131	0.038067	0.031698	0.112757	0.030279	0.123412	0.003281	0.007910	0.074080	0.035865	0.008882	
0.530408	0.000851	0.092660	0.010523	0.004410	0.077185	0.142603	0.009126	0.062736	0.008559	0.024637	0.008760	0.006261	0.011296	0.009985	
0.438468	0.002431	0.077826	0.007783	0.017201	0.023806	0.100181	0.050775	0.105538	0.054176	0.019239	0.032332	0.032224	0.032413	0.005605	
0.488772	0.001011	0.099908	0.009663	0.013769	0.027874	0.115916	0.037015	0.083173	0.026395	0.024137	0.022134	0.015750	0.028491	0.005992	
0.435545	0.003792	0.060857	0.006628	0.022223	0.023380	0.090941	0.055870	0.104283	0.060730	0.022981	0.036841	0.034716	0.022962	0.018251	
0.477279	0.000966	0.098817	0.000709	0.009650	0.099739	0.067716	0.027532	0.051891	0.021545	0.003826	0.010219	0.029054	0.084981	0.016076	
0.392527	0.000795	0.141867	0.002493	0.005449	0.082956	0.077303	0.009235	0.093940	0.008928	0.007025	0.017953	0.029788	0.116863	0.012877	
0.174980	0.002274	0.262925	0.002261	0.010658	0.014988	0.037778	0.012773	0.138970	0.013604	0.014429	0.019443	0.057704	0.216797	0.020415	
0.217898	0.001560	0.245265	0.001162	0.007289	0.041536	0.040550	0.008000	0.123886	0.008625	0.008736	0.015122	0.053204	0.209714	0.017453	
0.277973	0.009545	0.079684	0.001620	0.039401	0.009660	0.054594	0.013068	0.177591	0.013770	0.053971	0.081472	0.023558	0.063741	0.100352	
0.377071	0.000892	0.155737	0.001000	0.018465	0.025417	0.035298	0.057116	0.079164	0.039607	0.005120	0.017856	0.046388	0.133661	0.007209	
0.290726	0.001691	0.179258	0.001003	0.017221	0.016997	0.034336	0.043123	0.119880	0.034881	0.007562	0.029081	0.051232	0.161079	0.011931	
0.431586	0.003952	0.074183	0.000901	0.032741	0.013954	0.038395	0.069049	0.086948	0.049535	0.021189	0.041685	0.035338	0.062969	0.037575	
0.477393	0.004685	0.029530	0.001241	0.028874	0.041668	0.041137	0.107325	0.033022	0.117091	0.005928	0.011349	0.067199	0.022081	0.011478	
0.468317	0.006026	0.011733	0.000585	0.035751	0.025714	0.028355	0.125801	0.032645	0.137568	0.008265	0.015735	0.075856	0.010476	0.017171	
0.416199	0.006375	0.024573	0.000885	0.035845	0.017090	0.035313	0.100660	0.080025	0.110145	0.015995	0.036702	0.063641	0.026534	0.030019	
0.436239	0.006017	0.043742	0.002574	0.032412	0.032532	0.063741	0.050212	0.098322	0.045045	0.032616	0.047921	0.028161	0.024520	0.055946	
0.269366	0.006570	0.092514	0.001163	0.031819	0.006529	0.049799	0.024694	0.188967	0.025594	0.034020	0.079240	0.032188	0.094639	0.062897	
0.262390	0.007500	0.121021	0.001205	0.032763	0.009954	0.042164	0.027419	0.153741	0.029247	0.038728	0.059544	0.040191	0.101814	0.072319	
0.318167	0.000979	0.030194	0.002901	0.017340	0.011254	0.091143	0.010803	0.280359	0.010073	0.008300	0.121612	0.007053	0.084529	0.005294	
0.331448	0.002345	0.019685	0.000895	0.023934	0.008316	0.062839	0.046761	0.233249	0.050289	0.004097	0.103080	0.029949	0.077274	0.005840	
0.400882	0.002610	0.035742	0.001026	0.017187	0.066273	0.082641	0.007950	0.178706	0.007544	0.014002	0.078409	0.010484	0.065074	0.031470	
