0.021614	0.038163	0.026342	0.031071	0.016886	0.827761	0.038163	
0.071598	0.399389	0.038344	0.394639	0.033593	0.026468	0.035969	
0.046239	0.751553	0.029331	0.058316	0.036577	0.026915	0.051070	
0.799385	0.045796	0.031442	0.019481	0.029050	0.026658	0.048189	
0.343127	0.083080	0.061803	0.151638	0.298210	0.038163	0.023978	
0.318733	0.118261	0.179582	0.028639	0.257412	0.019205	0.078167	
0.392263	0.050221	0.026468	0.028843	0.413641	0.031218	0.057346	
0.064626	0.064626	0.555102	0.155102	0.045578	0.036054	0.078912	
0.038992	0.017253	0.814355	0.036577	0.026915	0.046239	0.019669	
0.046576	0.087939	0.448036	0.194995	0.053876	0.129301	0.039277	
0.059021	0.030852	0.613011	0.023810	0.113011	0.136486	0.023810	
0.095007	0.031900	0.565881	0.162968	0.056172	0.061026	0.027046	
0.048829	0.037281	0.268228	0.436820	0.078852	0.108875	0.021115	
0.116883	0.032967	0.025974	0.727606	0.028305	0.018981	0.049284	
0.037717	0.159212	0.215287	0.420895	0.072764	0.042390	0.051736	
0.019342	0.040719	0.026468	0.024092	0.043095	0.028843	0.817441	
0.026594	0.038527	0.019434	0.036140	0.277191	0.021821	0.580293	
0.057483	0.262245	0.031293	0.024150	0.028912	0.114626	0.481293	
0.194651	0.028775	0.031144	0.033514	0.052471	0.336831	0.322613	
0.035969	0.109603	0.038344	0.366135	0.378012	0.028843	0.043095	
0.080249	0.131097	0.198893	0.089934	0.344172	0.075406	0.080249	
0.221221	0.031900	0.177531	0.046463	0.432386	0.022191	0.068308	
0.029331	0.051070	0.038992	0.019669	0.693582	0.116287	0.051070	
0.269841	0.019250	0.049983	0.026342	0.347855	0.191827	0.094900	
