0.665718	0.000874	0.014386	0.000619	0.055123	0.030201	0.042923	0.059632	0.014117	0.081237	0.002265	0.005416	0.011615	0.009942	0.005933	
0.452393	0.007301	0.033906	0.000837	0.013594	0.025623	0.038328	0.114760	0.074938	0.100185	0.011189	0.025693	0.042030	0.052038	0.007186	
0.536874	0.006759	0.017513	0.000707	0.013970	0.030439	0.018690	0.143013	0.020767	0.123539	0.012738	0.008155	0.048479	0.013614	0.004744	
0.466855	0.001879	0.016462	0.007004	0.045362	0.043070	0.122691	0.011157	0.112008	0.011052	0.041046	0.080714	0.007401	0.029362	0.003937	
0.316477	0.003337	0.087495	0.006067	0.031817	0.010845	0.113314	0.036283	0.145682	0.031318	0.037234	0.072429	0.026598	0.073352	0.007752	
0.349659	0.004656	0.059880	0.005405	0.028899	0.016280	0.106081	0.050646	0.135965	0.042497	0.034581	0.070153	0.025338	0.065606	0.004354	
0.399982	0.001128	0.048026	0.008423	0.046822	0.022387	0.137522	0.014410	0.121900	0.013100	0.049930	0.085552	0.013580	0.032549	0.004688	
0.309888	0.002369	0.210161	0.000796	0.010560	0.031792	0.022388	0.047635	0.120182	0.041532	0.006184	0.012020	0.050841	0.120490	0.013162	
0.345948	0.001342	0.171984	0.002752	0.027924	0.031214	0.061286	0.015335	0.132976	0.018700	0.015370	0.034892	0.028408	0.106938	0.004932	
0.204546	0.002929	0.220937	0.002346	0.018288	0.010173	0.067920	0.016481	0.186253	0.017844	0.013184	0.041826	0.035602	0.155399	0.006272	
0.319686	0.001159	0.226608	0.000488	0.014002	0.043437	0.020642	0.020101	0.129318	0.020102	0.002037	0.011686	0.044402	0.132419	0.013915	
0.330527	0.001165	0.150985	0.004764	0.032505	0.022064	0.087097	0.015988	0.136503	0.017016	0.027785	0.051098	0.026938	0.090393	0.005171	
0.424377	0.003104	0.131933	0.000779	0.022335	0.028662	0.030554	0.065595	0.085104	0.064169	0.006724	0.012186	0.037990	0.080589	0.005900	
0.391782	0.002909	0.148504	0.001474	0.017342	0.044442	0.034736	0.045734	0.105108	0.039600	0.010499	0.022275	0.037428	0.092424	0.005743	
0.395559	0.003741	0.122277	0.002174	0.016296	0.033188	0.040516	0.071960	0.090330	0.060387	0.016733	0.024618	0.043364	0.071914	0.006942	
0.598951	0.001045	0.014253	0.000609	0.021390	0.080280	0.011331	0.058600	0.020387	0.056173	0.002679	0.012817	0.053038	0.014234	0.054214	
0.439726	0.002565	0.011595	0.000747	0.006027	0.014946	0.011754	0.137889	0.016589	0.126887	0.006177	0.007538	0.105171	0.010062	0.102326	
0.414763	0.001047	0.011439	0.001871	0.012854	0.011687	0.032124	0.111798	0.034070	0.107524	0.010032	0.020545	0.102971	0.013780	0.113494	
0.489560	0.001114	0.016458	0.002803	0.029961	0.027696	0.054597	0.072506	0.047897	0.074657	0.015616	0.031135	0.057973	0.017210	0.060817	
0.167765	0.007990	0.105232	0.001298	0.007786	0.007447	0.088682	0.035728	0.231162	0.033691	0.006807	0.072384	0.037591	0.167499	0.028937	
0.258234	0.005288	0.103956	0.001718	0.012173	0.016114	0.069497	0.047093	0.169594	0.044322	0.009656	0.053196	0.047921	0.123739	0.037498	
0.446730	0.003550	0.028750	0.004552	0.036989	0.046341	0.101243	0.015487	0.128923	0.016854	0.026268	0.070456	0.008834	0.060583	0.004442	
0.334693	0.006244	0.090610	0.001125	0.018060	0.037050	0.068620	0.030038	0.170684	0.029399	0.006600	0.053861	0.021096	0.125691	0.006230	
0.344253	0.007919	0.051963	0.000671	0.017244	0.050737	0.078399	0.014959	0.196773	0.015508	0.002963	0.068703	0.008793	0.137814	0.003300	
