0.031071	0.019250	0.028707	0.021614	0.045255	0.825397	0.028707	
0.086054	0.033673	0.031293	0.045578	0.107483	0.405102	0.290816	
0.031218	0.021717	0.149983	0.164235	0.418392	0.119104	0.095351	
0.317007	0.028912	0.019388	0.036054	0.026531	0.017007	0.555102	
0.773698	0.072764	0.030708	0.026035	0.047063	0.026035	0.023698	
0.561368	0.051979	0.037894	0.042589	0.113011	0.035547	0.157612	
0.243197	0.071769	0.221769	0.021769	0.233673	0.036054	0.171769	
0.092536	0.047619	0.068896	0.373860	0.023978	0.295846	0.097264	
0.031593	0.219093	0.029190	0.466690	0.021978	0.110920	0.120536	
0.041710	0.027112	0.375043	0.418839	0.049009	0.036844	0.051442	
0.028371	0.030708	0.575100	0.203605	0.021362	0.035381	0.105474	
0.150832	0.046463	0.046463	0.471221	0.051318	0.017337	0.216366	
0.030353	0.039591	0.028044	0.610030	0.032662	0.222039	0.037281	
0.056146	0.023588	0.028239	0.646844	0.179402	0.023588	0.042193	
0.181087	0.028504	0.030852	0.551979	0.108317	0.059021	0.040241	
0.026721	0.024323	0.019527	0.098664	0.683796	0.019527	0.127441	
0.026594	0.028981	0.017047	0.021821	0.766451	0.031367	0.107740	
0.045906	0.031518	0.084275	0.024323	0.621446	0.050702	0.141829	
0.019296	0.031144	0.149628	0.035884	0.033514	0.042993	0.687542	
0.331307	0.061803	0.203647	0.045255	0.222560	0.028707	0.106721	
0.026721	0.031518	0.547105	0.019527	0.182597	0.024323	0.168208	
0.041308	0.776248	0.031670	0.024441	0.050947	0.031670	0.043718	
0.062393	0.482441	0.098193	0.026594	0.270031	0.028981	0.031367	
0.067167	0.367883	0.138766	0.033754	0.081487	0.026594	0.284350	
