0.609702	0.000924	0.009362	0.000701	0.048089	0.012861	0.092865	0.067988	0.012645	0.081390	0.002888	0.005793	0.035027	0.011689	0.008077	
0.546867	0.011382	0.015665	0.001016	0.056586	0.023750	0.031844	0.101283	0.027043	0.088871	0.023754	0.012066	0.017746	0.022982	0.019144	
0.555693	0.014971	0.016435	0.000866	0.064312	0.017585	0.011364	0.118586	0.019042	0.093907	0.029946	0.008941	0.014544	0.019389	0.014419	
0.321224	0.001083	0.065018	0.007892	0.006624	0.036698	0.080126	0.015207	0.126785	0.019966	0.030724	0.091780	0.009865	0.171301	0.015708	
0.254893	0.001249	0.105846	0.000652	0.008735	0.012463	0.152371	0.023899	0.269995	0.020550	0.005286	0.060633	0.033434	0.041125	0.008869	
0.320977	0.001829	0.078490	0.003419	0.012057	0.015544	0.108812	0.036491	0.187589	0.025383	0.016014	0.067550	0.033528	0.086215	0.006102	
0.403040	0.008145	0.018707	0.000736	0.035274	0.025962	0.109038	0.065045	0.163446	0.059659	0.016731	0.042622	0.010606	0.019780	0.021209	
0.309324	0.005790	0.195180	0.001599	0.024971	0.014368	0.035258	0.046556	0.144997	0.039301	0.019004	0.029746	0.039224	0.084793	0.009889	
0.317304	0.000881	0.143641	0.005061	0.009434	0.052070	0.039262	0.015932	0.100240	0.036082	0.021468	0.053075	0.026808	0.142763	0.035980	
0.238405	0.001103	0.241870	0.000774	0.008633	0.030845	0.048414	0.018960	0.181387	0.029706	0.008115	0.027174	0.052545	0.085794	0.026277	
0.247393	0.000714	0.203252	0.002636	0.004199	0.059286	0.038757	0.008657	0.147722	0.035041	0.013420	0.038121	0.037334	0.115533	0.047934	
0.257340	0.003154	0.229308	0.000988	0.015804	0.018324	0.050278	0.028502	0.179690	0.030539	0.012494	0.029659	0.045524	0.083831	0.014563	
0.426655	0.001099	0.123130	0.002153	0.028375	0.012216	0.067528	0.043323	0.089426	0.048409	0.010826	0.027283	0.040983	0.073092	0.005503	
0.441580	0.000919	0.093775	0.003263	0.024389	0.026032	0.051524	0.048169	0.063231	0.051262	0.014006	0.033856	0.043587	0.088560	0.015847	
0.446100	0.003122	0.096213	0.001172	0.033251	0.021275	0.066256	0.054461	0.086205	0.060055	0.010467	0.020405	0.036598	0.048538	0.015884	
0.544753	0.001928	0.018011	0.001316	0.024933	0.024042	0.011186	0.113685	0.017569	0.069806	0.007441	0.017184	0.099062	0.029870	0.019213	
0.551686	0.002446	0.020734	0.001484	0.027781	0.008319	0.014003	0.119799	0.022457	0.065404	0.009102	0.019861	0.101424	0.030812	0.004688	
0.532271	0.002695	0.020163	0.000615	0.027030	0.034196	0.019423	0.106071	0.027867	0.075256	0.006292	0.012445	0.086904	0.019054	0.029718	
0.398842	0.001373	0.020319	0.001001	0.008895	0.169521	0.025904	0.016691	0.027818	0.102967	0.004885	0.009902	0.009118	0.052418	0.150346	
0.363177	0.002252	0.093832	0.009080	0.012102	0.033462	0.022645	0.029609	0.055975	0.025671	0.037868	0.082612	0.019482	0.201357	0.010875	
0.395513	0.004169	0.074286	0.005275	0.021048	0.042477	0.034690	0.046993	0.069953	0.047681	0.027077	0.054658	0.024105	0.125044	0.027031	
0.357378	0.003731	0.026450	0.002145	0.019386	0.016746	0.130271	0.049756	0.197008	0.036810	0.013860	0.063467	0.026055	0.047255	0.009682	
0.430468	0.005868	0.045090	0.002864	0.029875	0.019223	0.061763	0.071812	0.102298	0.052776	0.020876	0.045153	0.034480	0.066396	0.011057	
0.319440	0.001494	0.038022	0.002421	0.007773	0.079706	0.107934	0.016834	0.164587	0.051010	0.010798	0.055246	0.011058	0.067822	0.065855	
