0.515596	0.000791	0.013908	0.000706	0.045962	0.081090	0.054876	0.115789	0.018770	0.099423	0.003005	0.009359	0.015544	0.017513	0.007667	
0.447805	0.001556	0.095196	0.001096	0.037980	0.028573	0.031584	0.082853	0.024999	0.054723	0.007382	0.038845	0.045269	0.071901	0.030240	
0.479348	0.008690	0.054913	0.001319	0.032090	0.020034	0.024582	0.098869	0.019054	0.110031	0.006475	0.019702	0.079168	0.033962	0.011765	
0.501821	0.001168	0.014320	0.014480	0.005215	0.138352	0.181394	0.011537	0.017926	0.012596	0.063870	0.006953	0.008912	0.015313	0.006144	
0.377343	0.000966	0.086850	0.004920	0.017599	0.051993	0.095557	0.039887	0.127467	0.025135	0.022372	0.051519	0.024543	0.061437	0.012412	
0.443216	0.001266	0.074195	0.008430	0.014936	0.080275	0.117036	0.037550	0.058756	0.022931	0.037665	0.028303	0.028608	0.039373	0.007461	
0.335966	0.001630	0.056918	0.003685	0.018549	0.035503	0.089914	0.017337	0.154966	0.018960	0.019951	0.074812	0.013359	0.110273	0.048176	
0.326921	0.000726	0.186771	0.000682	0.009335	0.007074	0.040784	0.021081	0.204148	0.013478	0.019921	0.013593	0.032910	0.106220	0.016357	
0.354087	0.000777	0.089653	0.001388	0.024449	0.014156	0.047591	0.011249	0.118770	0.010432	0.019772	0.056112	0.015275	0.157297	0.078992	
0.389968	0.001334	0.111779	0.002425	0.017763	0.038646	0.062035	0.037949	0.135635	0.034676	0.021600	0.017135	0.025142	0.082529	0.021385	
0.372673	0.000752	0.129283	0.001391	0.017367	0.031052	0.053851	0.037094	0.157895	0.031353	0.018716	0.016178	0.023448	0.088898	0.020048	
0.323398	0.000717	0.153489	0.000798	0.012823	0.007486	0.044594	0.011137	0.190724	0.009263	0.020372	0.029833	0.023675	0.130839	0.040852	
0.395097	0.002278	0.139411	0.001456	0.022152	0.017871	0.038554	0.056666	0.107257	0.041155	0.014316	0.024841	0.048189	0.075597	0.015158	
0.438303	0.002027	0.139224	0.001130	0.034712	0.014061	0.021485	0.087752	0.027209	0.050056	0.006634	0.037030	0.063830	0.061494	0.015052	
0.425810	0.000850	0.163331	0.001529	0.031820	0.014707	0.025815	0.082283	0.040660	0.036503	0.008933	0.035869	0.061914	0.061062	0.008914	
0.486911	0.012773	0.022543	0.001684	0.026525	0.017237	0.027007	0.097532	0.030159	0.137698	0.008372	0.010229	0.091992	0.021709	0.007631	
0.488425	0.012133	0.029342	0.000854	0.030270	0.013669	0.018388	0.105928	0.023992	0.138709	0.004084	0.012870	0.092273	0.021808	0.007254	
0.479283	0.010545	0.020132	0.000993	0.030405	0.025902	0.031480	0.102862	0.043479	0.132442	0.004216	0.015805	0.076806	0.020181	0.005466	
0.443407	0.005916	0.018531	0.000733	0.038071	0.016156	0.027430	0.061751	0.019847	0.075522	0.008978	0.051807	0.045128	0.113608	0.073115	
0.345845	0.002580	0.076996	0.003382	0.017048	0.032318	0.082723	0.032431	0.157228	0.031876	0.017349	0.062694	0.027113	0.084122	0.026293	
0.381269	0.004039	0.071969	0.003350	0.018567	0.031850	0.071322	0.039799	0.122409	0.046071	0.019019	0.046163	0.037230	0.079155	0.027788	
0.267640	0.001026	0.077340	0.000979	0.018083	0.012508	0.077475	0.016508	0.230878	0.015915	0.007728	0.095390	0.008902	0.124282	0.045344	
0.291181	0.002916	0.100003	0.000832	0.015726	0.011961	0.070226	0.043532	0.229513	0.041475	0.003978	0.075055	0.031519	0.074778	0.007305	
0.334081	0.001683	0.068085	0.004877	0.011086	0.051897	0.111070	0.023975	0.190531	0.025242	0.022503	0.060915	0.014242	0.067415	0.012397	
