0.469047	0.011237	0.033292	0.001020	0.016844	0.038287	0.025406	0.152969	0.066766	0.108577	0.005238	0.013520	0.021817	0.022156	0.013825	
0.461244	0.010668	0.058449	0.001977	0.018188	0.032907	0.033512	0.141674	0.038186	0.099452	0.011535	0.020910	0.019728	0.045430	0.006140	
0.472247	0.013456	0.025322	0.001064	0.019022	0.038739	0.035865	0.178145	0.038777	0.121039	0.005453	0.015330	0.009953	0.021254	0.004336	
0.615242	0.000884	0.028956	0.014535	0.004756	0.053380	0.055377	0.029937	0.033482	0.010160	0.081660	0.012952	0.010592	0.042922	0.005165	
0.421464	0.001602	0.096810	0.005830	0.022276	0.037343	0.079654	0.024394	0.094415	0.020857	0.034382	0.045629	0.030605	0.077632	0.007106	
0.545930	0.001684	0.060725	0.010344	0.015697	0.048304	0.066740	0.030132	0.059602	0.016685	0.057704	0.028683	0.019537	0.034721	0.003511	
0.380108	0.000839	0.020262	0.004986	0.038311	0.062650	0.158201	0.017154	0.181118	0.011794	0.027157	0.062865	0.010662	0.016997	0.006896	
0.395471	0.004442	0.157713	0.001086	0.023760	0.014192	0.029831	0.055827	0.052642	0.055754	0.008322	0.042637	0.051876	0.093005	0.013441	
0.250726	0.002622	0.120034	0.002014	0.007442	0.025528	0.062850	0.037078	0.150705	0.028234	0.018717	0.045527	0.040232	0.196364	0.011926	
0.339991	0.001272	0.088828	0.000771	0.005552	0.050222	0.026928	0.015070	0.266224	0.014982	0.005876	0.028510	0.062030	0.067627	0.026117	
0.324491	0.001084	0.096687	0.001058	0.008591	0.043636	0.038713	0.015369	0.235895	0.017320	0.008535	0.034219	0.058092	0.091219	0.025091	
0.421820	0.001738	0.132546	0.003216	0.015014	0.034961	0.027839	0.017818	0.139535	0.020566	0.018858	0.035621	0.055915	0.060616	0.013937	
0.445771	0.006172	0.163574	0.000804	0.026881	0.018041	0.019732	0.069150	0.039989	0.062414	0.004425	0.040526	0.051460	0.045448	0.005614	
0.374949	0.002434	0.209560	0.000763	0.027873	0.009876	0.032627	0.018657	0.060944	0.032161	0.006469	0.055761	0.063196	0.097813	0.006917	
0.417861	0.002713	0.175542	0.000900	0.031593	0.021758	0.039549	0.023501	0.085374	0.034466	0.004703	0.052023	0.059529	0.041130	0.009358	
0.499324	0.002366	0.036825	0.000909	0.032184	0.011601	0.020607	0.084896	0.029681	0.106974	0.004736	0.014733	0.055564	0.025146	0.074453	
0.500427	0.001182	0.058781	0.001625	0.031739	0.010134	0.019688	0.065418	0.028118	0.092910	0.008951	0.018557	0.059473	0.032235	0.070762	
0.505122	0.001294	0.017762	0.001093	0.033317	0.011978	0.024182	0.080532	0.035728	0.108839	0.005659	0.012228	0.056638	0.020807	0.084820	
0.481341	0.000988	0.037994	0.003058	0.023402	0.019044	0.026899	0.062141	0.059713	0.080764	0.018123	0.015175	0.051765	0.053965	0.065629	
0.171139	0.001010	0.138941	0.001242	0.013593	0.015554	0.092867	0.019893	0.142674	0.021840	0.016827	0.061906	0.039250	0.249651	0.013612	
0.308451	0.002055	0.123041	0.001958	0.013358	0.021823	0.051051	0.034814	0.124275	0.035764	0.016462	0.042339	0.047365	0.156466	0.020780	
0.272610	0.001441	0.084003	0.001579	0.035127	0.044323	0.140663	0.016630	0.182175	0.015945	0.011411	0.071626	0.025315	0.092049	0.005101	
0.320964	0.002068	0.078262	0.001069	0.041023	0.048156	0.136460	0.022611	0.178991	0.022758	0.006011	0.070026	0.027293	0.038215	0.006093	
0.242095	0.001139	0.071032	0.001021	0.032536	0.046619	0.143443	0.015932	0.211054	0.015268	0.009002	0.070404	0.025918	0.104878	0.009660	
