0.021873	0.019481	0.093643	0.050581	0.323308	0.100820	0.390294	
0.038527	0.036140	0.210365	0.074327	0.026594	0.348790	0.265257	
0.053100	0.036314	0.089072	0.019527	0.029120	0.173004	0.599863	
0.528912	0.062245	0.214626	0.114626	0.028912	0.019388	0.031293	
0.561368	0.108317	0.044936	0.063716	0.021462	0.152918	0.047284	
0.420767	0.109603	0.095351	0.052596	0.033593	0.252121	0.035969	
0.677983	0.080336	0.033277	0.028571	0.120336	0.023866	0.035630	
0.043197	0.047959	0.228912	0.331293	0.126531	0.131293	0.090816	
0.041408	0.089717	0.304693	0.244306	0.263630	0.036577	0.019669	
0.027112	0.058742	0.046576	0.411540	0.394508	0.029545	0.031978	
0.028438	0.072934	0.030780	0.508531	0.300100	0.037805	0.021412	
0.144604	0.200838	0.022354	0.283968	0.264408	0.037024	0.046804	
0.023588	0.032890	0.067774	0.453821	0.035216	0.360797	0.025914	
0.039960	0.037629	0.030636	0.275391	0.042291	0.550450	0.023643	
0.051736	0.103138	0.044726	0.247997	0.026035	0.483979	0.042390	
0.021925	0.081877	0.079479	0.038712	0.045906	0.041110	0.690990	
0.031593	0.038805	0.072459	0.024382	0.046016	0.233516	0.553228	
0.029120	0.029120	0.074683	0.033916	0.211374	0.031518	0.590271	
0.152151	0.041308	0.111188	0.034079	0.576248	0.019621	0.065404	
0.050460	0.606546	0.102966	0.028981	0.028981	0.105353	0.076713	
0.040914	0.389362	0.088646	0.024207	0.243778	0.105353	0.107740	
0.053745	0.551318	0.085298	0.031900	0.218793	0.024619	0.034327	
0.024500	0.447205	0.022084	0.041408	0.031746	0.384403	0.048654	
0.043613	0.341690	0.351305	0.041209	0.168613	0.024382	0.029190	
