0.561340	0.002196	0.010807	0.001708	0.030271	0.029045	0.027580	0.044118	0.016532	0.042864	0.074573	0.010206	0.029992	0.008131	0.110637	
0.424544	0.006698	0.048386	0.001516	0.022546	0.031943	0.039622	0.128895	0.045072	0.127011	0.013073	0.014287	0.042618	0.034513	0.019275	
0.401851	0.010835	0.017917	0.000976	0.020853	0.032694	0.025196	0.197636	0.020460	0.196916	0.004731	0.008244	0.041529	0.013288	0.006875	
0.438164	0.001559	0.065444	0.005333	0.020430	0.049763	0.110711	0.015711	0.098704	0.014941	0.029465	0.023352	0.017494	0.065301	0.043629	
0.368796	0.002503	0.100320	0.007415	0.028230	0.051038	0.130349	0.024884	0.109774	0.021080	0.006036	0.051576	0.033725	0.055469	0.008805	
0.387315	0.003515	0.047107	0.006097	0.020010	0.049345	0.113870	0.033709	0.128591	0.032615	0.018637	0.042873	0.019468	0.069316	0.027533	
0.423654	0.000971	0.051359	0.013494	0.024994	0.086462	0.235025	0.010151	0.077184	0.008550	0.003932	0.019132	0.014833	0.024584	0.005674	
0.397270	0.001784	0.121742	0.000900	0.011097	0.036510	0.067715	0.034027	0.121466	0.033790	0.010398	0.011196	0.021104	0.115671	0.015331	
0.384281	0.001906	0.119917	0.001127	0.010999	0.036540	0.068653	0.023213	0.137267	0.023271	0.014266	0.020217	0.016077	0.121191	0.021075	
0.409646	0.001769	0.109079	0.001346	0.017852	0.032318	0.056793	0.019796	0.117937	0.018679	0.026580	0.028447	0.022979	0.097425	0.039357	
0.389287	0.001403	0.120986	0.001230	0.009562	0.038433	0.074154	0.013972	0.140989	0.014480	0.016112	0.017044	0.012113	0.126417	0.023819	
0.430376	0.001313	0.128885	0.002025	0.028150	0.030509	0.052541	0.013095	0.080838	0.010136	0.036040	0.035966	0.031751	0.064975	0.053399	
0.379931	0.002406	0.188725	0.000764	0.031372	0.023832	0.035411	0.041411	0.069571	0.036500	0.013767	0.041436	0.047060	0.067506	0.020309	
0.361014	0.001789	0.223196	0.000763	0.032506	0.023357	0.040331	0.038032	0.070595	0.032020	0.002197	0.042807	0.053871	0.074400	0.003124	
0.363109	0.001571	0.259291	0.001268	0.048026	0.014896	0.024510	0.040893	0.031671	0.030819	0.002766	0.063345	0.078742	0.035143	0.003950	
0.525120	0.001495	0.019251	0.000601	0.033504	0.008483	0.009180	0.114671	0.030061	0.105505	0.004450	0.015521	0.107077	0.018612	0.006470	
0.530576	0.002083	0.012255	0.000690	0.033078	0.010545	0.010927	0.127831	0.017621	0.119050	0.003634	0.009349	0.106035	0.011069	0.005258	
0.519849	0.001290	0.025855	0.002266	0.032368	0.019698	0.040221	0.102896	0.027474	0.094808	0.004454	0.010890	0.094982	0.016475	0.006475	
0.488494	0.001593	0.040898	0.004654	0.025462	0.043168	0.089269	0.038843	0.058807	0.036691	0.035265	0.015005	0.033671	0.035937	0.052243	
0.223801	0.006471	0.112799	0.000993	0.023332	0.010586	0.015302	0.034493	0.239652	0.030117	0.004739	0.121110	0.037950	0.131776	0.006878	
0.333338	0.004598	0.086187	0.000789	0.019689	0.020238	0.026503	0.029894	0.177047	0.028035	0.026138	0.073355	0.025248	0.110255	0.038684	
0.236815	0.006197	0.060444	0.001934	0.013236	0.020232	0.040675	0.020284	0.273360	0.018856	0.010750	0.110684	0.018077	0.152641	0.015816	
0.245852	0.007838	0.039430	0.001644	0.012545	0.020929	0.034504	0.058853	0.248220	0.057787	0.006158	0.099514	0.021491	0.136243	0.008993	
0.315769	0.004531	0.061637	0.002636	0.015217	0.029232	0.059196	0.021981	0.206823	0.020918	0.018524	0.075751	0.018382	0.122030	0.027372	
