0.447408	0.006685	0.039273	0.001774	0.037889	0.036920	0.036072	0.148296	0.058492	0.088009	0.014621	0.016576	0.019811	0.040233	0.007941	
0.551737	0.006553	0.014702	0.000753	0.036370	0.023952	0.022157	0.145008	0.035723	0.089402	0.008357	0.016175	0.020011	0.019764	0.009336	
0.516824	0.007150	0.018395	0.000625	0.043378	0.026300	0.014653	0.176080	0.019718	0.109385	0.009451	0.009066	0.024474	0.015097	0.009405	
0.483286	0.001001	0.028889	0.007112	0.007349	0.083659	0.139603	0.014064	0.120032	0.015598	0.028356	0.024354	0.013913	0.022412	0.010373	
0.371571	0.001625	0.079225	0.006317	0.023292	0.074214	0.118380	0.023413	0.124321	0.027905	0.025067	0.039469	0.047131	0.029002	0.009066	
0.418878	0.002652	0.058980	0.004709	0.011925	0.057225	0.099192	0.035272	0.127582	0.029129	0.023343	0.031248	0.016205	0.067058	0.016604	
0.410457	0.001741	0.042311	0.007348	0.010922	0.089708	0.139808	0.036281	0.126003	0.024947	0.032184	0.020049	0.010530	0.038222	0.009490	
0.329980	0.003134	0.149692	0.000686	0.008814	0.005530	0.047256	0.010286	0.151730	0.010328	0.015820	0.049265	0.014705	0.171645	0.031130	
0.372128	0.000870	0.155433	0.001821	0.006392	0.019292	0.072296	0.008658	0.108666	0.008593	0.021640	0.028066	0.009927	0.152169	0.034047	
0.279716	0.001513	0.152660	0.003681	0.019664	0.043884	0.087098	0.031244	0.118306	0.028280	0.025601	0.032263	0.033931	0.116829	0.025331	
0.318869	0.002634	0.116432	0.003632	0.010405	0.041552	0.086899	0.014601	0.157354	0.014837	0.023243	0.043275	0.018767	0.124963	0.022537	
0.240014	0.001554	0.188719	0.002956	0.025615	0.033293	0.075766	0.018856	0.125180	0.019731	0.022549	0.044703	0.048196	0.129249	0.023620	
0.359607	0.002537	0.170424	0.000571	0.036157	0.009382	0.035719	0.056781	0.063875	0.041541	0.012389	0.037586	0.053532	0.097973	0.021926	
0.354429	0.001140	0.208243	0.000653	0.054551	0.005479	0.030964	0.032750	0.040090	0.040121	0.005547	0.056873	0.107053	0.046505	0.015602	
0.322621	0.001140	0.233519	0.000908	0.065710	0.008601	0.031383	0.033913	0.032780	0.037365	0.004733	0.063757	0.124865	0.030993	0.007710	
0.510217	0.002440	0.031392	0.000788	0.021357	0.011462	0.026128	0.076926	0.051016	0.103451	0.006344	0.025706	0.061612	0.027193	0.043969	
0.520184	0.000990	0.016944	0.000678	0.017752	0.009922	0.022607	0.088154	0.021273	0.135469	0.006947	0.011037	0.072991	0.013743	0.061308	
0.474817	0.001616	0.018878	0.001566	0.019752	0.021795	0.033795	0.093158	0.039290	0.131184	0.010428	0.013168	0.069349	0.016457	0.054747	
0.471641	0.001424	0.043766	0.002390	0.014528	0.030474	0.057518	0.067192	0.060532	0.088317	0.015452	0.015167	0.044496	0.043852	0.043253	
0.363648	0.007710	0.062508	0.000627	0.020738	0.006814	0.021751	0.031966	0.208590	0.028052	0.003956	0.084990	0.034172	0.113779	0.010699	
0.292146	0.005487	0.100912	0.001072	0.016493	0.011758	0.034306	0.033348	0.186100	0.040036	0.011502	0.066066	0.035892	0.138319	0.026564	
0.389738	0.006714	0.029925	0.003082	0.015569	0.038141	0.061343	0.040126	0.196727	0.029023	0.013127	0.065675	0.018845	0.084879	0.007087	
0.275575	0.009633	0.034011	0.000660	0.014413	0.009594	0.013375	0.054237	0.256006	0.051696	0.006344	0.087609	0.024711	0.143766	0.018371	
0.467798	0.004342	0.028045	0.003918	0.010079	0.047228	0.084155	0.029775	0.153681	0.021665	0.017152	0.045932	0.010492	0.065119	0.010619	
