0.019342	0.076349	0.617917	0.028843	0.021717	0.206990	0.028843	
0.097727	0.016966	0.587038	0.040719	0.073974	0.154734	0.028843	
0.086674	0.065091	0.261733	0.019527	0.482357	0.050702	0.033916	
0.033514	0.024035	0.028775	0.026405	0.021666	0.026405	0.839201	
0.035799	0.189463	0.139818	0.135089	0.144546	0.052347	0.302938	
0.031144	0.135410	0.230196	0.021666	0.140149	0.080907	0.360528	
0.136054	0.145578	0.028912	0.140816	0.105102	0.067007	0.376531	
0.103866	0.245042	0.115630	0.047395	0.030924	0.440336	0.016807	
0.043197	0.219388	0.026531	0.050340	0.026531	0.488435	0.145578	
0.039087	0.549983	0.034244	0.053615	0.048772	0.215842	0.058457	
0.033121	0.337571	0.021412	0.037805	0.026096	0.520241	0.023754	
0.354007	0.405226	0.027178	0.034495	0.039373	0.029617	0.110105	
0.028044	0.217420	0.464533	0.023425	0.025734	0.222039	0.018806	
0.229843	0.051857	0.419538	0.016728	0.042489	0.213449	0.026096	
0.245042	0.169748	0.405042	0.026218	0.061513	0.033277	0.059160	
0.024207	0.024207	0.028981	0.122059	0.735424	0.024207	0.040914	
0.021821	0.021821	0.055234	0.024207	0.828503	0.024207	0.024207	
0.184995	0.017129	0.033916	0.041110	0.494347	0.192189	0.036314	
0.026405	0.092756	0.028775	0.035884	0.370007	0.294177	0.151997	
0.444782	0.206011	0.026342	0.045255	0.175279	0.064168	0.038163	
0.311347	0.201299	0.069720	0.055366	0.215653	0.076897	0.069720	
0.034079	0.152151	0.043718	0.496730	0.029260	0.026850	0.217212	
0.034079	0.029260	0.050947	0.766609	0.046127	0.050947	0.022031	
0.033835	0.091251	0.024265	0.409433	0.048189	0.323308	0.069720	
