0.036140	0.360723	0.215138	0.112513	0.040914	0.021821	0.212751	
0.076713	0.322537	0.270031	0.083873	0.071940	0.060007	0.114899	
0.038712	0.420007	0.391230	0.026721	0.067489	0.036314	0.019527	
0.374443	0.019527	0.218568	0.021925	0.235355	0.019527	0.110654	
0.476752	0.132412	0.038073	0.045148	0.019205	0.247978	0.040431	
0.455315	0.047732	0.151997	0.054841	0.076168	0.088016	0.125931	
0.307483	0.024150	0.121769	0.021769	0.033673	0.345578	0.145578	
0.079100	0.031367	0.250938	0.270031	0.057620	0.081487	0.229458	
0.164995	0.019716	0.298167	0.293324	0.039087	0.075406	0.109305	
0.031978	0.058742	0.044143	0.601321	0.049009	0.061175	0.153632	
0.032967	0.032967	0.112221	0.494505	0.077256	0.056277	0.193806	
0.257628	0.068308	0.041609	0.398405	0.019764	0.131415	0.082871	
0.032814	0.039775	0.443487	0.313557	0.030494	0.035134	0.104740	
0.094232	0.089537	0.293763	0.359490	0.044936	0.035547	0.082495	
0.101037	0.147876	0.271997	0.257946	0.040147	0.136166	0.044831	
0.024441	0.130465	0.154561	0.034079	0.352151	0.075043	0.229260	
0.026658	0.115174	0.136705	0.024265	0.430964	0.024265	0.241969	
0.090816	0.200340	0.167007	0.017007	0.267007	0.033673	0.224150	
0.125043	0.019527	0.048304	0.038712	0.537513	0.086674	0.144227	
0.142170	0.115728	0.046016	0.202266	0.269574	0.199863	0.024382	
0.119959	0.134313	0.033835	0.299385	0.275461	0.107997	0.029050	
0.097434	0.024619	0.099861	0.031900	0.136269	0.580444	0.029473	
0.041110	0.050702	0.033916	0.038712	0.045906	0.309695	0.479959	
0.147332	0.026850	0.284682	0.082272	0.089501	0.320826	0.048537	
