0.057483	0.047959	0.086054	0.578912	0.028912	0.062245	0.138435	
0.028707	0.288754	0.033435	0.544073	0.042891	0.028707	0.033435	
0.031900	0.223648	0.036755	0.488211	0.119279	0.041609	0.058599	
0.058036	0.291209	0.017170	0.062843	0.029190	0.055632	0.485920	
0.369132	0.047619	0.052347	0.042891	0.047619	0.049983	0.390409	
0.125043	0.220966	0.091470	0.074683	0.043508	0.110654	0.333676	
0.040336	0.033277	0.019160	0.106218	0.023866	0.042689	0.734454	
0.023978	0.267477	0.336035	0.021614	0.061803	0.253293	0.035799	
0.021873	0.320916	0.332878	0.019481	0.026658	0.031442	0.246753	
0.029545	0.029545	0.129301	0.090372	0.031978	0.469934	0.219326	
0.189912	0.106974	0.161476	0.021666	0.078538	0.372376	0.069059	
0.036934	0.024739	0.029617	0.029617	0.027178	0.629617	0.222300	
0.023643	0.256743	0.140193	0.042291	0.077256	0.391941	0.067932	
0.025914	0.188704	0.146844	0.116611	0.032890	0.449169	0.039867	
0.174751	0.107309	0.051495	0.079402	0.035216	0.530565	0.021262	
0.024323	0.216170	0.053100	0.091470	0.561494	0.024323	0.029120	
0.021873	0.230007	0.062543	0.029050	0.607997	0.024265	0.024265	
0.029050	0.048189	0.036227	0.143882	0.605605	0.033835	0.103213	
0.029331	0.171843	0.053485	0.111456	0.437543	0.031746	0.164596	
0.192738	0.147608	0.321004	0.114354	0.161860	0.026468	0.035969	
0.139098	0.179768	0.347232	0.029050	0.079289	0.045796	0.179768	
0.340153	0.284327	0.036755	0.114424	0.095007	0.027046	0.102288	
0.340103	0.065404	0.197935	0.282272	0.058176	0.031670	0.024441	
0.359009	0.316254	0.064472	0.116729	0.035969	0.019342	0.088225	
