0.482048	0.000778	0.014720	0.000782	0.039429	0.032672	0.016259	0.172889	0.016714	0.144920	0.003928	0.018993	0.040896	0.011528	0.003443	
0.472258	0.001781	0.079841	0.003910	0.024626	0.051634	0.066315	0.075184	0.043889	0.061793	0.017879	0.023793	0.034564	0.036984	0.005547	
0.361826	0.006384	0.084619	0.003393	0.011503	0.046645	0.050019	0.090097	0.108700	0.065382	0.015382	0.048969	0.035343	0.065818	0.005920	
0.535018	0.000975	0.019456	0.009810	0.007114	0.114149	0.090777	0.047566	0.038419	0.041517	0.043290	0.016144	0.016283	0.014961	0.004520	
0.449956	0.001411	0.120187	0.001199	0.021548	0.018661	0.078193	0.058824	0.043697	0.063859	0.006651	0.018982	0.057645	0.050223	0.008966	
0.397924	0.002147	0.144557	0.003829	0.007832	0.045729	0.084101	0.044002	0.072774	0.034602	0.019168	0.022299	0.038587	0.068282	0.014166	
0.394806	0.007784	0.059961	0.004063	0.019343	0.043831	0.064831	0.030738	0.139395	0.029334	0.019483	0.064318	0.037818	0.073974	0.010321	
0.296195	0.005190	0.156663	0.000612	0.029764	0.004826	0.049026	0.024221	0.166509	0.009560	0.010637	0.056835	0.031015	0.122213	0.036735	
0.343751	0.001172	0.080336	0.005748	0.012294	0.062968	0.059804	0.013657	0.164540	0.011008	0.037379	0.033486	0.011346	0.106639	0.055870	
0.251236	0.001992	0.086140	0.000971	0.017067	0.019539	0.017725	0.078756	0.188764	0.065241	0.018363	0.039128	0.025394	0.125424	0.064261	
0.333210	0.001086	0.072201	0.002498	0.031715	0.031777	0.029623	0.048070	0.165265	0.038077	0.024201	0.038930	0.015363	0.108895	0.059090	
0.229028	0.003306	0.130375	0.000993	0.023033	0.009638	0.032046	0.020762	0.222766	0.012304	0.019866	0.052798	0.020597	0.152612	0.069875	
0.322362	0.003416	0.113326	0.000812	0.008679	0.023045	0.040364	0.115358	0.099280	0.093306	0.007285	0.030070	0.045779	0.076707	0.020211	
0.412925	0.001028	0.203439	0.001740	0.019959	0.019224	0.093926	0.024672	0.048890	0.017090	0.009617	0.017187	0.045614	0.073126	0.011562	
0.370059	0.003315	0.128109	0.000801	0.027684	0.013800	0.053111	0.061495	0.102007	0.048838	0.007970	0.038207	0.040824	0.082053	0.021726	
0.622545	0.000819	0.011706	0.001936	0.054031	0.020205	0.083950	0.018841	0.017912	0.056398	0.009203	0.027723	0.061285	0.010287	0.003161	
0.552121	0.000821	0.064165	0.001904	0.013665	0.019431	0.116193	0.012330	0.018903	0.067671	0.008144	0.010939	0.087643	0.023257	0.002813	
0.514384	0.001934	0.019793	0.000816	0.023805	0.018183	0.069053	0.082960	0.033750	0.110860	0.003803	0.021442	0.075325	0.020039	0.003853	
0.387830	0.000792	0.055790	0.003179	0.020242	0.041503	0.048468	0.059115	0.120124	0.060296	0.023114	0.027208	0.031163	0.078716	0.042460	
0.180357	0.017610	0.117568	0.000683	0.020961	0.005707	0.019783	0.054973	0.261497	0.013714	0.003446	0.126459	0.031936	0.139739	0.005568	
0.231735	0.006504	0.142181	0.001387	0.006457	0.013369	0.052473	0.023434	0.206891	0.018703	0.015507	0.059612	0.038159	0.138426	0.045161	
0.463730	0.004166	0.044999	0.003798	0.027867	0.040890	0.072256	0.022668	0.102484	0.036082	0.019897	0.045311	0.041991	0.057569	0.016293	
0.447802	0.005759	0.086339	0.000970	0.055979	0.009686	0.048617	0.033823	0.105432	0.023676	0.006540	0.062930	0.034036	0.068463	0.009948	
0.463304	0.003049	0.043078	0.003238	0.012416	0.039614	0.078972	0.048993	0.075578	0.070579	0.016176	0.029354	0.058792	0.044633	0.012220	
