0.026342	0.023978	0.867950	0.016886	0.023978	0.016886	0.023978	
0.045578	0.500340	0.169388	0.093197	0.019388	0.097959	0.074150	
0.028843	0.750933	0.026468	0.088225	0.050221	0.026468	0.028843	
0.789438	0.083277	0.024035	0.016926	0.028775	0.024035	0.033514	
0.285714	0.092318	0.023922	0.061658	0.148922	0.330526	0.056941	
0.450575	0.076168	0.071429	0.033514	0.033514	0.294177	0.040623	
0.343197	0.059864	0.021769	0.136054	0.071769	0.262245	0.105102	
0.041110	0.122645	0.029120	0.475163	0.139431	0.091470	0.101062	
0.234079	0.029260	0.130465	0.482272	0.026850	0.065404	0.031670	
0.163365	0.056309	0.102537	0.542927	0.036844	0.061175	0.036844	
0.040147	0.136166	0.133824	0.494480	0.016728	0.061224	0.117431	
0.233924	0.046576	0.024678	0.601321	0.036844	0.031978	0.024678	
0.027915	0.494581	0.230213	0.149754	0.041708	0.021018	0.034811	
0.128538	0.534133	0.018981	0.070263	0.079587	0.123876	0.044622	
0.120701	0.416997	0.025794	0.210979	0.153108	0.035053	0.037368	
0.043095	0.038344	0.043095	0.024092	0.515779	0.028843	0.306753	
0.040914	0.057620	0.021821	0.021821	0.783157	0.019434	0.055234	
0.033835	0.024265	0.031442	0.036227	0.218045	0.038619	0.617567	
0.182803	0.024035	0.061950	0.080907	0.038253	0.031144	0.580907	
0.047845	0.064472	0.019342	0.107228	0.138107	0.461147	0.161860	
0.117286	0.040914	0.024207	0.193658	0.181725	0.219911	0.222298	
0.121706	0.029473	0.022191	0.082871	0.165395	0.500347	0.078017	
0.041408	0.063147	0.109041	0.036577	0.113872	0.577640	0.058316	
0.028707	0.040527	0.087808	0.033435	0.075988	0.357312	0.376224	
