0.557083	0.002163	0.046791	0.000784	0.024564	0.010801	0.027019	0.089400	0.040967	0.089345	0.003797	0.019934	0.034266	0.029336	0.023750	
0.551408	0.002312	0.045333	0.001562	0.026051	0.015697	0.034426	0.084056	0.042767	0.083972	0.007636	0.019995	0.030636	0.032331	0.021818	
0.455499	0.003989	0.048052	0.000873	0.023071	0.021252	0.041585	0.112383	0.051096	0.102058	0.004632	0.016510	0.063292	0.032251	0.023456	
0.565310	0.002486	0.051693	0.012282	0.036078	0.043844	0.084673	0.007949	0.035786	0.007510	0.055128	0.022028	0.007968	0.060579	0.006686	
0.356429	0.004789	0.084833	0.004358	0.029190	0.043944	0.074562	0.046336	0.107392	0.042016	0.027677	0.040688	0.031388	0.094835	0.011562	
0.507488	0.002409	0.052338	0.009794	0.032221	0.050293	0.093493	0.019771	0.065781	0.017657	0.043525	0.023289	0.016417	0.052354	0.013170	
0.317287	0.001158	0.024791	0.006426	0.030154	0.107688	0.169341	0.008864	0.220142	0.008418	0.026940	0.041244	0.008382	0.024059	0.005107	
0.441548	0.001136	0.175333	0.000843	0.005369	0.007260	0.062640	0.007375	0.044613	0.007005	0.005070	0.013694	0.025050	0.095284	0.107781	
0.313836	0.002284	0.132967	0.001923	0.014927	0.041332	0.086265	0.011080	0.151004	0.010102	0.013165	0.044775	0.032027	0.094438	0.049876	
0.248108	0.001411	0.120694	0.001334	0.011429	0.037470	0.059666	0.017186	0.243688	0.015557	0.008423	0.079283	0.069902	0.078218	0.007628	
0.247477	0.001001	0.133811	0.000877	0.009176	0.036079	0.062333	0.007250	0.243980	0.007129	0.006381	0.078357	0.064354	0.083265	0.018530	
0.361641	0.001006	0.124666	0.003874	0.012787	0.017530	0.036194	0.009469	0.179765	0.009200	0.018249	0.069811	0.065296	0.078948	0.011564	
0.545988	0.000787	0.101880	0.000662	0.016245	0.006676	0.039819	0.043054	0.042159	0.047155	0.003036	0.018145	0.017980	0.054126	0.062287	
0.401875	0.004191	0.123216	0.001196	0.024838	0.009660	0.023428	0.038653	0.094526	0.042391	0.017362	0.053246	0.022835	0.123547	0.019037	
0.485992	0.001125	0.062641	0.000875	0.022780	0.019346	0.032078	0.054654	0.124258	0.059903	0.005498	0.048362	0.031575	0.044136	0.006775	
0.462067	0.005234	0.030026	0.000697	0.024660	0.013421	0.023981	0.148325	0.025094	0.131991	0.003588	0.011063	0.085490	0.021897	0.012465	
0.466349	0.004734	0.035900	0.001136	0.023928	0.013161	0.024542	0.135944	0.033847	0.121391	0.005219	0.014814	0.082063	0.024336	0.012636	
0.393021	0.005904	0.025499	0.000701	0.024487	0.025264	0.038038	0.155321	0.053399	0.134902	0.003778	0.014767	0.098089	0.020753	0.006077	
0.447395	0.003899	0.079503	0.002852	0.020512	0.019888	0.050460	0.083768	0.038442	0.073045	0.013702	0.014199	0.059261	0.053252	0.039821	
0.136190	0.010499	0.208363	0.000934	0.031208	0.014971	0.025745	0.023302	0.117975	0.021486	0.036289	0.079669	0.021522	0.259922	0.011924	
0.249459	0.007732	0.182409	0.001635	0.026851	0.013830	0.033188	0.022134	0.096067	0.021610	0.030167	0.062306	0.020624	0.204741	0.027249	
0.348580	0.002550	0.056889	0.003388	0.029684	0.070609	0.111040	0.027162	0.174179	0.029690	0.020025	0.046932	0.008542	0.063453	0.007278	
0.393695	0.002270	0.047015	0.000988	0.029094	0.057273	0.087619	0.048517	0.158754	0.053137	0.009185	0.044969	0.008824	0.052033	0.006628	
0.258691	0.004354	0.091835	0.000961	0.027290	0.061806	0.096440	0.036001	0.182342	0.036278	0.015155	0.055529	0.018179	0.102666	0.012473	
