0.447169	0.007305	0.037981	0.001237	0.016655	0.064870	0.021520	0.101053	0.073048	0.155324	0.011604	0.020075	0.015128	0.023028	0.004005	
0.511390	0.003152	0.034980	0.001033	0.020575	0.027853	0.028200	0.086109	0.071350	0.081417	0.006727	0.026202	0.071500	0.024359	0.005153	
0.505390	0.006498	0.031395	0.000689	0.019561	0.053710	0.015661	0.108528	0.028984	0.145290	0.008868	0.013893	0.032045	0.022277	0.007210	
0.429651	0.001857	0.032069	0.006092	0.024085	0.055273	0.136903	0.023684	0.140116	0.031745	0.033425	0.056259	0.006070	0.017412	0.005359	
0.334517	0.001340	0.057401	0.001538	0.026740	0.043574	0.081192	0.038468	0.201316	0.024686	0.027873	0.052320	0.060433	0.042422	0.006180	
0.412764	0.002134	0.064306	0.002741	0.019641	0.043104	0.100009	0.031505	0.107988	0.010822	0.028956	0.037970	0.060391	0.056799	0.020870	
0.408504	0.000947	0.019848	0.002011	0.041769	0.056060	0.108750	0.050727	0.131054	0.041231	0.038570	0.050005	0.028285	0.016594	0.005645	
0.387340	0.003415	0.137285	0.005918	0.014267	0.010026	0.072690	0.025825	0.101172	0.023035	0.005646	0.046644	0.015298	0.113917	0.037524	
0.416576	0.005016	0.140227	0.006529	0.005337	0.018298	0.075874	0.026016	0.059285	0.034473	0.005239	0.036124	0.010342	0.118024	0.042639	
0.246180	0.005022	0.161814	0.001229	0.014007	0.027775	0.032545	0.038263	0.158592	0.038813	0.011332	0.037067	0.045875	0.140283	0.041205	
0.263151	0.004060	0.152473	0.001368	0.012692	0.017795	0.025247	0.039021	0.183065	0.032550	0.006063	0.041820	0.060219	0.127274	0.033201	
0.313974	0.001816	0.082025	0.001385	0.025371	0.035956	0.067485	0.038951	0.196410	0.024907	0.022919	0.050570	0.059368	0.065197	0.013667	
0.390539	0.004955	0.114936	0.004631	0.012452	0.036497	0.078313	0.035438	0.076308	0.046378	0.015708	0.034607	0.015259	0.098424	0.035554	
0.316223	0.006705	0.201281	0.000927	0.006928	0.017173	0.022652	0.041920	0.022599	0.028054	0.006320	0.010926	0.056517	0.190840	0.070935	
0.449628	0.001704	0.054417	0.001873	0.020871	0.029991	0.070720	0.049587	0.105665	0.024335	0.019147	0.035996	0.076551	0.045419	0.014096	
0.551843	0.001965	0.014738	0.000927	0.043979	0.022461	0.028800	0.107875	0.032210	0.104066	0.008668	0.032562	0.034864	0.011047	0.003995	
0.607086	0.000887	0.014874	0.000902	0.029156	0.007007	0.029075	0.093758	0.021913	0.059310	0.003187	0.025011	0.091370	0.011669	0.004793	
0.458175	0.002379	0.045829	0.001125	0.049351	0.030481	0.043527	0.093296	0.059326	0.096274	0.016524	0.039842	0.008010	0.041290	0.014571	
0.277466	0.005009	0.149166	0.001553	0.028896	0.042191	0.066449	0.040462	0.084985	0.042252	0.025698	0.033543	0.009820	0.140864	0.051645	
0.271026	0.001002	0.104014	0.000814	0.036748	0.006422	0.013241	0.061843	0.254222	0.053670	0.003712	0.065500	0.045617	0.075347	0.006822	
0.284353	0.005296	0.180348	0.001248	0.021633	0.020456	0.034096	0.044285	0.074659	0.036911	0.011513	0.028311	0.030249	0.167664	0.058978	
0.396470	0.000972	0.049238	0.005737	0.025173	0.041648	0.124947	0.019396	0.174138	0.016262	0.028620	0.062389	0.018057	0.030754	0.006198	
0.457393	0.001994	0.066736	0.001189	0.026880	0.021403	0.050266	0.063928	0.076198	0.038758	0.013927	0.032342	0.069051	0.059688	0.020249	
0.404635	0.002653	0.072760	0.003370	0.025589	0.033902	0.075562	0.047761	0.119112	0.046696	0.018649	0.044962	0.028812	0.058152	0.017385	
