0.120247	0.559096	0.055498	0.074683	0.029120	0.117849	0.043508	
0.029120	0.494347	0.247345	0.117849	0.033916	0.033916	0.043508	
0.029473	0.561026	0.235784	0.041609	0.019764	0.024619	0.087725	
0.486121	0.050102	0.213609	0.031144	0.066689	0.052471	0.099865	
0.349394	0.075809	0.026280	0.130054	0.328167	0.045148	0.045148	
0.289068	0.084842	0.124748	0.127096	0.082495	0.246814	0.044936	
0.600336	0.085042	0.023866	0.127395	0.096807	0.019160	0.047395	
0.067007	0.052721	0.133673	0.240816	0.083673	0.331293	0.090816	
0.215842	0.022138	0.281218	0.131097	0.024559	0.288481	0.036666	
0.179958	0.053745	0.022191	0.313454	0.328017	0.058599	0.044036	
0.106218	0.026218	0.127395	0.117983	0.494454	0.045042	0.082689	
0.180836	0.022300	0.022300	0.424739	0.307666	0.019861	0.022300	
0.060797	0.051495	0.181728	0.432890	0.030565	0.153821	0.088704	
0.023643	0.098235	0.158841	0.485181	0.023643	0.133200	0.077256	
0.025914	0.060797	0.116611	0.688704	0.044518	0.021262	0.042193	
0.038712	0.033916	0.146626	0.031518	0.115450	0.053100	0.580678	
0.048304	0.031518	0.161014	0.017129	0.024323	0.024323	0.693388	
0.117286	0.141152	0.064780	0.021821	0.055234	0.026594	0.573133	
0.383477	0.087091	0.178657	0.022031	0.055766	0.041308	0.231670	
0.026468	0.185612	0.116729	0.059722	0.073974	0.423142	0.114354	
0.191629	0.026980	0.072985	0.072985	0.024559	0.327222	0.283639	
0.087513	0.043929	0.189208	0.026980	0.487029	0.024559	0.140782	
0.038898	0.241308	0.046127	0.087091	0.099139	0.279862	0.207573	
0.080716	0.059439	0.428234	0.031071	0.239108	0.073624	0.087808	
