0.067489	0.043508	0.134635	0.045906	0.038712	0.053100	0.616650	
0.023866	0.023866	0.033277	0.268571	0.355630	0.033277	0.261513	
0.026980	0.031823	0.043929	0.227949	0.177101	0.087513	0.404704	
0.093643	0.050581	0.464457	0.206083	0.072112	0.052973	0.060150	
0.328943	0.075988	0.258021	0.023978	0.118541	0.149274	0.045255	
0.089960	0.144205	0.384771	0.186658	0.089960	0.078167	0.026280	
0.031071	0.019250	0.700101	0.040527	0.054711	0.052347	0.101993	
0.101993	0.194191	0.026342	0.409321	0.038163	0.201283	0.028707	
0.064935	0.038619	0.232399	0.584074	0.019481	0.043404	0.017088	
0.315881	0.029473	0.223648	0.034327	0.058599	0.296463	0.041609	
0.542589	0.021462	0.040241	0.136486	0.101274	0.136486	0.021462	
0.258885	0.041812	0.200348	0.027178	0.032056	0.417422	0.022300	
0.028174	0.023533	0.042095	0.334438	0.042095	0.503812	0.025853	
0.018981	0.114552	0.028305	0.079587	0.154179	0.585415	0.018981	
0.067774	0.021262	0.030565	0.063123	0.116611	0.681728	0.018937	
0.065091	0.050702	0.017129	0.247345	0.045906	0.055498	0.518328	
0.022084	0.099379	0.065562	0.285369	0.063147	0.022084	0.442374	
0.071940	0.019434	0.060007	0.031367	0.489601	0.033754	0.293897	
0.079289	0.033835	0.230007	0.134313	0.296992	0.024265	0.201299	
0.028843	0.530031	0.024092	0.183237	0.083475	0.026468	0.123855	
0.033997	0.380151	0.166209	0.154190	0.158997	0.077266	0.029190	
0.194051	0.181944	0.114147	0.206157	0.029402	0.034244	0.240055	
0.070224	0.371429	0.031670	0.043718	0.142513	0.113597	0.226850	
0.342513	0.050947	0.031670	0.308778	0.067814	0.024441	0.173838	
