0.469106	0.001958	0.084540	0.000651	0.022391	0.014314	0.032549	0.093670	0.037604	0.084168	0.003798	0.024577	0.057761	0.047833	0.025079	
0.524753	0.004002	0.045663	0.001015	0.010868	0.009798	0.038976	0.102795	0.038771	0.072677	0.005383	0.016163	0.054287	0.062459	0.012391	
0.470421	0.003962	0.039380	0.001140	0.020967	0.011740	0.043781	0.097197	0.057776	0.087950	0.006643	0.019922	0.052468	0.061289	0.025365	
0.598874	0.002502	0.035858	0.013122	0.004264	0.070815	0.081200	0.008943	0.025596	0.008241	0.082435	0.019320	0.006697	0.035978	0.006155	
0.359150	0.002573	0.103015	0.003266	0.026474	0.028045	0.082012	0.044639	0.135842	0.030197	0.019606	0.065175	0.039084	0.056716	0.004205	
0.551994	0.002595	0.043530	0.009515	0.007589	0.055218	0.071543	0.033348	0.047833	0.023639	0.059549	0.023814	0.020492	0.042260	0.007082	
0.287783	0.003392	0.086073	0.005907	0.030410	0.046342	0.109459	0.009720	0.203203	0.008916	0.036590	0.077716	0.021326	0.067561	0.005602	
0.463695	0.011557	0.089730	0.000972	0.012691	0.010480	0.080525	0.018832	0.058913	0.015634	0.004778	0.023453	0.018742	0.171448	0.018551	
0.370654	0.006886	0.115262	0.001760	0.015230	0.041033	0.067833	0.009057	0.134549	0.007886	0.011279	0.034142	0.020796	0.139464	0.024170	
0.277960	0.001514	0.102863	0.001511	0.008253	0.088374	0.024999	0.017931	0.246002	0.014565	0.012697	0.017727	0.025735	0.115307	0.044563	
0.273207	0.002918	0.102192	0.000852	0.006058	0.087538	0.025908	0.011970	0.252886	0.008623	0.008578	0.013812	0.022178	0.136893	0.046388	
0.372185	0.001302	0.148469	0.003998	0.017190	0.061686	0.053093	0.009254	0.127366	0.008115	0.026167	0.042273	0.027432	0.079226	0.022242	
0.414080	0.004710	0.200006	0.000664	0.026317	0.011789	0.069454	0.017489	0.032251	0.013468	0.002859	0.058948	0.037636	0.101182	0.009149	
0.399208	0.002233	0.205190	0.000894	0.030133	0.015946	0.061268	0.028114	0.036074	0.025627	0.004654	0.062952	0.044827	0.071693	0.011187	
0.410802	0.001515	0.156918	0.001435	0.025617	0.019783	0.057117	0.050810	0.062165	0.037238	0.008175	0.056315	0.048748	0.054722	0.008640	
0.429738	0.001742	0.044700	0.000931	0.041204	0.010253	0.028125	0.107217	0.023644	0.141606	0.006465	0.015279	0.060933	0.031522	0.056642	
0.509103	0.001963	0.019872	0.000721	0.022731	0.007570	0.021833	0.129880	0.022560	0.123202	0.004362	0.007119	0.065526	0.029781	0.033776	
0.420163	0.001233	0.021273	0.000683	0.043327	0.010583	0.021665	0.121601	0.033536	0.159933	0.005235	0.009991	0.065066	0.022272	0.063441	
0.427729	0.002440	0.037508	0.002696	0.027938	0.035322	0.032924	0.078785	0.073177	0.102188	0.018142	0.009496	0.044948	0.055837	0.050869	
0.141339	0.006219	0.103656	0.000772	0.043226	0.021728	0.124421	0.013873	0.278950	0.014656	0.003726	0.100456	0.028422	0.109931	0.008624	
0.362889	0.004721	0.090151	0.003123	0.022957	0.037214	0.074947	0.029107	0.137736	0.029357	0.019541	0.045451	0.028589	0.093931	0.020287	
0.314196	0.003877	0.088163	0.001970	0.025800	0.030092	0.081424	0.043871	0.178923	0.030417	0.011820	0.061544	0.036871	0.080599	0.010433	
0.381402	0.002877	0.081635	0.000852	0.022685	0.016268	0.064014	0.077502	0.127924	0.051476	0.004350	0.052474	0.051045	0.059027	0.006470	
0.294379	0.005391	0.077393	0.000937	0.026747	0.024468	0.084959	0.045295	0.193620	0.033301	0.005221	0.060375	0.035974	0.098756	0.013184	
