0.043300	0.465735	0.064780	0.124446	0.036140	0.246164	0.019434	
0.091910	0.316007	0.046127	0.060585	0.250947	0.212392	0.022031	
0.069553	0.472895	0.019434	0.040914	0.332083	0.033754	0.031367	
0.645427	0.019527	0.038712	0.173004	0.062693	0.041110	0.019527	
0.659912	0.035799	0.038163	0.049983	0.042891	0.026342	0.146910	
0.540623	0.021666	0.019296	0.042993	0.168585	0.035884	0.170955	
0.369748	0.045042	0.045042	0.165042	0.033277	0.037983	0.303866	
0.028707	0.047619	0.087808	0.026342	0.326579	0.196555	0.286390	
0.050947	0.026850	0.395525	0.125645	0.024441	0.246127	0.130465	
0.041710	0.095238	0.058742	0.569691	0.024678	0.044143	0.165798	
0.023810	0.054326	0.075453	0.566063	0.023810	0.047284	0.209256	
0.108459	0.034749	0.049491	0.322218	0.032292	0.120744	0.332046	
0.030353	0.044210	0.025734	0.208182	0.025734	0.635434	0.030353	
0.030636	0.079587	0.114552	0.072594	0.137862	0.520147	0.044622	
0.058883	0.037805	0.049515	0.178321	0.054199	0.496822	0.124456	
0.019527	0.206578	0.072285	0.271326	0.352861	0.057897	0.019527	
0.026468	0.024092	0.024092	0.028843	0.853071	0.021717	0.021717	
0.103213	0.335270	0.103213	0.151059	0.249146	0.026658	0.031442	
0.105102	0.121769	0.569388	0.086054	0.036054	0.050340	0.031293	
0.151638	0.099629	0.120905	0.023978	0.087808	0.028707	0.487335	
0.071940	0.048074	0.138766	0.045687	0.234231	0.033754	0.427549	
0.244251	0.066202	0.051568	0.061324	0.049129	0.032056	0.495470	
0.031746	0.094548	0.038992	0.026915	0.295031	0.092133	0.420635	
0.057620	0.024207	0.484828	0.126833	0.033754	0.033754	0.239004	
