0.019481	0.237184	0.464457	0.057758	0.170198	0.021873	0.029050	
0.082471	0.162181	0.435128	0.130780	0.019669	0.070393	0.099379	
0.038712	0.041110	0.772525	0.041110	0.024323	0.024323	0.057897	
0.495578	0.236054	0.038435	0.107483	0.024150	0.062245	0.036054	
0.587190	0.028504	0.047284	0.040241	0.021462	0.213950	0.061368	
0.469533	0.052471	0.076168	0.042993	0.033514	0.275220	0.050102	
0.678825	0.038163	0.028707	0.035799	0.161094	0.023978	0.033435	
0.040816	0.221769	0.038435	0.221769	0.169388	0.212245	0.095578	
0.026915	0.485852	0.019669	0.142857	0.152519	0.147688	0.024500	
0.024678	0.031978	0.022245	0.377477	0.462635	0.046576	0.034411	
0.028371	0.037717	0.021362	0.308745	0.497997	0.075100	0.030708	
0.139714	0.093259	0.024799	0.247293	0.303528	0.151939	0.039469	
0.028239	0.109635	0.035216	0.693355	0.030565	0.065449	0.037542	
0.023588	0.025914	0.051495	0.477076	0.023588	0.372425	0.025914	
0.047063	0.033044	0.107810	0.486315	0.028371	0.238652	0.058745	
0.029120	0.048304	0.036314	0.024323	0.017129	0.053100	0.791709	
0.026786	0.036401	0.036401	0.033997	0.026786	0.079670	0.759959	
0.041110	0.060295	0.036314	0.024323	0.149024	0.033916	0.655019	
0.154561	0.272633	0.043718	0.019621	0.366609	0.041308	0.101549	
0.026594	0.064780	0.081487	0.024207	0.040914	0.678145	0.083873	
0.031367	0.055234	0.031367	0.043300	0.296284	0.353563	0.188885	
0.036666	0.269111	0.019716	0.053615	0.203736	0.385334	0.031823	
0.036314	0.033916	0.053100	0.026721	0.038712	0.698184	0.113052	
0.086882	0.348901	0.060440	0.021978	0.207074	0.202266	0.072459	
