0.486037	0.008626	0.056427	0.000812	0.029800	0.025610	0.021766	0.124162	0.049929	0.112515	0.004325	0.012543	0.015267	0.043825	0.008355	
0.558651	0.007450	0.026007	0.001202	0.026767	0.021631	0.023654	0.109332	0.029769	0.099918	0.018118	0.015180	0.024670	0.021545	0.016106	
0.525752	0.008866	0.037746	0.000686	0.031374	0.016964	0.012737	0.126139	0.038517	0.114738	0.011624	0.019588	0.018499	0.027418	0.009352	
0.648739	0.002971	0.014835	0.007732	0.003702	0.057395	0.155851	0.010402	0.016961	0.009518	0.032644	0.018440	0.005839	0.011520	0.003452	
0.355208	0.001546	0.110896	0.007261	0.018669	0.049707	0.154704	0.026046	0.084131	0.024743	0.007069	0.041330	0.036497	0.069655	0.012538	
0.481019	0.001964	0.046107	0.007169	0.007690	0.066875	0.156057	0.016390	0.086245	0.014853	0.015493	0.018996	0.013111	0.055705	0.012327	
0.294857	0.002035	0.044808	0.008109	0.020409	0.054217	0.166178	0.012546	0.204485	0.011678	0.009108	0.074497	0.009999	0.081296	0.005777	
0.382436	0.002378	0.115222	0.000958	0.015870	0.035404	0.038580	0.019305	0.153070	0.019870	0.019493	0.043037	0.029300	0.106985	0.018092	
0.489380	0.002446	0.134326	0.002515	0.011034	0.035001	0.065739	0.011119	0.061618	0.012354	0.025219	0.031158	0.030319	0.078439	0.009332	
0.251979	0.001644	0.124513	0.000776	0.023083	0.035576	0.037793	0.033662	0.199188	0.033190	0.008262	0.050025	0.043535	0.127554	0.029219	
0.350057	0.002449	0.063147	0.000756	0.012573	0.054066	0.041381	0.021074	0.227184	0.020300	0.014060	0.034733	0.011412	0.123485	0.023323	
0.350782	0.001751	0.087617	0.002706	0.020238	0.039436	0.069042	0.036564	0.141442	0.035386	0.014187	0.039548	0.042787	0.089639	0.028875	
0.326130	0.001820	0.252980	0.000698	0.018963	0.021990	0.039051	0.016264	0.064961	0.018265	0.010270	0.040052	0.054019	0.125333	0.009205	
0.366181	0.002017	0.254282	0.001629	0.020429	0.015015	0.050753	0.018258	0.023602	0.020304	0.014263	0.043938	0.059066	0.104290	0.005973	
0.306922	0.001651	0.195632	0.002152	0.026573	0.017395	0.056773	0.037984	0.070882	0.038119	0.010829	0.049782	0.067056	0.097142	0.021108	
0.491359	0.002695	0.036365	0.000695	0.030299	0.011103	0.013083	0.096408	0.018904	0.091378	0.027241	0.018622	0.085652	0.020402	0.055794	
0.542702	0.004327	0.028458	0.000743	0.027314	0.013884	0.013487	0.094945	0.018675	0.089039	0.028053	0.017871	0.062248	0.017475	0.040779	
0.399949	0.001587	0.017322	0.002141	0.035564	0.020325	0.042768	0.116543	0.032908	0.109444	0.015386	0.012084	0.102455	0.019794	0.071729	
0.419141	0.001587	0.025630	0.003481	0.028066	0.033385	0.073452	0.090290	0.046176	0.084648	0.014970	0.012555	0.079828	0.029842	0.056949	
0.315395	0.003230	0.053826	0.001217	0.031710	0.014060	0.025918	0.052824	0.197862	0.050965	0.021378	0.077172	0.043548	0.082870	0.028024	
0.341746	0.002630	0.052309	0.001157	0.032638	0.014030	0.024970	0.069693	0.144842	0.066689	0.020460	0.057799	0.063275	0.066534	0.041229	
0.307924	0.003769	0.071666	0.002248	0.027766	0.022424	0.049438	0.036360	0.214029	0.035067	0.017699	0.081835	0.022394	0.095651	0.011729	
0.296907	0.003409	0.060705	0.000649	0.018374	0.051628	0.037909	0.040913	0.246122	0.037907	0.006341	0.039532	0.009884	0.127485	0.022235	
0.453000	0.004101	0.063911	0.003245	0.018110	0.037715	0.073211	0.041724	0.113423	0.038928	0.018834	0.039559	0.017424	0.066365	0.010452	
