0.487551	0.000765	0.013524	0.001226	0.015158	0.027450	0.031509	0.216149	0.019233	0.140824	0.005896	0.006912	0.018129	0.010955	0.004720	
0.435554	0.004403	0.065630	0.002076	0.019173	0.034898	0.059556	0.090178	0.067713	0.070776	0.017012	0.027022	0.027117	0.063449	0.015442	
0.478837	0.004100	0.047496	0.000808	0.022064	0.032092	0.044040	0.094735	0.075677	0.078697	0.015057	0.025945	0.019270	0.049718	0.011466	
0.411826	0.008318	0.087694	0.007304	0.008902	0.052114	0.156034	0.031727	0.034631	0.019938	0.027393	0.029497	0.017078	0.096504	0.011041	
0.328543	0.000941	0.096474	0.007646	0.027711	0.023935	0.131493	0.033678	0.123564	0.019078	0.017178	0.084738	0.033829	0.066238	0.004955	
0.440413	0.001192	0.058235	0.012694	0.007271	0.041182	0.213066	0.033919	0.071618	0.008649	0.005749	0.029977	0.022448	0.043972	0.009614	
0.463274	0.000757	0.047211	0.005739	0.026680	0.024557	0.111540	0.041013	0.121392	0.036351	0.008633	0.055256	0.018963	0.033270	0.005365	
0.397778	0.006783	0.105943	0.002633	0.014570	0.046051	0.078770	0.023669	0.106596	0.022443	0.023472	0.032335	0.024818	0.102467	0.011673	
0.343979	0.013156	0.142002	0.001557	0.007573	0.062817	0.082032	0.018949	0.053479	0.016036	0.042714	0.028390	0.020280	0.156184	0.010853	
0.320752	0.000741	0.136314	0.003151	0.015430	0.035336	0.053204	0.018462	0.183641	0.013510	0.007757	0.034654	0.056574	0.096184	0.024291	
0.334299	0.001137	0.147662	0.001293	0.008720	0.042245	0.023954	0.013237	0.201677	0.011925	0.003973	0.008548	0.062403	0.107496	0.031431	
0.237926	0.001757	0.157278	0.001853	0.027588	0.026454	0.035349	0.025482	0.182058	0.019271	0.020469	0.078193	0.057436	0.112580	0.016307	
0.393694	0.004539	0.109193	0.000701	0.016374	0.040576	0.037974	0.033850	0.140291	0.032676	0.016317	0.026269	0.035378	0.094983	0.017184	
0.333880	0.003969	0.133357	0.001077	0.018493	0.038178	0.037061	0.021900	0.158054	0.022356	0.018006	0.039912	0.045723	0.108375	0.019659	
0.372477	0.000960	0.110905	0.001637	0.020987	0.030872	0.037285	0.026962	0.179975	0.027104	0.008115	0.038388	0.045595	0.079444	0.019295	
0.487999	0.001371	0.019501	0.000898	0.040215	0.008341	0.018076	0.090359	0.019510	0.123855	0.005108	0.013989	0.076870	0.018299	0.075610	
0.504214	0.001316	0.020676	0.001326	0.036465	0.013035	0.031426	0.077666	0.049093	0.104553	0.004621	0.017772	0.060362	0.018967	0.058508	
0.475948	0.002074	0.040505	0.002486	0.028047	0.022325	0.052298	0.073576	0.058045	0.085716	0.006982	0.016163	0.052672	0.036235	0.046930	
0.443234	0.002669	0.056492	0.002772	0.027032	0.024306	0.055503	0.065777	0.056200	0.079397	0.009593	0.018091	0.058670	0.049848	0.050416	
0.250579	0.004483	0.139325	0.000990	0.035853	0.022669	0.034041	0.041146	0.125603	0.041513	0.031221	0.092107	0.051357	0.111346	0.017766	
0.306563	0.004908	0.117897	0.002817	0.030375	0.027770	0.065846	0.036882	0.098557	0.039847	0.027583	0.072315	0.046863	0.099571	0.022208	
0.422873	0.003583	0.078150	0.001059	0.030298	0.027113	0.048709	0.034369	0.139761	0.039879	0.018760	0.060994	0.021582	0.067267	0.005605	
0.494830	0.001073	0.048280	0.001044	0.028119	0.024275	0.041243	0.044620	0.150065	0.051390	0.005972	0.037409	0.023034	0.036697	0.011946	
0.449706	0.005557	0.071432	0.001872	0.023021	0.035969	0.067507	0.040102	0.098901	0.043323	0.020485	0.039661	0.019169	0.072573	0.010722	
