0.038619	0.557758	0.019481	0.041012	0.091251	0.222830	0.029050	
0.119388	0.517007	0.083673	0.017007	0.040816	0.033673	0.188435	
0.178228	0.437843	0.050824	0.026786	0.060440	0.132555	0.113324	
0.304899	0.033916	0.081877	0.033916	0.340870	0.069887	0.134635	
0.454238	0.085444	0.085444	0.026342	0.180007	0.149274	0.019250	
0.248551	0.036140	0.207978	0.052847	0.379816	0.031367	0.043300	
0.038253	0.019296	0.083277	0.038253	0.751523	0.033514	0.035884	
0.087091	0.060585	0.050947	0.349742	0.125645	0.116007	0.209983	
0.259426	0.031823	0.058457	0.441024	0.031823	0.116569	0.060879	
0.063763	0.075958	0.039373	0.600348	0.117422	0.071080	0.032056	
0.082495	0.049631	0.030852	0.671697	0.105969	0.026157	0.033199	
0.046919	0.022409	0.213585	0.409664	0.220938	0.059174	0.027311	
0.041900	0.037281	0.055757	0.041900	0.034972	0.764764	0.023425	
0.132275	0.039683	0.134590	0.076720	0.025794	0.500331	0.090608	
0.028438	0.042489	0.112747	0.077618	0.115089	0.473402	0.150217	
0.019669	0.176674	0.034161	0.034161	0.031746	0.111456	0.592133	
0.271978	0.024382	0.026786	0.029190	0.038805	0.019574	0.589286	
0.069388	0.350340	0.017007	0.052721	0.097959	0.050340	0.362245	
0.026850	0.055766	0.022031	0.325645	0.195525	0.034079	0.340103	
0.019481	0.246753	0.363978	0.029050	0.026658	0.050581	0.263500	
0.040914	0.026594	0.332083	0.222298	0.031367	0.033754	0.312990	
0.465404	0.101549	0.154561	0.084682	0.031670	0.137694	0.024441	
0.140782	0.043929	0.453130	0.041508	0.247319	0.036666	0.036666	
0.203647	0.059439	0.161094	0.106721	0.196555	0.040527	0.232016	
