0.060150	0.416610	0.325701	0.017088	0.098428	0.021873	0.060150	
0.095806	0.515854	0.026594	0.062393	0.155472	0.074327	0.069553	
0.033916	0.796506	0.024323	0.033916	0.033916	0.021925	0.055498	
0.593197	0.031293	0.024150	0.036054	0.086054	0.197959	0.031293	
0.549631	0.094232	0.016767	0.211603	0.042589	0.042589	0.042589	
0.500339	0.204130	0.026405	0.121192	0.042993	0.071429	0.033514	
0.659912	0.031071	0.123269	0.042891	0.035799	0.064168	0.042891	
0.026468	0.206990	0.149983	0.178487	0.176111	0.173736	0.088225	
0.031746	0.036577	0.413389	0.176674	0.121118	0.193582	0.026915	
0.053876	0.027112	0.353146	0.139034	0.331248	0.053876	0.041710	
0.026035	0.023698	0.423231	0.135848	0.276035	0.072764	0.042390	
0.117709	0.029689	0.352428	0.261963	0.183723	0.029689	0.024799	
0.042193	0.032890	0.042193	0.032890	0.739867	0.058472	0.051495	
0.025914	0.198007	0.037542	0.232890	0.444518	0.032890	0.028239	
0.063418	0.154539	0.037717	0.215287	0.444259	0.051736	0.033044	
0.024207	0.033754	0.024207	0.040914	0.024207	0.064780	0.787930	
0.026786	0.262363	0.031593	0.026786	0.029190	0.021978	0.601305	
0.036489	0.055766	0.111188	0.026850	0.031670	0.034079	0.703959	
0.082272	0.050947	0.448537	0.024441	0.019621	0.113597	0.260585	
0.052847	0.045687	0.028981	0.568360	0.026594	0.203205	0.074327	
0.040914	0.143539	0.172179	0.305830	0.031367	0.069553	0.236618	
0.063300	0.022138	0.211000	0.135939	0.022138	0.457973	0.087513	
0.069887	0.304899	0.036314	0.081877	0.026721	0.429599	0.050702	
0.086882	0.029190	0.113324	0.046016	0.031593	0.625343	0.067651	
