0.478281	0.014643	0.034641	0.001285	0.038021	0.021836	0.034430	0.137807	0.039648	0.123264	0.007084	0.013210	0.012272	0.036111	0.007468	
0.478106	0.007507	0.087465	0.001237	0.029407	0.014523	0.059152	0.080140	0.077212	0.073689	0.006639	0.029865	0.024932	0.026404	0.003723	
0.489475	0.012422	0.044342	0.001475	0.034897	0.019241	0.034949	0.128476	0.032637	0.116789	0.008296	0.014890	0.023118	0.026341	0.012652	
0.536373	0.001256	0.059426	0.010914	0.006933	0.083084	0.110378	0.024957	0.022722	0.018850	0.072403	0.014455	0.017579	0.017250	0.003419	
0.341675	0.001336	0.089380	0.004047	0.031418	0.032961	0.085637	0.019012	0.130749	0.015454	0.025805	0.095555	0.041359	0.079918	0.005694	
0.471510	0.000961	0.098471	0.006670	0.014498	0.052204	0.091673	0.023074	0.067691	0.020047	0.043586	0.039010	0.029872	0.037026	0.003706	
0.464332	0.000813	0.030473	0.003591	0.027234	0.031402	0.137807	0.012184	0.179216	0.008384	0.022893	0.045041	0.010650	0.022549	0.003432	
0.279685	0.003955	0.104947	0.000745	0.019175	0.044122	0.047362	0.041582	0.181877	0.037717	0.004716	0.026698	0.023197	0.158255	0.025968	
0.343599	0.003987	0.105607	0.003752	0.016457	0.054980	0.053845	0.042830	0.118048	0.037772	0.024647	0.029302	0.025038	0.122975	0.017159	
0.278397	0.001595	0.128534	0.002307	0.011205	0.055699	0.046157	0.024935	0.165100	0.023295	0.015359	0.024659	0.029670	0.165358	0.027728	
0.210840	0.001240	0.134497	0.001175	0.010485	0.058180	0.037091	0.019759	0.203005	0.018738	0.008117	0.024613	0.029669	0.207419	0.035170	
0.248498	0.000861	0.127775	0.004069	0.016407	0.060382	0.055503	0.011497	0.155294	0.008882	0.026986	0.061612	0.035524	0.167280	0.019430	
0.466627	0.004286	0.165711	0.001191	0.015486	0.017360	0.033297	0.062098	0.052274	0.061272	0.006441	0.019483	0.040997	0.045973	0.007504	
0.427980	0.001066	0.185301	0.000818	0.017381	0.009474	0.044651	0.033330	0.082861	0.035783	0.003784	0.049363	0.051293	0.051871	0.005046	
0.442262	0.000844	0.198198	0.000939	0.014928	0.008708	0.036568	0.036391	0.062967	0.039722	0.004530	0.045167	0.056376	0.046084	0.006316	
0.464459	0.004574	0.027164	0.001161	0.027310	0.011807	0.019031	0.115496	0.029227	0.114068	0.006405	0.016285	0.076234	0.025126	0.061653	
0.462174	0.002503	0.028950	0.000843	0.025769	0.009086	0.031087	0.099101	0.054421	0.099843	0.004303	0.018164	0.077468	0.023098	0.063192	
0.480225	0.002993	0.019680	0.000922	0.025117	0.008388	0.019733	0.114108	0.029156	0.114927	0.004814	0.009455	0.084612	0.014496	0.071373	
0.452206	0.002823	0.038086	0.004475	0.020772	0.039142	0.049895	0.077675	0.043759	0.074925	0.028972	0.023227	0.057922	0.041644	0.044478	
0.160782	0.001321	0.165115	0.000784	0.041956	0.008320	0.011800	0.031878	0.116942	0.031724	0.003562	0.161982	0.089478	0.155220	0.019136	
0.340108	0.002014	0.099677	0.002857	0.020500	0.039907	0.052060	0.041063	0.119065	0.038988	0.018359	0.047044	0.044384	0.107236	0.026737	
0.413320	0.001009	0.072696	0.003713	0.024907	0.034637	0.105752	0.016662	0.148979	0.013638	0.023742	0.056408	0.024610	0.054092	0.005835	
0.424736	0.001061	0.064716	0.000671	0.030214	0.010088	0.103134	0.026631	0.176145	0.025547	0.003063	0.054160	0.030224	0.037114	0.012495	
0.405305	0.003604	0.055692	0.002169	0.025203	0.034399	0.093846	0.038508	0.165312	0.033485	0.013658	0.030904	0.014349	0.070872	0.012696	
