0.360678	0.008801	0.031569	0.002486	0.065118	0.038731	0.037450	0.141524	0.057372	0.128272	0.012315	0.033321	0.010490	0.051814	0.020060	
0.448528	0.006502	0.058682	0.000850	0.054987	0.023202	0.042356	0.123922	0.027485	0.113929	0.004939	0.011488	0.020215	0.052391	0.010525	
0.430980	0.006778	0.069791	0.000832	0.059376	0.023001	0.032205	0.129696	0.024103	0.119477	0.006423	0.016003	0.029581	0.043100	0.008655	
0.484349	0.001339	0.048400	0.007426	0.007658	0.050867	0.106172	0.023531	0.049020	0.021206	0.036948	0.029623	0.013604	0.052512	0.067345	
0.336018	0.001570	0.090188	0.005111	0.017172	0.059349	0.088631	0.020321	0.193118	0.018165	0.030268	0.034451	0.031665	0.030708	0.043266	
0.355328	0.004037	0.094561	0.004023	0.011299	0.030868	0.072026	0.017150	0.092385	0.014617	0.022364	0.077242	0.023345	0.143566	0.037188	
0.453854	0.002002	0.040121	0.009392	0.015712	0.064476	0.107113	0.033030	0.046258	0.028803	0.047559	0.034637	0.011872	0.024170	0.081000	
0.349979	0.003687	0.142313	0.000944	0.014223	0.014517	0.059367	0.011189	0.105638	0.009686	0.009729	0.071109	0.034297	0.160122	0.013200	
0.511050	0.001380	0.087635	0.003002	0.005049	0.022840	0.101837	0.011371	0.047000	0.010026	0.014690	0.022902	0.007099	0.117782	0.036338	
0.314339	0.002730	0.127960	0.004135	0.018043	0.041525	0.064549	0.015866	0.142683	0.014213	0.027759	0.065197	0.046401	0.080146	0.034453	
0.289388	0.000857	0.072135	0.002160	0.008619	0.061680	0.100243	0.010107	0.329979	0.009423	0.013025	0.017267	0.020230	0.044480	0.020407	
0.301753	0.001160	0.173026	0.003066	0.026631	0.046142	0.065218	0.011257	0.186475	0.010042	0.026916	0.038977	0.059172	0.025082	0.025082	
0.441398	0.001525	0.167724	0.001851	0.025962	0.019835	0.063808	0.024874	0.050077	0.023104	0.017852	0.027083	0.048798	0.065058	0.021051	
0.402194	0.002123	0.202742	0.000611	0.032147	0.008837	0.025686	0.038286	0.037515	0.037534	0.015868	0.045257	0.084359	0.060625	0.006215	
0.341673	0.001808	0.248520	0.000984	0.043243	0.019396	0.029051	0.027666	0.074345	0.025799	0.022328	0.042027	0.087487	0.027855	0.007819	
0.498276	0.002885	0.039981	0.000600	0.018375	0.014859	0.031397	0.094643	0.061912	0.093667	0.003087	0.018144	0.064494	0.051406	0.006271	
0.536314	0.001985	0.033106	0.001198	0.006538	0.009510	0.027935	0.085822	0.031307	0.087408	0.005580	0.025623	0.076894	0.059704	0.011076	
0.541669	0.001450	0.016512	0.001530	0.009330	0.017876	0.026605	0.099583	0.054692	0.101160	0.007249	0.010368	0.083727	0.016280	0.011969	
0.494869	0.002405	0.036026	0.005088	0.018474	0.040025	0.074660	0.066030	0.043174	0.062866	0.025177	0.019409	0.031958	0.034356	0.045483	
0.267190	0.008028	0.074341	0.000729	0.016381	0.010084	0.028197	0.049712	0.110384	0.045596	0.003522	0.119657	0.029014	0.230318	0.006846	
0.349940	0.004960	0.087529	0.002500	0.012212	0.018844	0.044228	0.037984	0.081965	0.036061	0.014610	0.087774	0.041764	0.157373	0.022256	
0.377755	0.002985	0.043028	0.001929	0.015444	0.039685	0.066592	0.056771	0.185437	0.054565	0.009511	0.028977	0.032591	0.066936	0.017794	
0.293358	0.006197	0.042791	0.001004	0.017345	0.026298	0.035810	0.066468	0.171544	0.063122	0.004373	0.080523	0.037132	0.146751	0.007283	
0.373064	0.002288	0.056236	0.000869	0.016994	0.042593	0.083877	0.045028	0.230352	0.042419	0.004294	0.009864	0.017950	0.062373	0.011800	
