0.026342	0.023978	0.019250	0.045255	0.031071	0.019250	0.834853	
0.045362	0.386594	0.042993	0.154367	0.066689	0.061950	0.242045	
0.036401	0.408997	0.094093	0.101305	0.089286	0.055632	0.214286	
0.826531	0.019388	0.026531	0.021769	0.033673	0.043197	0.028912	
0.244467	0.094232	0.256204	0.289068	0.030852	0.049631	0.035547	
0.398922	0.292790	0.047507	0.040431	0.033356	0.155997	0.030997	
0.343127	0.045255	0.506248	0.021614	0.038163	0.023978	0.021614	
0.026468	0.347133	0.038344	0.043095	0.028843	0.354259	0.161860	
0.189337	0.024265	0.041012	0.031442	0.026658	0.543404	0.143882	
0.090592	0.041812	0.193031	0.119861	0.080836	0.412544	0.061324	
0.047284	0.044936	0.129443	0.021462	0.030852	0.688129	0.037894	
0.136601	0.031978	0.039277	0.691345	0.027112	0.031978	0.041710	
0.056277	0.056277	0.028305	0.454878	0.039960	0.240426	0.123876	
0.051857	0.131482	0.042489	0.253262	0.101037	0.391435	0.028438	
0.035053	0.171627	0.041997	0.525794	0.048942	0.141534	0.035053	
0.036140	0.052847	0.033754	0.126833	0.694852	0.031367	0.024207	
0.057897	0.232956	0.019527	0.026721	0.559096	0.019527	0.084275	
0.048420	0.033997	0.036401	0.026786	0.745536	0.055632	0.053228	
0.135410	0.033514	0.031144	0.031144	0.507448	0.130670	0.130670	
0.070924	0.023866	0.275630	0.186218	0.320336	0.092101	0.030924	
0.100340	0.083673	0.140816	0.245578	0.236054	0.145578	0.047959	
0.185886	0.050947	0.629260	0.026850	0.029260	0.058176	0.019621	
0.038712	0.288112	0.446386	0.017129	0.086674	0.089072	0.033916	
0.081487	0.048074	0.449028	0.019434	0.062393	0.250938	0.088646	
