0.021614	0.038163	0.038163	0.016886	0.016886	0.839581	0.028707	
0.040719	0.435019	0.035969	0.263997	0.026468	0.024092	0.173736	
0.026915	0.640442	0.198413	0.034161	0.022084	0.055901	0.022084	
0.794600	0.024265	0.043404	0.029050	0.024265	0.036227	0.048189	
0.484971	0.106721	0.045255	0.243837	0.035799	0.040527	0.042891	
0.352151	0.070224	0.060585	0.091910	0.183477	0.036489	0.205164	
0.739057	0.026468	0.038344	0.035969	0.033593	0.050221	0.076349	
0.031218	0.090601	0.083475	0.026468	0.665422	0.059722	0.043095	
0.060732	0.024500	0.024500	0.053485	0.766046	0.043823	0.026915	
0.027112	0.226625	0.024678	0.049009	0.450469	0.190129	0.031978	
0.037894	0.035547	0.030852	0.044936	0.681087	0.134138	0.035547	
0.145978	0.029473	0.039182	0.233356	0.463939	0.039182	0.048890	
0.064995	0.344441	0.025734	0.083471	0.355988	0.051138	0.074233	
0.039960	0.319680	0.093573	0.398934	0.042291	0.021312	0.084249	
0.058745	0.523698	0.058745	0.170895	0.128838	0.030708	0.028371	
0.028843	0.028843	0.477774	0.019342	0.019342	0.021717	0.404140	
0.028981	0.048074	0.312990	0.026594	0.019434	0.024207	0.539720	
0.038435	0.031293	0.759864	0.026531	0.028912	0.088435	0.026531	
0.137779	0.026405	0.033514	0.035884	0.040623	0.424509	0.301286	
0.121479	0.033593	0.107228	0.546658	0.024092	0.045470	0.121479	
0.043929	0.109305	0.133518	0.453130	0.116569	0.102041	0.041508	
0.391123	0.034327	0.116852	0.165395	0.099861	0.039182	0.153259	
0.106625	0.034161	0.055901	0.186335	0.031746	0.087302	0.497930	
0.435326	0.033435	0.049983	0.116177	0.061803	0.168186	0.135089	
