0.042891	0.049983	0.021614	0.787572	0.026342	0.035799	0.035799	
0.024092	0.183237	0.026468	0.273498	0.078724	0.119104	0.294876	
0.029402	0.145624	0.022138	0.346593	0.094777	0.094777	0.266690	
0.208476	0.232399	0.107997	0.036227	0.064935	0.024265	0.325701	
0.328943	0.028707	0.104357	0.035799	0.057075	0.028707	0.416413	
0.304899	0.072285	0.127441	0.033916	0.033916	0.026721	0.400822	
0.294454	0.113277	0.026218	0.028571	0.485042	0.021513	0.030924	
0.019250	0.492063	0.142182	0.035799	0.170550	0.099629	0.040527	
0.055366	0.770677	0.067327	0.026658	0.031442	0.026658	0.021873	
0.146333	0.061175	0.482099	0.029545	0.212026	0.031978	0.036844	
0.119772	0.147876	0.527267	0.021412	0.133824	0.023754	0.026096	
0.127178	0.022300	0.417422	0.027178	0.332056	0.032056	0.041812	
0.044007	0.317570	0.138259	0.356650	0.032512	0.030213	0.080788	
0.053821	0.186379	0.221262	0.098007	0.028239	0.030565	0.381728	
0.042489	0.037805	0.232185	0.047173	0.208765	0.028438	0.403145	
0.031442	0.021873	0.093643	0.029050	0.031442	0.758715	0.033835	
0.029190	0.187843	0.024382	0.048420	0.026786	0.481113	0.202266	
0.231293	0.026531	0.028912	0.043197	0.088435	0.540816	0.040816	
0.215978	0.045362	0.054841	0.118822	0.024035	0.505078	0.035884	
0.048074	0.176952	0.255711	0.019434	0.344016	0.114899	0.040914	
0.083277	0.099865	0.263372	0.042993	0.232566	0.187542	0.090386	
0.618931	0.147049	0.088369	0.039469	0.041914	0.041914	0.022354	
0.336094	0.031746	0.164596	0.038992	0.123533	0.041408	0.263630	
0.395137	0.300574	0.206011	0.021614	0.021614	0.031071	0.023978	
