0.191827	0.390409	0.080716	0.023978	0.033435	0.019250	0.260385	
0.024150	0.545578	0.059864	0.047959	0.259864	0.036054	0.026531	
0.026786	0.509959	0.125343	0.031593	0.130151	0.029190	0.146978	
0.424150	0.017007	0.038435	0.119388	0.255102	0.057483	0.088435	
0.436658	0.073450	0.045148	0.042790	0.030997	0.330526	0.040431	
0.453167	0.106469	0.030997	0.049865	0.097035	0.179582	0.082884	
0.259864	0.028912	0.021769	0.052721	0.038435	0.147959	0.450340	
0.093420	0.126833	0.071940	0.472895	0.124446	0.057620	0.052847	
0.063454	0.039182	0.036755	0.480929	0.189667	0.034327	0.155687	
0.193031	0.054007	0.093031	0.436934	0.032056	0.097909	0.093031	
0.112747	0.023754	0.061224	0.548344	0.084644	0.131482	0.037805	
0.214460	0.027112	0.027112	0.562391	0.031978	0.095238	0.041710	
0.146503	0.192907	0.037454	0.383162	0.083858	0.053696	0.102420	
0.028371	0.170895	0.030708	0.476969	0.177904	0.063418	0.051736	
0.061081	0.257343	0.021362	0.404539	0.035381	0.163885	0.056409	
0.026721	0.029120	0.626242	0.041110	0.192189	0.050702	0.033916	
0.021925	0.053100	0.750942	0.021925	0.108256	0.021925	0.021925	
0.029120	0.069887	0.659815	0.026721	0.089072	0.031518	0.093868	
0.043197	0.026531	0.036054	0.038435	0.183673	0.045578	0.626531	
0.019342	0.071598	0.071598	0.083475	0.180862	0.544282	0.028843	
0.116452	0.102234	0.078538	0.111713	0.114083	0.339201	0.137779	
0.149860	0.034664	0.064076	0.054272	0.125350	0.500350	0.071429	
0.087302	0.229814	0.154934	0.065562	0.029331	0.413389	0.019669	
0.106625	0.024500	0.043823	0.203244	0.244306	0.251553	0.125949	
