0.392883	0.005332	0.023669	0.001147	0.053432	0.012389	0.035633	0.222661	0.029966	0.165910	0.011980	0.016197	0.011914	0.013397	0.003491	
0.476290	0.005165	0.080905	0.003495	0.034124	0.046384	0.035545	0.099261	0.036478	0.082705	0.010880	0.023343	0.032250	0.026325	0.006848	
0.463156	0.004728	0.043595	0.003432	0.041748	0.045098	0.021016	0.157373	0.029715	0.121479	0.005843	0.013588	0.019367	0.021957	0.007904	
0.531961	0.001154	0.027168	0.006351	0.007755	0.086466	0.115292	0.012708	0.078079	0.009369	0.038875	0.043181	0.011371	0.022646	0.007623	
0.317351	0.004727	0.123128	0.000822	0.024944	0.008469	0.114434	0.034465	0.127179	0.022765	0.029424	0.075698	0.044616	0.067710	0.004266	
0.456285	0.003446	0.084740	0.002124	0.018341	0.026778	0.094335	0.019649	0.082093	0.035031	0.030634	0.047576	0.051330	0.039659	0.007979	
0.440332	0.001899	0.025729	0.001205	0.020108	0.013114	0.114599	0.064428	0.087528	0.069672	0.041330	0.041011	0.037146	0.030568	0.011330	
0.262856	0.001607	0.119007	0.000878	0.010732	0.008788	0.036357	0.020515	0.199877	0.030691	0.011476	0.019368	0.033775	0.167473	0.076599	
0.377491	0.001127	0.068856	0.003525	0.006382	0.046331	0.102797	0.011710	0.150074	0.010175	0.036268	0.036574	0.011851	0.093811	0.043029	
0.277355	0.002953	0.131504	0.000820	0.012181	0.008297	0.079803	0.012537	0.176400	0.016449	0.028006	0.035763	0.028701	0.132189	0.057042	
0.339609	0.001480	0.115686	0.004415	0.007305	0.059194	0.012406	0.009740	0.176842	0.010861	0.002107	0.010000	0.016990	0.158321	0.075044	
0.273760	0.002554	0.113978	0.000861	0.012740	0.008720	0.094884	0.021522	0.177975	0.019053	0.031931	0.042497	0.024376	0.124092	0.051057	
0.411497	0.009421	0.212205	0.000658	0.036322	0.007370	0.039357	0.035202	0.037983	0.043427	0.013389	0.039282	0.066547	0.042307	0.005034	
0.442356	0.007495	0.191046	0.003081	0.027689	0.041514	0.017971	0.014972	0.057267	0.024188	0.003350	0.031195	0.056837	0.063883	0.017156	
0.375222	0.006975	0.173772	0.001780	0.031610	0.022698	0.027998	0.044893	0.082213	0.041985	0.004401	0.038069	0.053044	0.076256	0.019083	
0.646204	0.001090	0.017583	0.004154	0.016450	0.055027	0.016094	0.022658	0.025191	0.073622	0.003202	0.013587	0.082300	0.016537	0.006301	
0.658781	0.000968	0.017239	0.002330	0.016717	0.029038	0.012690	0.013040	0.020095	0.086994	0.003223	0.012254	0.107653	0.013751	0.005228	
0.504352	0.002225	0.028374	0.003806	0.025606	0.050122	0.045505	0.078335	0.060623	0.077553	0.009888	0.030617	0.043798	0.032800	0.006395	
0.461388	0.001873	0.054093	0.003990	0.015486	0.052929	0.062012	0.042006	0.096081	0.044810	0.020907	0.025147	0.028003	0.062848	0.028425	
0.156987	0.000948	0.068013	0.002122	0.025055	0.025805	0.109318	0.065740	0.239495	0.010923	0.002420	0.116012	0.030895	0.139921	0.006346	
0.279312	0.002055	0.087869	0.000736	0.017672	0.006632	0.105065	0.032602	0.175771	0.025421	0.024974	0.068075	0.040629	0.107161	0.026026	
0.297742	0.001229	0.051423	0.002394	0.019564	0.029878	0.117250	0.050818	0.171729	0.024092	0.022289	0.083050	0.029723	0.089805	0.009014	
0.404286	0.002388	0.057609	0.000740	0.027578	0.006537	0.027962	0.080633	0.102838	0.091876	0.004022	0.026758	0.061836	0.078266	0.026669	
0.336124	0.001107	0.063978	0.003829	0.017292	0.050378	0.072860	0.037144	0.166255	0.018447	0.006311	0.067589	0.033917	0.105466	0.019301	
