0.446795	0.000974	0.021385	0.000953	0.052213	0.034771	0.032202	0.122180	0.045810	0.155797	0.016408	0.006425	0.015285	0.014079	0.034723	
0.458499	0.003520	0.085343	0.001223	0.031318	0.012390	0.025593	0.108716	0.031752	0.102119	0.005835	0.018832	0.059041	0.052297	0.003523	
0.473682	0.002958	0.029361	0.001918	0.047305	0.014701	0.031970	0.134428	0.024096	0.144251	0.010029	0.009736	0.038454	0.030710	0.006400	
0.464582	0.001402	0.089732	0.010764	0.010685	0.055899	0.132194	0.012153	0.039948	0.014814	0.041030	0.014112	0.008353	0.088336	0.015996	
0.430533	0.002423	0.085473	0.008524	0.018742	0.039092	0.104987	0.026261	0.121824	0.021486	0.029507	0.051972	0.023944	0.031432	0.003800	
0.457861	0.002744	0.076845	0.009278	0.015078	0.041338	0.113721	0.030526	0.073130	0.023642	0.032475	0.031038	0.023599	0.063548	0.005179	
0.375716	0.002668	0.046453	0.007466	0.026187	0.045985	0.112162	0.013959	0.196747	0.018906	0.031242	0.070144	0.006950	0.025163	0.020251	
0.366393	0.003504	0.111090	0.000708	0.019545	0.029541	0.054295	0.044015	0.084341	0.039186	0.011228	0.027658	0.041336	0.138230	0.028930	
0.340834	0.001971	0.149145	0.002383	0.018787	0.035664	0.077432	0.018104	0.055399	0.021393	0.016436	0.017816	0.022374	0.194647	0.027614	
0.384189	0.001397	0.108222	0.000928	0.012595	0.058809	0.050260	0.023950	0.131723	0.036247	0.022152	0.037122	0.032767	0.039665	0.059974	
0.369100	0.001626	0.100195	0.000613	0.014036	0.059009	0.052389	0.020884	0.146655	0.033962	0.021909	0.040637	0.029694	0.046605	0.062685	
0.361734	0.002180	0.083924	0.002011	0.019972	0.050495	0.062597	0.023003	0.181226	0.031921	0.021475	0.058698	0.026942	0.027029	0.046794	
0.407800	0.000880	0.240961	0.001213	0.006269	0.023145	0.018950	0.037527	0.058548	0.024090	0.004825	0.043542	0.073630	0.054593	0.004025	
0.404741	0.002069	0.195461	0.000737	0.014165	0.017282	0.023412	0.055415	0.049099	0.042301	0.003437	0.034409	0.067989	0.085436	0.004048	
0.386796	0.001682	0.199773	0.001018	0.013887	0.020957	0.024141	0.041838	0.104239	0.030287	0.004686	0.056658	0.066202	0.042421	0.005415	
0.467374	0.006930	0.053213	0.000740	0.017602	0.006474	0.033477	0.103997	0.033565	0.071872	0.003446	0.015137	0.080033	0.101644	0.004495	
0.548673	0.008149	0.022737	0.000641	0.010758	0.004934	0.013614	0.134809	0.012987	0.091179	0.002695	0.008754	0.105819	0.031157	0.003094	
0.506204	0.005829	0.019216	0.000691	0.009164	0.036705	0.030934	0.094984	0.058858	0.076936	0.015316	0.010750	0.074206	0.018848	0.041359	
0.393868	0.001457	0.049889	0.002271	0.011957	0.079024	0.081683	0.014032	0.108820	0.038510	0.034947	0.011151	0.007321	0.079768	0.085305	
0.233436	0.004383	0.081342	0.000731	0.046270	0.007432	0.074889	0.030239	0.227577	0.029465	0.003665	0.086097	0.013850	0.155423	0.005201	
0.358667	0.004098	0.059059	0.001215	0.023628	0.036162	0.065251	0.041579	0.140550	0.040783	0.015890	0.041654	0.031351	0.102045	0.038069	
0.267009	0.003953	0.046384	0.001670	0.040450	0.027422	0.079925	0.022890	0.261093	0.028858	0.013453	0.090551	0.009868	0.080776	0.025698	
0.335810	0.005930	0.036627	0.000924	0.036922	0.008134	0.052424	0.064945	0.219971	0.049879	0.004301	0.084336	0.045402	0.049170	0.005226	
0.297707	0.003031	0.070037	0.000986	0.031891	0.038840	0.076784	0.023540	0.166631	0.035391	0.016724	0.048648	0.009392	0.137854	0.042544	
