0.566650	0.001475	0.018648	0.001055	0.041717	0.013355	0.065086	0.045474	0.014746	0.086908	0.003995	0.006473	0.013282	0.012890	0.108246	
0.433756	0.008275	0.122859	0.000733	0.025379	0.015710	0.015246	0.136884	0.024692	0.072931	0.009396	0.010468	0.051703	0.062748	0.009218	
0.375885	0.017969	0.028660	0.000994	0.011185	0.029492	0.018919	0.271235	0.023952	0.151699	0.018365	0.010449	0.013651	0.020185	0.007361	
0.534718	0.001021	0.014186	0.013288	0.005696	0.088716	0.214872	0.012569	0.023035	0.012392	0.043170	0.010191	0.007788	0.013371	0.004989	
0.377869	0.001918	0.079562	0.005105	0.021371	0.041616	0.112337	0.031643	0.120953	0.023042	0.020069	0.056357	0.023748	0.071444	0.012967	
0.408281	0.004744	0.061158	0.006439	0.009836	0.058596	0.111074	0.070973	0.083446	0.044288	0.029274	0.026231	0.017190	0.055230	0.013241	
0.339323	0.001010	0.049149	0.006414	0.022373	0.045650	0.151284	0.012447	0.163681	0.015040	0.021720	0.086562	0.012587	0.067837	0.004923	
0.306375	0.003324	0.125435	0.001240	0.010453	0.042455	0.024268	0.050508	0.162436	0.040877	0.021027	0.035165	0.035186	0.114125	0.027126	
0.364961	0.001158	0.112782	0.002722	0.014977	0.044401	0.055810	0.022791	0.133943	0.028442	0.021028	0.029821	0.027911	0.098172	0.041080	
0.305626	0.000844	0.144636	0.001408	0.011594	0.043378	0.028447	0.015314	0.174173	0.020042	0.020782	0.036879	0.036978	0.127156	0.032742	
0.263517	0.001385	0.148818	0.000503	0.009681	0.042783	0.016235	0.022233	0.200623	0.023360	0.020551	0.043612	0.032218	0.138223	0.036258	
0.295968	0.000916	0.138091	0.001975	0.011021	0.045791	0.041441	0.015521	0.180112	0.017189	0.021950	0.042824	0.031292	0.125221	0.030688	
0.422576	0.002376	0.140912	0.000702	0.027345	0.019667	0.023322	0.050081	0.073943	0.037613	0.009391	0.019107	0.050242	0.088877	0.033845	
0.486131	0.000815	0.168368	0.001670	0.032935	0.014001	0.029941	0.029546	0.029693	0.017923	0.006802	0.010385	0.075157	0.085174	0.011458	
0.375192	0.003690	0.144888	0.001286	0.021460	0.026093	0.027429	0.063990	0.097096	0.035373	0.013330	0.028650	0.050710	0.097773	0.013039	
0.631607	0.001258	0.011650	0.000710	0.042557	0.005271	0.012406	0.016138	0.019164	0.112295	0.002779	0.007701	0.121321	0.010183	0.004961	
0.595299	0.004276	0.011507	0.000789	0.036896	0.009932	0.012426	0.062066	0.015047	0.122021	0.005738	0.005183	0.103462	0.009224	0.006134	
0.507658	0.006984	0.019064	0.001621	0.028872	0.020183	0.036561	0.105441	0.036217	0.113599	0.011014	0.016422	0.061895	0.018925	0.015544	
0.575064	0.000810	0.018869	0.003352	0.035130	0.025284	0.077264	0.020584	0.026921	0.076436	0.011167	0.011624	0.051679	0.016319	0.049497	
0.293641	0.001696	0.115634	0.000799	0.034585	0.010443	0.066998	0.031764	0.177462	0.021383	0.004662	0.093151	0.036332	0.101709	0.009741	
0.313223	0.002864	0.115531	0.001696	0.017260	0.035048	0.045084	0.044005	0.161431	0.035341	0.017299	0.052103	0.037105	0.105101	0.016909	
0.296503	0.002508	0.057594	0.001711	0.032929	0.017840	0.092597	0.039662	0.189166	0.042243	0.008013	0.100392	0.017639	0.078628	0.022575	
0.269018	0.009219	0.047585	0.000902	0.024924	0.018748	0.064755	0.137220	0.161341	0.083343	0.010543	0.087229	0.013075	0.066014	0.006085	
0.325404	0.000843	0.056635	0.002572	0.033492	0.021249	0.103885	0.014539	0.181893	0.032618	0.009312	0.096407	0.022654	0.076154	0.022342	
