0.021769	0.026531	0.843197	0.024150	0.021769	0.036054	0.026531	
0.033754	0.239004	0.129219	0.038527	0.028981	0.100580	0.429935	
0.026721	0.216170	0.077081	0.021925	0.031518	0.031518	0.595067	
0.113052	0.633436	0.026721	0.045906	0.057897	0.074683	0.048304	
0.706908	0.023810	0.044936	0.037894	0.061368	0.068410	0.056673	
0.244414	0.332092	0.033514	0.154367	0.097495	0.088016	0.050102	
0.254454	0.030924	0.021513	0.400336	0.042689	0.028571	0.221513	
0.028912	0.214626	0.024150	0.593197	0.055102	0.067007	0.017007	
0.045796	0.335270	0.129528	0.387902	0.019481	0.062543	0.019481	
0.024678	0.036844	0.039277	0.667014	0.039277	0.141467	0.051442	
0.030780	0.154901	0.028438	0.611576	0.037805	0.084644	0.051857	
0.036934	0.032056	0.063763	0.727178	0.046690	0.046690	0.046690	
0.028174	0.072257	0.139543	0.074577	0.025853	0.629102	0.030494	
0.021262	0.095681	0.032890	0.046844	0.065449	0.595681	0.142193	
0.056409	0.040053	0.035381	0.135848	0.058745	0.460614	0.212951	
0.024382	0.033997	0.033997	0.041209	0.620536	0.033997	0.211882	
0.031670	0.079862	0.034079	0.026850	0.764200	0.019621	0.043718	
0.064935	0.021873	0.038619	0.026658	0.237184	0.067327	0.543404	
0.036054	0.076531	0.114626	0.155102	0.309864	0.112245	0.195578	
0.071598	0.237869	0.026468	0.297251	0.161860	0.069223	0.135731	
0.078538	0.377116	0.016926	0.230196	0.173324	0.047732	0.076168	
0.455335	0.146333	0.031978	0.034411	0.124435	0.034411	0.173097	
0.220152	0.241891	0.026915	0.147688	0.065562	0.106625	0.191166	
0.394065	0.261215	0.024500	0.048654	0.094548	0.092133	0.084886	
