0.709023	0.000790	0.021033	0.000830	0.035503	0.016324	0.054952	0.046695	0.015022	0.064622	0.002845	0.007121	0.009581	0.009720	0.005939	
0.518422	0.000862	0.081050	0.001603	0.038212	0.037685	0.039722	0.072934	0.024267	0.073982	0.006808	0.022913	0.043934	0.015701	0.021904	
0.431060	0.001582	0.127551	0.000762	0.045266	0.020606	0.017603	0.092188	0.038040	0.076537	0.004922	0.033415	0.064236	0.032175	0.014058	
0.470757	0.000686	0.098451	0.010763	0.011661	0.047097	0.142122	0.013070	0.048039	0.030581	0.044899	0.035597	0.008401	0.009813	0.028062	
0.413146	0.000933	0.097895	0.007667	0.010960	0.007798	0.119774	0.041440	0.112674	0.029340	0.032477	0.058854	0.027299	0.034207	0.005537	
0.429278	0.001446	0.131650	0.013034	0.006414	0.005870	0.160157	0.017628	0.073369	0.014020	0.055952	0.046921	0.013754	0.025256	0.005251	
0.422625	0.001345	0.072808	0.004651	0.015666	0.047980	0.102777	0.014231	0.122800	0.034466	0.020589	0.054933	0.009563	0.046244	0.029324	
0.559638	0.002877	0.053670	0.002170	0.028222	0.033464	0.062613	0.032482	0.057087	0.052736	0.012911	0.015671	0.013968	0.051509	0.020982	
0.377855	0.005402	0.084003	0.001904	0.019121	0.030798	0.062506	0.024385	0.142771	0.035897	0.017124	0.037582	0.022589	0.113053	0.025007	
0.149973	0.013540	0.127844	0.000945	0.008733	0.020116	0.030856	0.021152	0.224825	0.018243	0.029569	0.022669	0.043911	0.255087	0.032537	
0.205753	0.011339	0.115679	0.000642	0.015224	0.045612	0.029734	0.019679	0.185557	0.030807	0.023904	0.020198	0.038665	0.213134	0.044075	
0.345946	0.005108	0.123013	0.003568	0.024191	0.032164	0.064329	0.028411	0.116885	0.037668	0.023647	0.037943	0.029811	0.101109	0.026207	
0.447954	0.001703	0.143681	0.001242	0.047868	0.015542	0.031260	0.060439	0.050381	0.062618	0.007038	0.040808	0.042154	0.036698	0.010613	
0.398416	0.001861	0.162597	0.000869	0.050173	0.010103	0.020089	0.075242	0.056279	0.066224	0.005931	0.046099	0.055953	0.041750	0.008413	
0.412213	0.001074	0.176130	0.000949	0.055327	0.008697	0.020651	0.070969	0.045987	0.066561	0.004684	0.050523	0.052120	0.027795	0.006319	
0.475185	0.000680	0.032589	0.000756	0.023032	0.010897	0.022378	0.153962	0.042382	0.092916	0.003137	0.020455	0.096535	0.018106	0.006989	
0.495352	0.000766	0.016873	0.000831	0.021127	0.010930	0.015635	0.174199	0.021292	0.102109	0.003636	0.008363	0.108637	0.013116	0.007134	
0.482045	0.001492	0.023746	0.000763	0.023623	0.051433	0.027139	0.117801	0.032966	0.090592	0.004735	0.009421	0.074955	0.027458	0.031832	
0.466129	0.002087	0.027703	0.000819	0.028529	0.144851	0.050208	0.012698	0.039010	0.074992	0.006078	0.008630	0.011814	0.038965	0.087486	
0.310706	0.005633	0.118259	0.001360	0.025049	0.019756	0.040811	0.052571	0.139244	0.044523	0.015514	0.042116	0.047226	0.117238	0.019993	
0.179290	0.012364	0.113765	0.000765	0.009611	0.021140	0.025331	0.042657	0.201730	0.029706	0.026502	0.018858	0.055027	0.231823	0.031431	
0.294409	0.000798	0.060994	0.000987	0.004117	0.005038	0.108628	0.010975	0.284229	0.009505	0.004236	0.118190	0.007904	0.086213	0.003777	
0.337423	0.001608	0.059097	0.000865	0.009415	0.010252	0.089421	0.028149	0.232053	0.023780	0.005301	0.092340	0.018937	0.083608	0.007751	
0.388474	0.001419	0.041483	0.000659	0.017571	0.081277	0.076914	0.009497	0.155475	0.044331	0.004078	0.060646	0.008089	0.060850	0.049237	
