0.053228	0.687843	0.036401	0.130151	0.024382	0.038805	0.029190	
0.040527	0.352584	0.023978	0.232016	0.068896	0.177643	0.104357	
0.058316	0.478606	0.026915	0.159765	0.026915	0.084886	0.164596	
0.841571	0.033514	0.026405	0.026405	0.028775	0.021666	0.021666	
0.228035	0.056673	0.023810	0.040241	0.265594	0.305500	0.080148	
0.329722	0.035884	0.021666	0.230196	0.083277	0.275220	0.024035	
0.234380	0.031071	0.047619	0.047619	0.057075	0.555893	0.026342	
0.078912	0.143197	0.464626	0.038435	0.119388	0.086054	0.069388	
0.274382	0.190247	0.305632	0.041209	0.127747	0.029190	0.031593	
0.192094	0.111997	0.527046	0.068308	0.034327	0.031900	0.034327	
0.070427	0.049399	0.670895	0.030708	0.037717	0.047063	0.093792	
0.249129	0.032056	0.393031	0.019861	0.234495	0.044251	0.027178	
0.035216	0.235216	0.049169	0.521262	0.086379	0.039867	0.032890	
0.044518	0.025914	0.060797	0.616611	0.160797	0.072425	0.018937	
0.030780	0.033121	0.019070	0.691201	0.143192	0.047173	0.035463	
0.048189	0.107997	0.107997	0.021873	0.041012	0.021873	0.651059	
0.036314	0.043508	0.031518	0.079479	0.029120	0.110654	0.669407	
0.053356	0.038898	0.038898	0.026850	0.026850	0.070224	0.744923	
0.200340	0.136054	0.043197	0.019388	0.133673	0.024150	0.443197	
0.035630	0.049748	0.030924	0.028571	0.640336	0.033277	0.181513	
0.135410	0.123561	0.102234	0.024035	0.275220	0.109343	0.230196	
0.193115	0.072633	0.096730	0.079862	0.067814	0.462995	0.026850	
0.034244	0.026980	0.053615	0.026980	0.097198	0.644414	0.116569	
0.064168	0.274569	0.057075	0.090172	0.144546	0.319487	0.049983	
