0.705352	0.001116	0.012298	0.001068	0.018470	0.007549	0.040148	0.064633	0.017627	0.072222	0.003959	0.011489	0.029821	0.010410	0.003839	
0.521044	0.004647	0.032736	0.000822	0.023220	0.026047	0.025443	0.122493	0.037998	0.103035	0.013647	0.025146	0.045783	0.011665	0.006273	
0.537274	0.005480	0.022073	0.000971	0.016794	0.028260	0.022277	0.129457	0.040995	0.108852	0.007833	0.018852	0.035343	0.019346	0.006196	
0.516634	0.000957	0.015041	0.012567	0.033472	0.103433	0.206309	0.013147	0.020383	0.012452	0.031662	0.007598	0.008518	0.013251	0.004577	
0.355812	0.004201	0.083093	0.004525	0.028837	0.044841	0.097680	0.027468	0.135094	0.024623	0.025213	0.049762	0.034914	0.077411	0.006528	
0.457056	0.002433	0.070581	0.006509	0.022032	0.066034	0.112315	0.044359	0.057688	0.038792	0.018119	0.019453	0.019288	0.054739	0.010603	
0.411834	0.004507	0.032473	0.009154	0.025173	0.075452	0.160437	0.010992	0.121517	0.011111	0.024354	0.031637	0.008110	0.069305	0.003945	
0.407452	0.002723	0.124891	0.001124	0.020806	0.031235	0.036057	0.065600	0.078105	0.056267	0.014383	0.036579	0.041148	0.072911	0.010719	
0.382767	0.001056	0.166528	0.003143	0.014247	0.046300	0.065274	0.019762	0.089096	0.020648	0.010384	0.030523	0.022448	0.112774	0.015050	
0.309079	0.002067	0.177557	0.001388	0.020079	0.030590	0.047854	0.017946	0.132464	0.018521	0.015688	0.050522	0.038338	0.122087	0.015818	
0.261061	0.002052	0.231334	0.000744	0.006080	0.035608	0.027434	0.015462	0.142653	0.015102	0.003951	0.043168	0.022988	0.169455	0.022908	
0.263743	0.000900	0.117716	0.000975	0.072144	0.007771	0.082542	0.013189	0.135096	0.012997	0.062092	0.100102	0.114760	0.012022	0.003952	
0.353455	0.001137	0.201747	0.000779	0.008609	0.033391	0.027345	0.028864	0.099031	0.028424	0.004073	0.033385	0.025706	0.134589	0.019466	
0.299993	0.001026	0.206248	0.001240	0.017367	0.036528	0.039367	0.025258	0.107449	0.023083	0.013172	0.043277	0.038165	0.126496	0.021329	
0.326531	0.001985	0.163875	0.000637	0.026892	0.026927	0.037166	0.043055	0.105695	0.037214	0.020910	0.051797	0.052981	0.090280	0.014054	
0.485474	0.000847	0.018891	0.000656	0.026520	0.009381	0.018572	0.115523	0.030392	0.114938	0.006226	0.012032	0.068228	0.011728	0.080592	
0.524682	0.002242	0.015639	0.000644	0.020136	0.015100	0.014606	0.125610	0.024479	0.118703	0.002927	0.008286	0.053886	0.013894	0.059167	
0.498057	0.000719	0.015883	0.001087	0.024990	0.012836	0.023152	0.114790	0.024326	0.114582	0.004889	0.008030	0.064164	0.011608	0.080889	
0.503934	0.001166	0.022984	0.002862	0.025785	0.026742	0.055413	0.087396	0.036190	0.087789	0.010251	0.013025	0.050803	0.019474	0.056187	
0.291907	0.005532	0.074703	0.000834	0.031262	0.009477	0.048694	0.043140	0.188720	0.043068	0.022771	0.067659	0.057708	0.087842	0.026682	
0.333578	0.004912	0.068165	0.001144	0.032608	0.012557	0.052651	0.047555	0.162714	0.046468	0.023785	0.062415	0.057660	0.071743	0.022043	
0.253040	0.010332	0.057598	0.002940	0.010782	0.025476	0.074394	0.017247	0.279876	0.017581	0.010610	0.069075	0.009667	0.156410	0.004972	
0.369868	0.007266	0.043310	0.001025	0.013614	0.016376	0.033717	0.074699	0.169283	0.069022	0.005981	0.044099	0.030795	0.094921	0.026025	
0.320569	0.007696	0.048586	0.004361	0.015811	0.036928	0.091569	0.023884	0.212122	0.024760	0.013339	0.052811	0.014635	0.119960	0.012972	
