0.414474	0.005227	0.045677	0.000814	0.046639	0.030065	0.023150	0.151990	0.037787	0.149248	0.004879	0.009475	0.031139	0.043856	0.005581	
0.534557	0.006822	0.049797	0.003275	0.033784	0.028758	0.014738	0.093862	0.031395	0.089013	0.006266	0.027882	0.034221	0.014437	0.031191	
0.495686	0.006130	0.027552	0.002007	0.044198	0.031632	0.011679	0.140156	0.022679	0.136474	0.005287	0.014300	0.030666	0.013573	0.017981	
0.497749	0.002039	0.027706	0.007024	0.017559	0.070537	0.064153	0.011411	0.117105	0.010884	0.037451	0.034931	0.007881	0.023375	0.070192	
0.283437	0.002103	0.093714	0.000801	0.025258	0.042814	0.099044	0.027209	0.183503	0.025128	0.030004	0.064069	0.027602	0.089790	0.005523	
0.400010	0.004736	0.089802	0.001692	0.024735	0.040271	0.069791	0.025980	0.133172	0.021732	0.026613	0.061158	0.031977	0.053530	0.014802	
0.360072	0.000937	0.047051	0.001062	0.025756	0.070505	0.090775	0.032773	0.164733	0.031390	0.050230	0.047932	0.026312	0.042156	0.008317	
0.284724	0.003011	0.193473	0.003071	0.010119	0.015632	0.069787	0.022404	0.104733	0.020214	0.004319	0.021481	0.047889	0.169964	0.029178	
0.270913	0.001440	0.180316	0.003633	0.008289	0.026352	0.079254	0.016918	0.119259	0.016126	0.011541	0.016802	0.042945	0.171181	0.035030	
0.246859	0.000973	0.139912	0.000801	0.018394	0.059123	0.100709	0.015452	0.164158	0.014669	0.042677	0.033142	0.032535	0.124948	0.005649	
0.309131	0.001413	0.133055	0.002160	0.015960	0.040600	0.076876	0.034721	0.121732	0.033444	0.024393	0.021908	0.041907	0.122966	0.019735	
0.278932	0.001311	0.112421	0.000644	0.022089	0.071818	0.101389	0.013544	0.170476	0.012543	0.052678	0.039933	0.025443	0.092755	0.004025	
0.389336	0.005693	0.140423	0.001755	0.023184	0.015339	0.042544	0.060092	0.069113	0.055486	0.003588	0.030174	0.048520	0.099289	0.015464	
0.415976	0.006744	0.156516	0.001592	0.018556	0.009601	0.041960	0.036123	0.072429	0.029903	0.003352	0.043361	0.055653	0.094431	0.013803	
0.477669	0.008029	0.114615	0.000715	0.025987	0.015393	0.034219	0.046911	0.070374	0.039284	0.009139	0.057636	0.052843	0.042523	0.004663	
0.567097	0.003169	0.024794	0.001945	0.023141	0.015430	0.009606	0.109851	0.020663	0.104860	0.002725	0.014893	0.072897	0.011475	0.017454	
0.585832	0.001799	0.019896	0.001731	0.016424	0.011165	0.010076	0.103298	0.021552	0.098083	0.002924	0.013418	0.087934	0.010601	0.015268	
0.550828	0.000951	0.020196	0.000914	0.017109	0.010899	0.017581	0.108605	0.034258	0.103793	0.004297	0.013579	0.090714	0.019493	0.006783	
0.526282	0.002274	0.066550	0.006985	0.009686	0.025923	0.031290	0.044853	0.050812	0.042820	0.002954	0.012381	0.044029	0.063371	0.069791	
0.220381	0.001671	0.084677	0.000779	0.029034	0.016437	0.110234	0.043397	0.216281	0.041678	0.008547	0.084144	0.024781	0.112805	0.005153	
0.378406	0.002886	0.100157	0.002463	0.019432	0.025950	0.063707	0.044614	0.113603	0.041664	0.012729	0.039970	0.043555	0.088059	0.022804	
0.257172	0.001839	0.082473	0.004195	0.022982	0.017582	0.110130	0.015377	0.218020	0.014599	0.003470	0.086547	0.009263	0.115760	0.040591	
0.332028	0.003863	0.087944	0.000776	0.026391	0.014815	0.082360	0.040048	0.165880	0.035828	0.009053	0.078938	0.038160	0.078725	0.005191	
0.306513	0.001566	0.076985	0.003617	0.020796	0.017808	0.094154	0.029025	0.184103	0.027605	0.004983	0.071087	0.024745	0.102364	0.034649	
