0.019388	0.078912	0.067007	0.107483	0.043197	0.655102	0.028912	
0.040816	0.640816	0.100340	0.026531	0.045578	0.047959	0.097959	
0.031218	0.777061	0.059722	0.026468	0.033593	0.047845	0.024092	
0.059864	0.019388	0.262245	0.019388	0.036054	0.024150	0.578912	
0.191375	0.106469	0.028639	0.141846	0.122978	0.035714	0.372978	
0.121479	0.159484	0.076349	0.066848	0.047845	0.019342	0.508653	
0.169748	0.040336	0.026218	0.040336	0.061513	0.023866	0.637983	
0.094900	0.085444	0.144546	0.049983	0.031071	0.572442	0.021614	
0.033673	0.028912	0.236054	0.440816	0.021769	0.155102	0.083673	
0.022138	0.039087	0.106883	0.569353	0.031823	0.041508	0.189208	
0.105969	0.026157	0.188129	0.413481	0.059021	0.152918	0.054326	
0.156446	0.061324	0.034495	0.222300	0.024739	0.080836	0.419861	
0.032512	0.269294	0.064696	0.365846	0.025616	0.198030	0.044007	
0.025914	0.237542	0.051495	0.360797	0.079402	0.170100	0.074751	
0.049169	0.446844	0.039867	0.293355	0.037542	0.023588	0.109635	
0.033916	0.031518	0.079479	0.017129	0.631038	0.163412	0.043508	
0.017253	0.099379	0.063147	0.019669	0.737060	0.031746	0.031746	
0.026786	0.026786	0.156593	0.029190	0.695055	0.019574	0.046016	
0.028912	0.019388	0.328912	0.174150	0.350340	0.026531	0.071769	
0.508612	0.023978	0.021614	0.047619	0.239108	0.123269	0.035799	
0.102041	0.160152	0.092356	0.225527	0.174680	0.128675	0.116569	
0.561494	0.038712	0.244947	0.017129	0.043508	0.043508	0.050702	
0.410415	0.254539	0.029120	0.024323	0.105858	0.096266	0.079479	
0.336856	0.024207	0.494374	0.024207	0.069553	0.028981	0.021821	
