0.060150	0.385509	0.074504	0.029050	0.311347	0.079289	0.060150	
0.088646	0.398909	0.246164	0.038527	0.021821	0.145926	0.060007	
0.043508	0.762933	0.062693	0.024323	0.021925	0.031518	0.053100	
0.536054	0.031293	0.186054	0.074150	0.024150	0.093197	0.055102	
0.608317	0.098927	0.030852	0.138833	0.028504	0.040241	0.054326	
0.494401	0.173736	0.073974	0.168985	0.021717	0.028843	0.038344	
0.581513	0.019160	0.139160	0.068571	0.110924	0.030924	0.049748	
0.038435	0.147959	0.195578	0.159864	0.152721	0.221769	0.083673	
0.048654	0.019669	0.266046	0.128364	0.328847	0.181504	0.026915	
0.053876	0.019812	0.031978	0.078206	0.416406	0.336114	0.063608	
0.037717	0.019025	0.035381	0.112483	0.469960	0.292390	0.033044	
0.195948	0.034579	0.029689	0.156829	0.342648	0.215508	0.024799	
0.051495	0.042193	0.035216	0.039867	0.037542	0.735216	0.058472	
0.035216	0.237542	0.035216	0.060797	0.025914	0.579402	0.025914	
0.156876	0.128838	0.035381	0.119493	0.023698	0.500334	0.035381	
0.029120	0.033916	0.057897	0.057897	0.024323	0.017129	0.779719	
0.026786	0.235920	0.053228	0.029190	0.026786	0.019574	0.608516	
0.026721	0.048304	0.060295	0.029120	0.101062	0.026721	0.707777	
0.087091	0.031670	0.188296	0.031670	0.518417	0.019621	0.123236	
0.074327	0.036140	0.091033	0.625639	0.024207	0.060007	0.088646	
0.060007	0.143539	0.060007	0.351176	0.179339	0.038527	0.167405	
0.063300	0.029402	0.189208	0.411968	0.211000	0.034244	0.060879	
0.041110	0.338472	0.036314	0.465570	0.033916	0.024323	0.060295	
0.048420	0.029190	0.435440	0.226305	0.144574	0.033997	0.082074	
