0.031071	0.808848	0.049983	0.028707	0.028707	0.031071	0.021614	
0.174565	0.410842	0.045687	0.179339	0.091033	0.038527	0.060007	
0.065091	0.453580	0.062693	0.192189	0.144227	0.029120	0.053100	
0.477561	0.137033	0.189791	0.029120	0.021925	0.026721	0.117849	
0.220196	0.028707	0.158730	0.250929	0.059439	0.054711	0.227288	
0.028639	0.026280	0.335243	0.231469	0.049865	0.099394	0.229111	
0.045255	0.019250	0.737926	0.057075	0.035799	0.031071	0.073624	
0.028571	0.125042	0.063866	0.115630	0.092101	0.520336	0.054454	
0.026658	0.033835	0.160629	0.024265	0.038619	0.378332	0.337662	
0.024559	0.043929	0.271532	0.031823	0.051193	0.503978	0.072985	
0.018981	0.168165	0.205461	0.021312	0.016650	0.461871	0.107559	
0.228502	0.027046	0.148405	0.196949	0.022191	0.301318	0.075589	
0.044007	0.057800	0.050903	0.264696	0.039409	0.492282	0.050903	
0.044312	0.021164	0.046627	0.535053	0.030423	0.176257	0.146164	
0.044518	0.025914	0.037542	0.730565	0.028239	0.109635	0.023588	
0.036140	0.095806	0.043300	0.040914	0.711558	0.028981	0.043300	
0.031367	0.024207	0.026594	0.174565	0.680532	0.026594	0.036140	
0.112782	0.038619	0.148667	0.026658	0.624744	0.024265	0.024265	
0.045796	0.026658	0.529050	0.036227	0.270677	0.029050	0.062543	
0.328912	0.033673	0.047959	0.038435	0.043197	0.045578	0.462245	
0.293897	0.100580	0.148312	0.045687	0.076713	0.036140	0.298670	
0.048304	0.031518	0.184995	0.069887	0.141829	0.033916	0.489551	
0.043718	0.026850	0.055766	0.231670	0.099139	0.031670	0.511188	
0.041012	0.024265	0.230007	0.064935	0.048189	0.041012	0.550581	
