0.043508	0.021925	0.122645	0.019527	0.026721	0.726961	0.038712	
0.145926	0.038527	0.019434	0.191272	0.124446	0.401296	0.079100	
0.033997	0.033997	0.055632	0.026786	0.041209	0.683036	0.125343	
0.682803	0.035884	0.028775	0.159106	0.021666	0.040623	0.031144	
0.333669	0.042589	0.033199	0.026157	0.413481	0.101274	0.049631	
0.423142	0.069223	0.069223	0.223617	0.119104	0.059722	0.035969	
0.598446	0.035799	0.052347	0.040527	0.215468	0.033435	0.023978	
0.033673	0.302721	0.312245	0.036054	0.126531	0.133673	0.055102	
0.067814	0.602754	0.118417	0.087091	0.041308	0.043718	0.038898	
0.051821	0.206232	0.488095	0.083683	0.054272	0.078782	0.037115	
0.049284	0.198468	0.625042	0.016650	0.032967	0.046953	0.030636	
0.117422	0.063763	0.475958	0.032056	0.263763	0.022300	0.024739	
0.042193	0.093355	0.109635	0.486379	0.035216	0.200332	0.032890	
0.051495	0.111960	0.037542	0.546844	0.193355	0.025914	0.032890	
0.051857	0.028438	0.051857	0.599866	0.215791	0.028438	0.023754	
0.041110	0.029120	0.041110	0.029120	0.036314	0.062693	0.760534	
0.060150	0.029050	0.050581	0.050581	0.062543	0.031442	0.715653	
0.067814	0.031670	0.022031	0.024441	0.019621	0.041308	0.793115	
0.045362	0.396073	0.028775	0.026405	0.040623	0.076168	0.386594	
0.057075	0.106721	0.123269	0.023978	0.532253	0.026342	0.130361	
0.040623	0.327353	0.130670	0.016926	0.289438	0.045362	0.149628	
0.477233	0.053876	0.117136	0.097671	0.141467	0.056309	0.056309	
0.036577	0.038992	0.031746	0.118703	0.628364	0.031746	0.113872	
0.463695	0.130361	0.201283	0.040527	0.075988	0.052347	0.035799	
