0.038619	0.397471	0.041012	0.021873	0.299385	0.019481	0.182160	
0.031518	0.659815	0.029120	0.089072	0.096266	0.055498	0.038712	
0.098193	0.491988	0.088646	0.067167	0.172179	0.036140	0.045687	
0.024323	0.038712	0.470367	0.184995	0.055498	0.021925	0.204180	
0.578538	0.057211	0.035884	0.026405	0.161476	0.090386	0.050102	
0.272417	0.050460	0.327310	0.122059	0.060007	0.040914	0.126833	
0.082689	0.021513	0.748571	0.033277	0.028571	0.047395	0.037983	
0.043718	0.152151	0.190706	0.159380	0.094320	0.275043	0.084682	
0.026980	0.041508	0.407126	0.065721	0.118990	0.295745	0.043929	
0.112544	0.036934	0.054007	0.019861	0.041812	0.507666	0.227178	
0.117706	0.021462	0.185781	0.035547	0.037894	0.436955	0.164655	
0.056446	0.019861	0.036934	0.034495	0.041812	0.449129	0.361324	
0.034972	0.028044	0.046519	0.032662	0.783240	0.046519	0.028044	
0.104497	0.023479	0.030423	0.208664	0.486442	0.125331	0.021164	
0.033121	0.101037	0.098695	0.077618	0.344597	0.307126	0.037805	
0.017253	0.553485	0.038992	0.167012	0.157350	0.017253	0.048654	
0.050702	0.513532	0.156218	0.170606	0.050702	0.026721	0.031518	
0.040816	0.476531	0.090816	0.062245	0.064626	0.017007	0.247959	
0.031670	0.255766	0.026850	0.120826	0.029260	0.029260	0.506368	
0.050581	0.323308	0.048189	0.296992	0.064935	0.179768	0.036227	
0.079670	0.185440	0.033997	0.276786	0.038805	0.267170	0.118132	
0.400842	0.032292	0.110916	0.118287	0.160056	0.101088	0.076518	
0.235355	0.067489	0.060295	0.472765	0.060295	0.033916	0.069887	
0.241472	0.035799	0.163458	0.354948	0.073624	0.026342	0.104357	
