0.703274	0.009613	0.017900	0.000818	0.013668	0.006120	0.048173	0.053638	0.020502	0.056949	0.003733	0.008077	0.033379	0.015129	0.009028	
0.511858	0.012598	0.042893	0.000605	0.031245	0.024267	0.011964	0.118303	0.039838	0.093337	0.010568	0.020589	0.044870	0.031150	0.005915	
0.528564	0.012309	0.035839	0.000915	0.028681	0.026674	0.018304	0.118795	0.035640	0.094295	0.006946	0.015246	0.045488	0.026026	0.006279	
0.396976	0.001018	0.036938	0.007737	0.016734	0.058040	0.132229	0.013278	0.188262	0.014172	0.018225	0.069847	0.012958	0.026820	0.006767	
0.352201	0.001440	0.107738	0.004530	0.023931	0.036706	0.087147	0.023222	0.149457	0.026670	0.026574	0.068985	0.030038	0.058114	0.003247	
0.413565	0.001695	0.099909	0.004775	0.014268	0.041743	0.099612	0.025180	0.121651	0.030408	0.014389	0.046798	0.031809	0.048847	0.005352	
0.394455	0.000930	0.019860	0.008626	0.017862	0.062289	0.141430	0.010666	0.206224	0.010188	0.019817	0.077530	0.008112	0.017431	0.004579	
0.384874	0.007641	0.079987	0.000779	0.019084	0.038923	0.036486	0.071125	0.090239	0.057622	0.007046	0.014804	0.029738	0.109567	0.052083	
0.283889	0.002585	0.111462	0.000979	0.008691	0.047879	0.060625	0.020730	0.138796	0.020931	0.006227	0.014231	0.015518	0.176493	0.090964	
0.312211	0.001883	0.126204	0.001418	0.015485	0.036847	0.059160	0.026459	0.124889	0.029379	0.014036	0.030440	0.028668	0.136639	0.056285	
0.223454	0.000981	0.122183	0.001264	0.006973	0.055759	0.066832	0.016026	0.156748	0.016157	0.004960	0.013342	0.014035	0.198045	0.103240	
0.207353	0.002688	0.171343	0.001059	0.047862	0.008644	0.022617	0.020923	0.177706	0.022713	0.058049	0.111694	0.031571	0.110956	0.004821	
0.447786	0.004493	0.149085	0.000681	0.014655	0.020761	0.047528	0.050724	0.042573	0.055368	0.009983	0.017575	0.050343	0.077115	0.011330	
0.372943	0.001481	0.192824	0.000586	0.013771	0.020935	0.052059	0.033720	0.057021	0.044982	0.013969	0.024082	0.053546	0.102787	0.015295	
0.352896	0.001546	0.201499	0.000639	0.020404	0.015455	0.046116	0.032479	0.068317	0.043624	0.023023	0.041397	0.054406	0.094981	0.003217	
0.515332	0.001084	0.018451	0.000541	0.038385	0.005503	0.011633	0.136944	0.021337	0.123814	0.003997	0.008450	0.092396	0.016709	0.005424	
0.541671	0.005088	0.016162	0.000540	0.035199	0.010973	0.011431	0.137031	0.016365	0.119291	0.002988	0.006397	0.079565	0.013131	0.004167	
0.498696	0.001148	0.037056	0.000809	0.033747	0.009888	0.021847	0.119763	0.030832	0.110142	0.004522	0.010361	0.084242	0.028276	0.008670	
0.392323	0.002174	0.069197	0.000767	0.019509	0.030719	0.041445	0.068695	0.086273	0.063577	0.003462	0.008214	0.046646	0.109825	0.057175	
0.254210	0.001367	0.129392	0.001886	0.044316	0.016243	0.032803	0.045180	0.158579	0.042552	0.044162	0.089997	0.042897	0.088919	0.007498	
0.295866	0.002694	0.126176	0.000990	0.037048	0.016935	0.028962	0.047155	0.132782	0.044892	0.034891	0.068007	0.041112	0.101332	0.021159	
0.384197	0.000858	0.022816	0.008271	0.018440	0.061367	0.136479	0.012681	0.204920	0.011745	0.019766	0.075757	0.009247	0.024860	0.008596	
0.416561	0.001183	0.083247	0.003880	0.021805	0.033279	0.078744	0.048569	0.108845	0.049528	0.014905	0.043954	0.044779	0.044951	0.005769	
0.367670	0.001390	0.046036	0.006335	0.015616	0.057178	0.116244	0.017258	0.181593	0.016585	0.015303	0.057702	0.012767	0.060512	0.027811	
