0.024265	0.029050	0.706083	0.024265	0.146275	0.029050	0.041012	
0.050460	0.038527	0.597000	0.136379	0.031367	0.036140	0.110126	
0.050824	0.048420	0.452266	0.231113	0.026786	0.065247	0.125343	
0.086674	0.667009	0.024323	0.029120	0.026721	0.134635	0.031518	
0.172915	0.120905	0.021614	0.042891	0.064168	0.513340	0.064168	
0.179582	0.302224	0.073450	0.167790	0.075809	0.163073	0.038073	
0.033277	0.237983	0.019160	0.045042	0.023866	0.576807	0.063866	
0.118541	0.035799	0.045255	0.052347	0.586626	0.054711	0.106721	
0.064626	0.231293	0.024150	0.031293	0.588435	0.038435	0.021769	
0.092356	0.172259	0.031823	0.145624	0.365963	0.152888	0.039087	
0.046953	0.035298	0.023643	0.028305	0.569098	0.256743	0.039960	
0.088153	0.210105	0.027178	0.166202	0.317422	0.163763	0.027178	
0.028371	0.023698	0.257343	0.308745	0.320427	0.026035	0.035381	
0.125331	0.044312	0.021164	0.583664	0.166997	0.032738	0.025794	
0.037542	0.044518	0.044518	0.723588	0.021262	0.086379	0.042193	
0.040719	0.019342	0.035969	0.038344	0.026468	0.026468	0.812691	
0.031218	0.057346	0.026468	0.028843	0.016966	0.021717	0.817441	
0.041110	0.072285	0.026721	0.017129	0.017129	0.206578	0.619048	
0.026405	0.213609	0.035884	0.019296	0.374746	0.016926	0.313135	
0.637779	0.066689	0.035884	0.111713	0.019296	0.028775	0.099865	
0.300103	0.204180	0.024323	0.024323	0.194587	0.146626	0.105858	
0.626850	0.219621	0.022031	0.034079	0.034079	0.036489	0.026850	
0.575882	0.045906	0.036314	0.024323	0.031518	0.218568	0.067489	
0.394136	0.119673	0.033754	0.024207	0.021821	0.384589	0.021821	
