0.023978	0.049983	0.038163	0.042891	0.023978	0.775751	0.045255	
0.278912	0.245578	0.045578	0.031293	0.038435	0.286054	0.074150	
0.307108	0.217736	0.029331	0.022084	0.092133	0.210490	0.121118	
0.031442	0.318524	0.031442	0.024265	0.062543	0.029050	0.502734	
0.239108	0.035799	0.260385	0.054711	0.090172	0.045255	0.274569	
0.284699	0.118822	0.038253	0.031144	0.142519	0.033514	0.351049	
0.125042	0.030924	0.412101	0.030924	0.033277	0.035630	0.332101	
0.392263	0.024092	0.071598	0.316254	0.088225	0.021717	0.085850	
0.034079	0.267814	0.026850	0.258176	0.058176	0.075043	0.279862	
0.065721	0.046351	0.039087	0.402283	0.022138	0.089934	0.334486	
0.026157	0.181087	0.063716	0.638833	0.023810	0.028504	0.037894	
0.325533	0.039469	0.068809	0.279078	0.041914	0.027244	0.217953	
0.028044	0.030353	0.159683	0.051138	0.030353	0.637743	0.062686	
0.326673	0.144855	0.025974	0.165834	0.051615	0.252081	0.032967	
0.328203	0.051857	0.063566	0.091669	0.133824	0.274339	0.056541	
0.021821	0.556427	0.298670	0.031367	0.036140	0.028981	0.026594	
0.176952	0.520627	0.160245	0.019434	0.024207	0.036140	0.062393	
0.050702	0.194587	0.173004	0.031518	0.273724	0.168208	0.108256	
0.067327	0.280246	0.119959	0.091251	0.038619	0.072112	0.330485	
0.030924	0.162689	0.033277	0.035630	0.673277	0.042689	0.021513	
0.236054	0.024150	0.067007	0.028912	0.357483	0.019388	0.267007	
0.022191	0.160541	0.517337	0.044036	0.041609	0.019764	0.194521	
0.277453	0.062995	0.417212	0.041308	0.123236	0.053356	0.024441	
0.026658	0.165414	0.387902	0.127136	0.112782	0.103213	0.076897	
