0.410201	0.010818	0.029987	0.000749	0.028652	0.055579	0.026032	0.214498	0.028356	0.137282	0.003482	0.011592	0.012132	0.024998	0.005643	
0.470379	0.006365	0.028028	0.001599	0.023004	0.040551	0.042823	0.136015	0.041279	0.104849	0.007943	0.010140	0.037650	0.038996	0.010378	
0.410118	0.006991	0.059054	0.000920	0.028508	0.037932	0.027862	0.143985	0.077659	0.099683	0.005035	0.030363	0.028461	0.036462	0.006967	
0.516416	0.000846	0.022851	0.009851	0.005982	0.087165	0.234274	0.012758	0.024770	0.012148	0.034223	0.009928	0.009988	0.014858	0.003942	
0.358350	0.001476	0.098362	0.004705	0.027197	0.044175	0.109426	0.023211	0.150002	0.024574	0.019405	0.069138	0.035045	0.027439	0.007496	
0.489753	0.001013	0.037032	0.005833	0.009977	0.051504	0.146345	0.028599	0.093625	0.017854	0.021709	0.020392	0.017528	0.051679	0.007157	
0.292870	0.000814	0.093173	0.005405	0.030714	0.047508	0.125507	0.010326	0.218330	0.009310	0.021562	0.095270	0.033071	0.012624	0.003518	
0.339709	0.003500	0.108157	0.001208	0.021742	0.018517	0.029438	0.035934	0.140805	0.036797	0.017079	0.041608	0.038397	0.125200	0.041906	
0.413540	0.002610	0.131820	0.003699	0.018526	0.037810	0.084930	0.018356	0.052791	0.028827	0.021766	0.027491	0.030764	0.095281	0.031788	
0.165824	0.006389	0.116975	0.000996	0.017731	0.024446	0.019254	0.022564	0.190693	0.021422	0.031680	0.042755	0.024864	0.223365	0.091042	
0.226125	0.005840	0.093701	0.001059	0.016228	0.023788	0.023938	0.033238	0.176366	0.028880	0.028027	0.034643	0.027246	0.201803	0.079118	
0.238869	0.004650	0.107813	0.002544	0.017192	0.032545	0.057485	0.015139	0.168731	0.015786	0.029976	0.043330	0.024078	0.173503	0.068358	
0.452922	0.001848	0.198262	0.000785	0.029168	0.011119	0.019178	0.033671	0.047728	0.040391	0.004821	0.044490	0.039566	0.066970	0.009082	
0.444990	0.001205	0.221820	0.001414	0.031084	0.013623	0.029649	0.014219	0.035515	0.033893	0.007329	0.050772	0.044266	0.060348	0.009875	
0.403933	0.001749	0.187731	0.001950	0.031694	0.021158	0.043592	0.026394	0.079546	0.034858	0.009233	0.060324	0.039995	0.049605	0.008239	
0.592403	0.000979	0.034602	0.000602	0.025335	0.006449	0.011485	0.065457	0.024852	0.103059	0.002727	0.011104	0.097777	0.019236	0.003932	
0.589418	0.001372	0.024324	0.000856	0.025269	0.010641	0.016895	0.072021	0.021169	0.107888	0.003739	0.009471	0.097653	0.014954	0.004330	
0.541221	0.003093	0.021665	0.001516	0.022981	0.024183	0.035496	0.089825	0.031470	0.101896	0.007316	0.008724	0.073570	0.028206	0.008838	
0.391975	0.004114	0.050501	0.002015	0.013625	0.026939	0.045118	0.039625	0.086374	0.055399	0.024024	0.007818	0.050951	0.143784	0.057739	
0.297165	0.002353	0.096671	0.001538	0.032749	0.018268	0.032449	0.033508	0.201514	0.043877	0.014340	0.078308	0.058461	0.064137	0.024662	
0.296677	0.005183	0.077689	0.001222	0.019159	0.024262	0.025394	0.044142	0.136311	0.050401	0.023931	0.029791	0.044513	0.157105	0.064221	
0.312224	0.001191	0.110605	0.002160	0.034989	0.020364	0.050665	0.029188	0.219382	0.030498	0.010808	0.092711	0.049300	0.030602	0.005311	
0.445110	0.001604	0.045286	0.000694	0.015373	0.008468	0.037994	0.063635	0.205302	0.023451	0.003666	0.039019	0.016635	0.089683	0.004081	
0.384136	0.003465	0.071771	0.003803	0.022820	0.045162	0.092736	0.061226	0.121291	0.043896	0.017274	0.045548	0.025936	0.048011	0.012925	
