0.441776	0.008276	0.017698	0.000648	0.032197	0.041207	0.033249	0.102606	0.021086	0.156290	0.002771	0.008111	0.007889	0.014620	0.111577	
0.417968	0.002722	0.075099	0.001191	0.037840	0.030523	0.041397	0.103589	0.038384	0.065374	0.006357	0.063314	0.035004	0.055323	0.025913	
0.395637	0.003681	0.061303	0.000765	0.049215	0.027733	0.033075	0.139488	0.020245	0.085631	0.003370	0.076343	0.023257	0.036237	0.044019	
0.380628	0.004806	0.074954	0.005604	0.007410	0.030412	0.098350	0.010924	0.165542	0.029309	0.035773	0.012357	0.044346	0.093950	0.005636	
0.306124	0.005517	0.085997	0.006489	0.020828	0.015921	0.101633	0.048687	0.180490	0.030088	0.041363	0.038586	0.034724	0.078658	0.004895	
0.335216	0.004625	0.107680	0.004786	0.018155	0.022535	0.086115	0.043472	0.137329	0.045170	0.030165	0.030318	0.037258	0.085237	0.011940	
0.403723	0.003225	0.062145	0.003216	0.028207	0.020029	0.055768	0.060230	0.153111	0.031777	0.020941	0.054584	0.043043	0.045090	0.014911	
0.329291	0.001514	0.125737	0.000997	0.016448	0.053352	0.067832	0.026463	0.111658	0.029769	0.006559	0.031957	0.035592	0.145399	0.017433	
0.243191	0.001227	0.137060	0.000942	0.014775	0.075123	0.093636	0.021900	0.107883	0.014563	0.006091	0.030288	0.023618	0.215987	0.013715	
0.392414	0.002213	0.101453	0.001578	0.021920	0.014983	0.031512	0.023839	0.211845	0.029890	0.012083	0.045051	0.048065	0.035142	0.028010	
0.381525	0.001775	0.104008	0.000770	0.018654	0.034898	0.041135	0.020342	0.169941	0.031781	0.006347	0.036218	0.042987	0.080325	0.029294	
0.286820	0.004109	0.109068	0.004723	0.019965	0.005166	0.068834	0.016022	0.286983	0.011950	0.032633	0.044505	0.040082	0.050988	0.018152	
0.437021	0.002055	0.131496	0.001223	0.017238	0.029557	0.043769	0.041969	0.056004	0.064105	0.006937	0.027942	0.049503	0.073787	0.017392	
0.457617	0.001268	0.149367	0.001097	0.010548	0.030142	0.043332	0.021945	0.053810	0.057562	0.006152	0.019671	0.057690	0.082147	0.007651	
0.473726	0.001308	0.130982	0.001007	0.025728	0.011747	0.022848	0.062479	0.058224	0.061559	0.005666	0.049584	0.057512	0.027746	0.009886	
0.577553	0.000934	0.028222	0.000731	0.030852	0.031981	0.025210	0.082473	0.022507	0.045489	0.003397	0.059648	0.059169	0.026529	0.005307	
0.627923	0.001560	0.054480	0.000849	0.006214	0.039367	0.031472	0.016266	0.024154	0.062152	0.004236	0.006332	0.069421	0.042802	0.012773	
0.527366	0.002953	0.026490	0.000843	0.032790	0.033966	0.029593	0.092153	0.024719	0.073409	0.004085	0.049332	0.043715	0.025704	0.032880	
0.462840	0.004790	0.045656	0.000848	0.023780	0.040302	0.037963	0.063490	0.063507	0.094661	0.004832	0.019687	0.031295	0.043921	0.062426	
0.288134	0.003714	0.067458	0.004255	0.042219	0.025378	0.082815	0.107580	0.129659	0.023244	0.026700	0.082477	0.024968	0.085829	0.005571	
0.347385	0.003989	0.096261	0.004132	0.015348	0.031417	0.083983	0.029893	0.150035	0.034750	0.026448	0.027101	0.038630	0.097716	0.012911	
0.341794	0.003139	0.064165	0.003592	0.040049	0.022301	0.067981	0.099433	0.124968	0.025898	0.022614	0.079231	0.032930	0.065811	0.006095	
0.361533	0.003397	0.091286	0.003777	0.036493	0.012310	0.062289	0.094675	0.105963	0.042129	0.023389	0.070146	0.038368	0.048612	0.005633	
0.342669	0.003959	0.094784	0.003908	0.010836	0.045207	0.094364	0.021500	0.127571	0.035650	0.024653	0.016242	0.035711	0.129294	0.013653	
