0.031367	0.284350	0.100580	0.052847	0.036140	0.465735	0.028981	
0.047959	0.528912	0.031293	0.209864	0.055102	0.059864	0.067007	
0.026468	0.788938	0.024092	0.040719	0.028843	0.059722	0.031218	
0.055102	0.028912	0.026531	0.026531	0.024150	0.262245	0.576531	
0.153639	0.085243	0.045148	0.080526	0.108827	0.026280	0.500337	
0.109603	0.171361	0.073974	0.024092	0.050221	0.045470	0.525280	
0.056807	0.042689	0.026218	0.042689	0.052101	0.030924	0.748571	
0.028571	0.179160	0.534454	0.052101	0.042689	0.110924	0.052101	
0.036054	0.043197	0.588435	0.076531	0.024150	0.171769	0.059864	
0.053615	0.053615	0.666205	0.041508	0.048772	0.034244	0.102041	
0.033121	0.033121	0.503847	0.075276	0.213449	0.077618	0.063566	
0.063454	0.029473	0.262483	0.332871	0.029473	0.031900	0.250347	
0.032512	0.223317	0.124466	0.501478	0.025616	0.057800	0.034811	
0.035216	0.093355	0.246844	0.432890	0.072425	0.067774	0.051495	
0.039867	0.125914	0.035216	0.663123	0.028239	0.042193	0.065449	
0.043508	0.036314	0.019527	0.110654	0.623844	0.146626	0.019527	
0.024500	0.113872	0.017253	0.026915	0.746722	0.041408	0.029331	
0.033997	0.029190	0.021978	0.019574	0.771978	0.058036	0.065247	
0.024150	0.024150	0.217007	0.024150	0.517007	0.109864	0.083673	
0.567714	0.026342	0.054711	0.026342	0.146910	0.099629	0.078352	
0.109305	0.077828	0.237634	0.152888	0.213421	0.123833	0.085092	
0.719767	0.029120	0.031518	0.041110	0.017129	0.115450	0.045906	
0.441590	0.249743	0.036314	0.045906	0.089072	0.024323	0.113052	
0.432322	0.040914	0.036140	0.031367	0.062393	0.355950	0.040914	
