0.028843	0.024092	0.736681	0.031218	0.031218	0.033593	0.114354	
0.024150	0.038435	0.352721	0.281293	0.088435	0.188435	0.026531	
0.062843	0.026786	0.538805	0.192651	0.113324	0.041209	0.024382	
0.024035	0.050102	0.038253	0.021666	0.028775	0.031144	0.806026	
0.165822	0.142182	0.045255	0.241472	0.033435	0.064168	0.307666	
0.051979	0.089537	0.040241	0.131791	0.026157	0.033199	0.627096	
0.312394	0.158730	0.023978	0.033435	0.109085	0.035799	0.326579	
0.232016	0.049983	0.035799	0.135089	0.045255	0.470787	0.031071	
0.200340	0.050340	0.045578	0.028912	0.090816	0.467007	0.117007	
0.508820	0.039087	0.058457	0.031823	0.031823	0.298167	0.031823	
0.247419	0.039960	0.018981	0.028305	0.032967	0.613387	0.018981	
0.402787	0.039373	0.032056	0.339373	0.032056	0.027178	0.127178	
0.096128	0.033044	0.500334	0.023698	0.030708	0.280708	0.035381	
0.026096	0.021412	0.318836	0.358648	0.051857	0.206424	0.016728	
0.167395	0.030924	0.372101	0.296807	0.030924	0.049748	0.052101	
0.028981	0.045687	0.045687	0.031367	0.787930	0.031367	0.028981	
0.019621	0.026850	0.050947	0.022031	0.805164	0.034079	0.041308	
0.021873	0.029050	0.036227	0.301777	0.359193	0.222830	0.029050	
0.106974	0.024035	0.035884	0.026405	0.505078	0.185173	0.116452	
0.234380	0.052347	0.045255	0.440054	0.125633	0.068896	0.033435	
0.227071	0.048074	0.036140	0.394136	0.219911	0.040914	0.033754	
0.243718	0.549742	0.026850	0.038898	0.036489	0.026850	0.077453	
0.043718	0.752151	0.034079	0.041308	0.050947	0.058176	0.019621	
0.079289	0.378332	0.067327	0.043404	0.041012	0.342447	0.048189	
