0.443468	0.004860	0.073013	0.000664	0.024514	0.015726	0.031127	0.100873	0.028681	0.096044	0.003210	0.008543	0.053483	0.076759	0.039035	
0.471821	0.004734	0.063400	0.000951	0.031443	0.014621	0.023606	0.094075	0.048365	0.095571	0.005036	0.032617	0.057524	0.043641	0.012593	
0.463379	0.004862	0.067898	0.000665	0.037235	0.018898	0.013930	0.104872	0.053365	0.115431	0.003023	0.029629	0.067122	0.015406	0.004285	
0.473285	0.001485	0.048023	0.008232	0.016984	0.058049	0.167921	0.015474	0.069262	0.008550	0.055833	0.024616	0.012503	0.035077	0.004707	
0.305288	0.003533	0.073557	0.006353	0.022841	0.050676	0.133164	0.036849	0.115210	0.020013	0.042665	0.058823	0.031074	0.087684	0.012269	
0.389686	0.002134	0.104984	0.004187	0.023497	0.032125	0.097758	0.025214	0.076470	0.027016	0.027461	0.049891	0.027427	0.086322	0.025829	
0.342592	0.001271	0.072733	0.008300	0.016965	0.085646	0.168642	0.014823	0.159497	0.012290	0.056183	0.014660	0.019719	0.020884	0.005796	
0.393028	0.000910	0.127662	0.000747	0.005407	0.035196	0.041186	0.011282	0.167877	0.009790	0.003262	0.013281	0.016572	0.115039	0.058760	
0.406852	0.000913	0.138133	0.001300	0.006032	0.021948	0.062611	0.009881	0.089190	0.007851	0.007304	0.014740	0.011293	0.147561	0.074391	
0.239772	0.001985	0.142475	0.001003	0.012931	0.051340	0.040194	0.022554	0.236334	0.019946	0.004952	0.034237	0.032494	0.112202	0.047582	
0.240544	0.000792	0.135947	0.001010	0.004706	0.077804	0.033968	0.008553	0.335784	0.008329	0.004812	0.008208	0.026928	0.071863	0.040750	
0.300088	0.001894	0.127405	0.002839	0.019622	0.047299	0.072077	0.022285	0.168882	0.025105	0.017877	0.041740	0.031453	0.088475	0.032958	
0.418859	0.001721	0.145884	0.000647	0.024189	0.011953	0.040980	0.036352	0.042123	0.053630	0.002755	0.031016	0.033868	0.102854	0.053166	
0.402028	0.001486	0.164755	0.000719	0.041694	0.008346	0.027491	0.028772	0.054355	0.066674	0.002995	0.074309	0.047559	0.059208	0.019607	
0.384752	0.001000	0.168800	0.000777	0.044667	0.022971	0.020892	0.026030	0.104927	0.073276	0.003252	0.070889	0.052707	0.019476	0.005585	
0.485865	0.007144	0.018022	0.000578	0.035439	0.017466	0.009748	0.151818	0.023953	0.144180	0.002721	0.009085	0.078533	0.012206	0.003243	
0.476491	0.006680	0.022504	0.000567	0.031367	0.015543	0.009620	0.131811	0.052797	0.119174	0.002517	0.023305	0.069962	0.033142	0.004518	
0.451203	0.005122	0.030865	0.004064	0.028945	0.036866	0.081492	0.098965	0.044968	0.089592	0.026949	0.018646	0.053494	0.025470	0.003361	
0.403231	0.002955	0.116340	0.001125	0.015467	0.016740	0.055723	0.057011	0.034874	0.053624	0.006333	0.009248	0.031935	0.128674	0.066720	
0.188718	0.007400	0.071200	0.000878	0.030015	0.009059	0.014753	0.072919	0.200467	0.031141	0.004167	0.138556	0.059813	0.166888	0.004027	
0.338488	0.004236	0.076570	0.002770	0.019027	0.024972	0.065106	0.046360	0.130425	0.023174	0.017555	0.068077	0.034793	0.124024	0.024423	
0.355623	0.004679	0.056385	0.001418	0.017736	0.021292	0.025692	0.044255	0.203149	0.013954	0.007885	0.089012	0.037841	0.115136	0.005943	
0.510418	0.002905	0.043479	0.002374	0.014211	0.021773	0.045789	0.030873	0.142614	0.013652	0.014635	0.055542	0.024366	0.072162	0.005209	
0.491901	0.001289	0.054052	0.005004	0.012007	0.052340	0.100748	0.014807	0.147837	0.008940	0.033053	0.022227	0.015782	0.033354	0.006661	
