0.521752	0.005295	0.018536	0.000777	0.030522	0.008992	0.024660	0.094902	0.014413	0.156527	0.007548	0.005613	0.078103	0.024549	0.007813	
0.464407	0.003328	0.051923	0.001644	0.014042	0.022051	0.057277	0.108988	0.048869	0.058945	0.015703	0.017888	0.028697	0.080873	0.025366	
0.532585	0.002785	0.022778	0.001270	0.020459	0.017383	0.045868	0.125247	0.045838	0.097274	0.014356	0.015970	0.042421	0.011907	0.003860	
0.581186	0.002008	0.024489	0.012530	0.005981	0.083265	0.097098	0.009179	0.034690	0.007827	0.035939	0.011913	0.011607	0.062535	0.019752	
0.422506	0.001049	0.116942	0.004246	0.014967	0.036473	0.129464	0.042742	0.101742	0.013505	0.014920	0.034651	0.035850	0.024136	0.006808	
0.455228	0.002043	0.066670	0.007023	0.013409	0.052322	0.109497	0.029144	0.094682	0.011311	0.020946	0.030922	0.022078	0.064752	0.019972	
0.451608	0.001235	0.057529	0.006281	0.021615	0.050323	0.102097	0.028603	0.144327	0.021396	0.019003	0.046739	0.026136	0.017793	0.005315	
0.485794	0.002607	0.048937	0.001438	0.006618	0.022830	0.057324	0.138958	0.034805	0.038784	0.019645	0.013868	0.011552	0.088870	0.027973	
0.334010	0.005118	0.112083	0.002936	0.011945	0.037903	0.044981	0.044650	0.066486	0.014840	0.020438	0.028148	0.021431	0.194100	0.060931	
0.356533	0.002258	0.140413	0.003062	0.027740	0.046308	0.039928	0.016751	0.150959	0.026960	0.022849	0.058745	0.040765	0.050730	0.015998	
0.275326	0.002596	0.148045	0.001927	0.030489	0.043649	0.035722	0.008784	0.202759	0.007524	0.020003	0.075461	0.031063	0.088731	0.027921	
0.349422	0.000932	0.219476	0.002288	0.025721	0.051329	0.028138	0.012617	0.136555	0.011192	0.030332	0.061574	0.048247	0.016806	0.005372	
0.440977	0.001340	0.127884	0.001193	0.015533	0.032499	0.042525	0.095269	0.078628	0.031391	0.024487	0.035168	0.029823	0.032868	0.010414	
0.336155	0.003134	0.184644	0.000793	0.019050	0.028857	0.056566	0.041042	0.077989	0.031258	0.018108	0.036278	0.050966	0.087902	0.027259	
0.346648	0.001365	0.222367	0.000923	0.025471	0.038472	0.040668	0.025469	0.114818	0.027735	0.024277	0.053065	0.058546	0.015475	0.004702	
0.443110	0.005525	0.034347	0.001220	0.035181	0.013160	0.038450	0.055604	0.070088	0.136733	0.004411	0.022901	0.077042	0.047424	0.014805	
0.485816	0.004755	0.049847	0.000804	0.023588	0.008785	0.056341	0.092307	0.013350	0.122621	0.006891	0.005107	0.068938	0.046498	0.014354	
0.468833	0.004451	0.016879	0.000981	0.033676	0.014418	0.032845	0.080850	0.087479	0.126395	0.007224	0.028375	0.063090	0.026185	0.008319	
0.315482	0.008030	0.050382	0.002781	0.020717	0.026965	0.035216	0.028250	0.062755	0.065060	0.009585	0.021312	0.038195	0.239949	0.075322	
0.238731	0.004055	0.057163	0.000812	0.039734	0.027858	0.043289	0.018680	0.265159	0.033383	0.005846	0.086542	0.025965	0.116273	0.036510	
0.271307	0.005556	0.099524	0.001739	0.017469	0.028555	0.058130	0.037429	0.116568	0.014813	0.011958	0.041096	0.021415	0.209033	0.065408	
0.325004	0.001927	0.021385	0.003202	0.036971	0.040697	0.062045	0.029634	0.280093	0.018457	0.011538	0.089126	0.011089	0.052307	0.016524	
0.327850	0.001766	0.098850	0.001364	0.024167	0.020991	0.120436	0.048803	0.178780	0.017612	0.004911	0.057047	0.032244	0.050210	0.014969	
0.241121	0.004839	0.084743	0.001361	0.023274	0.023891	0.082804	0.029572	0.176713	0.010397	0.005305	0.056964	0.020573	0.181825	0.056619	
