0.461696	0.012018	0.015407	0.000764	0.040550	0.014569	0.033641	0.165150	0.020673	0.173252	0.003328	0.007289	0.032411	0.014155	0.005095	
0.483077	0.004945	0.057638	0.002678	0.031052	0.030201	0.055485	0.104346	0.031043	0.093075	0.012149	0.017340	0.048269	0.024401	0.004302	
0.460942	0.005869	0.086619	0.001035	0.032617	0.022154	0.036350	0.110128	0.029839	0.102364	0.006527	0.020106	0.045834	0.036103	0.003514	
0.535651	0.000825	0.040934	0.011789	0.005221	0.098978	0.186718	0.016045	0.019123	0.011901	0.040671	0.007249	0.009498	0.011916	0.003481	
0.426645	0.000881	0.059888	0.005192	0.019148	0.045163	0.103887	0.031499	0.123784	0.022713	0.023422	0.050027	0.036854	0.045477	0.005421	
0.464766	0.000949	0.050919	0.008808	0.007432	0.075246	0.155955	0.014317	0.088747	0.011795	0.031974	0.031887	0.012662	0.039085	0.005457	
0.399540	0.001172	0.081580	0.005255	0.032677	0.044677	0.095728	0.014771	0.127327	0.013788	0.032404	0.065451	0.051626	0.028160	0.005845	
0.394247	0.005019	0.118618	0.001917	0.029917	0.031727	0.050077	0.059324	0.074941	0.064639	0.015644	0.037782	0.038071	0.061317	0.016761	
0.364021	0.001005	0.202013	0.001482	0.005547	0.040691	0.070636	0.010583	0.105566	0.010528	0.006527	0.049232	0.009425	0.115599	0.007146	
0.282936	0.004391	0.118785	0.000754	0.030604	0.021979	0.020657	0.016006	0.163014	0.032210	0.022364	0.053376	0.049533	0.120469	0.062922	
0.288580	0.005262	0.156914	0.000737	0.008244	0.036336	0.027813	0.014867	0.123416	0.036084	0.013160	0.020306	0.014372	0.174485	0.079425	
0.319729	0.001019	0.123772	0.001121	0.058894	0.010324	0.028154	0.009900	0.176706	0.010249	0.032012	0.104857	0.093466	0.022989	0.006807	
0.393917	0.001658	0.238097	0.001017	0.012054	0.043135	0.052394	0.022685	0.041479	0.022102	0.006799	0.034321	0.018747	0.104336	0.007258	
0.428136	0.000854	0.209970	0.000718	0.015166	0.036102	0.042029	0.042203	0.031893	0.029892	0.004797	0.028926	0.033925	0.090413	0.004978	
0.384332	0.002202	0.192469	0.001192	0.027912	0.033268	0.046428	0.029856	0.071207	0.029909	0.014145	0.051809	0.040949	0.070074	0.004250	
0.551937	0.000700	0.022840	0.000916	0.034560	0.008832	0.015899	0.134822	0.019756	0.087816	0.004233	0.008722	0.091617	0.013877	0.003473	
0.550419	0.000874	0.020060	0.000749	0.034470	0.007406	0.013822	0.137488	0.021546	0.090518	0.003392	0.008233	0.091365	0.015412	0.004246	
0.476840	0.002798	0.031506	0.001064	0.028080	0.014865	0.019027	0.109628	0.057037	0.083245	0.007614	0.008603	0.070672	0.057894	0.031127	
0.324501	0.006222	0.068430	0.003794	0.008247	0.048547	0.063116	0.025102	0.127449	0.047685	0.023082	0.009762	0.012641	0.146554	0.084868	
0.327070	0.004767	0.068455	0.002245	0.017372	0.030558	0.051068	0.035199	0.155762	0.046556	0.018055	0.036027	0.029444	0.119419	0.058004	
0.261933	0.007377	0.070095	0.000809	0.010039	0.027554	0.015819	0.032704	0.166386	0.058807	0.015923	0.010945	0.020496	0.189640	0.111472	
0.268105	0.001073	0.043314	0.000796	0.006289	0.007080	0.085238	0.015024	0.314676	0.013793	0.003912	0.103630	0.011212	0.119456	0.006403	
0.318638	0.001527	0.056955	0.000680	0.021788	0.006882	0.061376	0.035865	0.240938	0.029746	0.008750	0.089237	0.038220	0.083885	0.005514	
0.339469	0.002326	0.062560	0.004103	0.005316	0.041163	0.103666	0.012562	0.194560	0.018608	0.017421	0.056750	0.008156	0.106578	0.026763	
