0.457969	0.006920	0.015718	0.000752	0.036952	0.026876	0.046965	0.176906	0.022956	0.167227	0.003170	0.005955	0.011330	0.015467	0.004837	
0.447404	0.003527	0.044021	0.003092	0.030989	0.039371	0.062497	0.106864	0.044776	0.102818	0.019693	0.018842	0.031107	0.019764	0.025234	
0.459282	0.004750	0.050910	0.001606	0.029038	0.029225	0.044362	0.132618	0.023287	0.126626	0.009305	0.016471	0.026594	0.033532	0.012395	
0.418057	0.000972	0.053159	0.008859	0.023478	0.087695	0.084118	0.027003	0.064391	0.040014	0.060030	0.016148	0.027815	0.012320	0.075940	
0.327236	0.001220	0.115400	0.000688	0.048426	0.006651	0.184672	0.044073	0.134001	0.017624	0.002857	0.029818	0.059590	0.023082	0.004663	
0.357115	0.001220	0.096041	0.001162	0.045371	0.011290	0.159093	0.052806	0.120643	0.029488	0.006214	0.028242	0.062784	0.019639	0.008893	
0.366427	0.003063	0.058434	0.002557	0.029936	0.029963	0.078223	0.033626	0.179859	0.030475	0.016037	0.058106	0.031551	0.057841	0.023904	
0.377075	0.002479	0.186161	0.001516	0.010349	0.022879	0.063235	0.023104	0.063315	0.023068	0.008941	0.046269	0.033403	0.124396	0.013811	
0.390004	0.001325	0.207373	0.002338	0.005679	0.028851	0.061435	0.010168	0.036537	0.014292	0.014735	0.048142	0.033244	0.126019	0.019858	
0.253164	0.010645	0.126656	0.001117	0.007327	0.034443	0.020651	0.020220	0.216171	0.017989	0.006059	0.013400	0.033561	0.215059	0.023539	
0.264106	0.009963	0.130999	0.002222	0.004291	0.043975	0.017172	0.012029	0.199489	0.014407	0.013800	0.012944	0.030948	0.211182	0.032474	
0.356914	0.002906	0.124247	0.003275	0.020738	0.038313	0.084564	0.021467	0.114820	0.020370	0.021105	0.036610	0.035583	0.088756	0.030333	
0.382781	0.002035	0.204464	0.001131	0.008102	0.018552	0.061865	0.020560	0.048375	0.020088	0.006288	0.048233	0.036231	0.131309	0.009987	
0.418253	0.000931	0.176074	0.000937	0.012549	0.013306	0.058751	0.033750	0.041662	0.030573	0.004957	0.052493	0.046514	0.102431	0.006819	
0.385638	0.001748	0.176598	0.000682	0.015554	0.012942	0.073587	0.029566	0.073329	0.026610	0.003083	0.059081	0.031351	0.105331	0.004901	
0.538666	0.000806	0.014697	0.001432	0.027741	0.013630	0.012270	0.113050	0.026510	0.099892	0.008446	0.025306	0.093371	0.013015	0.011168	
0.545853	0.000784	0.016199	0.001065	0.028384	0.010132	0.012217	0.120637	0.015136	0.105490	0.005890	0.022193	0.097147	0.011142	0.007732	
0.501232	0.002118	0.029316	0.001039	0.026610	0.012950	0.017361	0.105377	0.050045	0.091657	0.005668	0.022837	0.087276	0.036943	0.009571	
0.456097	0.001774	0.026669	0.012317	0.006836	0.124237	0.014989	0.016212	0.043227	0.049348	0.084277	0.011001	0.013595	0.031567	0.107854	
0.334042	0.004785	0.084986	0.000824	0.028675	0.016818	0.079546	0.038770	0.185216	0.027596	0.003957	0.042941	0.044956	0.095175	0.011713	
0.299289	0.009058	0.094468	0.003651	0.007786	0.055352	0.015481	0.024110	0.180251	0.028827	0.023758	0.007669	0.032888	0.174078	0.043335	
0.370625	0.000910	0.026232	0.001044	0.036698	0.009457	0.081074	0.010045	0.276669	0.010244	0.005452	0.127145	0.008057	0.028838	0.007510	
0.403801	0.002096	0.032523	0.000952	0.032906	0.012096	0.060687	0.046892	0.197773	0.042553	0.004855	0.087094	0.029100	0.038799	0.007872	
0.401307	0.001805	0.034060	0.004607	0.024536	0.047375	0.051677	0.019585	0.180348	0.029033	0.030392	0.075776	0.017536	0.041719	0.040242	
