0.048189	0.033835	0.253930	0.019481	0.084074	0.060150	0.500342	
0.050460	0.406069	0.119673	0.028981	0.021821	0.165019	0.207978	
0.046016	0.171016	0.060440	0.019574	0.036401	0.031593	0.634959	
0.436793	0.045906	0.151422	0.074683	0.151422	0.110654	0.029120	
0.582495	0.113011	0.030852	0.152918	0.026157	0.068410	0.026157	
0.501527	0.221242	0.031218	0.159484	0.026468	0.028843	0.031218	
0.482689	0.028571	0.042689	0.052101	0.317983	0.023866	0.052101	
0.026531	0.183673	0.221769	0.157483	0.140816	0.193197	0.076531	
0.053485	0.029331	0.495514	0.130780	0.113872	0.154934	0.022084	
0.044143	0.024678	0.029545	0.053876	0.423705	0.367744	0.056309	
0.021412	0.023754	0.033121	0.129140	0.431248	0.339913	0.021412	
0.149494	0.027244	0.117709	0.132379	0.323088	0.225288	0.024799	
0.037542	0.030565	0.144518	0.042193	0.021262	0.677076	0.046844	
0.032890	0.172425	0.035216	0.109635	0.016611	0.604983	0.028239	
0.205941	0.098465	0.040053	0.079773	0.021362	0.523698	0.030708	
0.033916	0.024323	0.055498	0.122645	0.024323	0.053100	0.686194	
0.026786	0.271978	0.031593	0.038805	0.036401	0.038805	0.555632	
0.038805	0.065247	0.031593	0.070055	0.199863	0.043613	0.550824	
0.079862	0.043718	0.185886	0.031670	0.475043	0.026850	0.156971	
0.126833	0.036140	0.060007	0.604160	0.026594	0.064780	0.081487	
0.036140	0.200818	0.036140	0.312990	0.320150	0.033754	0.060007	
0.092580	0.022191	0.119279	0.393551	0.294036	0.053745	0.024619	
0.046239	0.316770	0.051070	0.427881	0.055901	0.053485	0.048654	
0.060440	0.033997	0.286401	0.262363	0.219093	0.031593	0.106113	
