0.017088	0.041012	0.038619	0.098428	0.031442	0.036227	0.737184	
0.158730	0.054711	0.083080	0.035799	0.111449	0.198919	0.357312	
0.038527	0.033754	0.057620	0.036140	0.083873	0.129219	0.620866	
0.019296	0.042993	0.801286	0.028775	0.031144	0.031144	0.045362	
0.313135	0.085647	0.215978	0.076168	0.052471	0.199391	0.057211	
0.195114	0.066848	0.311503	0.028843	0.038344	0.304377	0.054971	
0.650456	0.023978	0.203647	0.045255	0.023978	0.026342	0.026342	
0.078912	0.345578	0.040816	0.343197	0.031293	0.052721	0.107483	
0.041209	0.454670	0.228709	0.103709	0.024382	0.060440	0.086882	
0.034495	0.171080	0.171080	0.463763	0.029617	0.061324	0.068641	
0.047063	0.177904	0.049399	0.589119	0.049399	0.021362	0.065754	
0.022300	0.027178	0.234495	0.610105	0.022300	0.051568	0.032056	
0.044518	0.081728	0.086379	0.046844	0.049169	0.521262	0.170100	
0.025914	0.146844	0.032890	0.021262	0.025914	0.716611	0.030565	
0.157983	0.035630	0.033277	0.068571	0.037983	0.616807	0.049748	
0.031593	0.043613	0.029190	0.077266	0.726305	0.038805	0.053228	
0.143539	0.024207	0.031367	0.028981	0.654279	0.045687	0.071940	
0.041308	0.022031	0.024441	0.024441	0.829260	0.022031	0.036489	
0.036054	0.271769	0.207483	0.021769	0.343197	0.021769	0.097959	
0.080336	0.468571	0.026218	0.155630	0.174454	0.040336	0.054454	
0.041110	0.352861	0.153820	0.079479	0.161014	0.156218	0.055498	
0.542513	0.060585	0.200344	0.048537	0.036489	0.075043	0.036489	
0.611456	0.070393	0.022084	0.077640	0.118703	0.058316	0.041408	
0.399863	0.177375	0.052973	0.060150	0.067327	0.021873	0.220437	
