0.436352	0.007937	0.016372	0.000714	0.022782	0.073440	0.127650	0.101370	0.024905	0.136732	0.013888	0.009814	0.012176	0.011230	0.004638	
0.438171	0.007373	0.048672	0.000962	0.029437	0.021108	0.017440	0.111956	0.068381	0.141786	0.015265	0.025485	0.029107	0.037378	0.007479	
0.486458	0.009504	0.021353	0.000886	0.026303	0.026544	0.018217	0.137135	0.023824	0.186526	0.019147	0.008456	0.009335	0.019840	0.006472	
0.519865	0.001842	0.020088	0.008266	0.010224	0.059800	0.124120	0.013570	0.045056	0.013654	0.045608	0.018954	0.007460	0.030005	0.081488	
0.244702	0.002465	0.080585	0.000771	0.037658	0.085997	0.179386	0.020211	0.161427	0.015580	0.003669	0.064629	0.063417	0.033496	0.006007	
0.377614	0.001999	0.051706	0.003695	0.018045	0.069623	0.145039	0.018260	0.115496	0.012770	0.019905	0.042097	0.026475	0.062051	0.035225	
0.461670	0.001871	0.038970	0.007542	0.023639	0.051908	0.107127	0.015414	0.078947	0.016347	0.041726	0.035561	0.031678	0.013059	0.074542	
0.366442	0.003370	0.154855	0.001560	0.023351	0.023037	0.039295	0.053954	0.090330	0.055146	0.010834	0.031555	0.040337	0.092295	0.013639	
0.376360	0.003210	0.183745	0.001961	0.011090	0.030756	0.052422	0.042271	0.063127	0.052083	0.013730	0.016623	0.009792	0.125449	0.017381	
0.285738	0.001606	0.212600	0.001711	0.023254	0.036703	0.072601	0.016405	0.115416	0.015467	0.009149	0.040344	0.038622	0.115081	0.015303	
0.297743	0.001633	0.186265	0.001840	0.025845	0.033825	0.068069	0.021242	0.125921	0.016004	0.009559	0.045442	0.046490	0.103439	0.016684	
0.265170	0.001223	0.174758	0.002639	0.035589	0.035732	0.072698	0.010475	0.156911	0.007767	0.013729	0.061203	0.059182	0.077788	0.025136	
0.356624	0.003492	0.177138	0.001166	0.014849	0.023103	0.034741	0.050294	0.088139	0.060617	0.009992	0.025569	0.015713	0.129162	0.009403	
0.317652	0.002285	0.232496	0.001022	0.018208	0.012497	0.017639	0.036491	0.102293	0.037508	0.006888	0.031594	0.030676	0.144613	0.008140	
0.227607	0.001546	0.218591	0.000925	0.037455	0.014378	0.024327	0.022660	0.177907	0.021771	0.005308	0.066102	0.062956	0.110682	0.007784	
0.544673	0.005036	0.020971	0.000617	0.028372	0.006427	0.017911	0.123219	0.034511	0.081280	0.002859	0.017313	0.097609	0.015263	0.003940	
0.561950	0.005274	0.014524	0.000877	0.026449	0.006572	0.016898	0.125995	0.024195	0.086595	0.004844	0.013112	0.092123	0.014078	0.006514	
0.540782	0.004790	0.029072	0.001028	0.024547	0.013218	0.031401	0.113355	0.029241	0.075433	0.005195	0.014101	0.085837	0.023974	0.008028	
0.594652	0.002707	0.018498	0.010159	0.015399	0.013702	0.020136	0.037537	0.034140	0.047950	0.059045	0.017164	0.009978	0.018010	0.100922	
0.283103	0.001465	0.073479	0.000861	0.030699	0.008258	0.014274	0.036856	0.251221	0.022338	0.004676	0.087798	0.053355	0.124688	0.006930	
0.379458	0.002074	0.089296	0.002852	0.021212	0.016445	0.030152	0.039896	0.151638	0.031563	0.016328	0.052347	0.036278	0.103640	0.026823	
0.332835	0.001211	0.047104	0.001875	0.021839	0.014425	0.029029	0.032508	0.231036	0.015149	0.009719	0.078308	0.038326	0.129650	0.016986	
0.342453	0.001523	0.047477	0.000864	0.009786	0.025826	0.051360	0.034743	0.213144	0.018707	0.004591	0.065873	0.015387	0.161956	0.006309	
0.373574	0.002749	0.039062	0.001527	0.012833	0.052374	0.104801	0.041065	0.145160	0.034460	0.009477	0.046448	0.017704	0.105769	0.012999	
