0.648449	0.001004	0.016717	0.000663	0.048003	0.054846	0.061579	0.055430	0.012862	0.038143	0.004055	0.031547	0.010280	0.010295	0.006127	
0.471079	0.007624	0.093851	0.001103	0.014431	0.026492	0.044121	0.098103	0.032058	0.082861	0.006163	0.017035	0.046002	0.049708	0.009369	
0.445980	0.010394	0.106227	0.000685	0.010428	0.020062	0.025514	0.120105	0.034587	0.103762	0.004455	0.010463	0.055177	0.045983	0.006178	
0.425345	0.002017	0.046933	0.005126	0.015273	0.046017	0.096219	0.028051	0.119099	0.044133	0.024786	0.063714	0.011697	0.031809	0.039781	
0.406103	0.004265	0.060004	0.004171	0.014752	0.034926	0.066906	0.049753	0.112587	0.066603	0.027502	0.049483	0.025360	0.034144	0.043441	
0.401945	0.006857	0.070413	0.004340	0.006744	0.042263	0.082780	0.073608	0.114658	0.069215	0.006411	0.057469	0.028632	0.024727	0.009939	
0.347117	0.000925	0.080237	0.003018	0.036852	0.045072	0.068785	0.025667	0.186328	0.018974	0.005504	0.063251	0.029189	0.084464	0.004614	
0.341142	0.002356	0.162555	0.000874	0.020361	0.025419	0.066696	0.028790	0.095704	0.020002	0.005607	0.024327	0.036479	0.163651	0.006038	
0.390408	0.002965	0.189217	0.001196	0.005153	0.030954	0.098696	0.010048	0.035266	0.012150	0.005880	0.019641	0.007475	0.181962	0.008989	
0.281186	0.000961	0.117743	0.001259	0.044179	0.022700	0.017588	0.016474	0.193942	0.031700	0.025764	0.037032	0.040678	0.133827	0.034965	
0.283369	0.000998	0.128037	0.001608	0.038704	0.028955	0.039671	0.012759	0.189302	0.020278	0.016376	0.043288	0.034467	0.141667	0.020521	
0.280803	0.000770	0.117141	0.001342	0.044488	0.024277	0.020868	0.014678	0.197115	0.028655	0.024305	0.039185	0.039576	0.134190	0.032606	
0.407016	0.005649	0.147125	0.001158	0.011389	0.029237	0.066612	0.051300	0.053692	0.047152	0.005278	0.021375	0.024965	0.120757	0.007295	
0.404811	0.006315	0.123842	0.000921	0.020086	0.027202	0.041698	0.066671	0.076915	0.062138	0.007745	0.022076	0.035000	0.094441	0.010138	
0.362012	0.007822	0.117481	0.000933	0.023068	0.023061	0.020262	0.083855	0.113577	0.077923	0.007700	0.024790	0.048233	0.080518	0.008766	
0.485098	0.001175	0.017648	0.001024	0.027532	0.009008	0.043390	0.145098	0.024848	0.074767	0.005037	0.010775	0.134084	0.012907	0.007610	
0.476553	0.004395	0.060320	0.001318	0.017626	0.013424	0.038633	0.107899	0.018237	0.085401	0.019777	0.008889	0.079487	0.036334	0.031709	
0.481305	0.000969	0.018059	0.001473	0.026819	0.007587	0.037144	0.123379	0.027646	0.079293	0.021166	0.010133	0.116136	0.015231	0.033660	
0.500744	0.000978	0.019099	0.003782	0.020572	0.006480	0.012208	0.012903	0.021702	0.105008	0.100114	0.007657	0.010227	0.016536	0.161990	
0.292540	0.001100	0.096540	0.003439	0.028270	0.035973	0.070650	0.028334	0.193843	0.022969	0.010225	0.060624	0.042318	0.100872	0.012303	
0.331337	0.002172	0.101650	0.001855	0.031343	0.020754	0.031929	0.039544	0.143139	0.048505	0.026389	0.032230	0.047770	0.103034	0.038349	
0.316647	0.001088	0.053308	0.007658	0.007235	0.062393	0.145922	0.011458	0.214137	0.012186	0.005236	0.105007	0.009308	0.040722	0.007696	
0.360159	0.004882	0.081083	0.003726	0.018583	0.042007	0.073740	0.056950	0.153469	0.050123	0.004386	0.059970	0.032139	0.054059	0.004723	
0.347654	0.001161	0.068897	0.005928	0.011559	0.050719	0.119489	0.015567	0.168674	0.021267	0.013322	0.079975	0.014703	0.060545	0.020540	
