0.587781	0.003444	0.019509	0.000741	0.032277	0.022370	0.029519	0.119665	0.019050	0.116624	0.003030	0.006649	0.018145	0.015410	0.005787	
0.498383	0.004406	0.050814	0.001362	0.029803	0.020430	0.032063	0.085906	0.065174	0.082626	0.015381	0.029141	0.038722	0.040307	0.005483	
0.482293	0.003856	0.062655	0.001135	0.028829	0.021600	0.043346	0.086476	0.071334	0.083923	0.009579	0.029836	0.035658	0.034294	0.005185	
0.645511	0.000870	0.017744	0.014031	0.004586	0.069753	0.111072	0.011686	0.015462	0.011099	0.050863	0.019227	0.007659	0.016651	0.003785	
0.370370	0.003882	0.091806	0.003979	0.019337	0.029614	0.079784	0.022990	0.153174	0.022558	0.026436	0.065310	0.038927	0.065752	0.006082	
0.496406	0.003728	0.083871	0.007954	0.011675	0.048258	0.075689	0.021263	0.062795	0.020994	0.039632	0.035682	0.037407	0.046839	0.007808	
0.361096	0.000970	0.043601	0.005729	0.018862	0.033207	0.126717	0.009933	0.213017	0.009599	0.021397	0.082560	0.008228	0.061341	0.003743	
0.326347	0.004787	0.103982	0.000691	0.018927	0.037491	0.038493	0.039825	0.119482	0.037965	0.015813	0.032447	0.032605	0.136280	0.054866	
0.247187	0.003014	0.140907	0.001769	0.005633	0.066180	0.062223	0.013814	0.115817	0.013315	0.007337	0.010211	0.010270	0.198004	0.104317	
0.280470	0.003709	0.137293	0.001255	0.014845	0.041241	0.069795	0.027275	0.142919	0.027264	0.009489	0.041714	0.031439	0.121842	0.049448	
0.233672	0.002755	0.128863	0.001055	0.010401	0.054801	0.072575	0.017195	0.153359	0.016728	0.004477	0.028973	0.010790	0.177818	0.086538	
0.304307	0.007802	0.105227	0.001507	0.025197	0.013435	0.022194	0.013195	0.174547	0.010576	0.044203	0.079863	0.074363	0.113446	0.010137	
0.377108	0.005103	0.194260	0.000918	0.013338	0.040676	0.053903	0.058826	0.043262	0.061357	0.004303	0.016535	0.053021	0.052626	0.024764	
0.367498	0.005771	0.164057	0.001443	0.018288	0.030255	0.044370	0.047454	0.079033	0.047697	0.017885	0.037021	0.064900	0.060360	0.013970	
0.353913	0.006790	0.178720	0.000845	0.019155	0.024698	0.038124	0.045293	0.086402	0.046262	0.020506	0.044883	0.074384	0.054683	0.005341	
0.523594	0.001031	0.018629	0.001133	0.045692	0.007813	0.014523	0.131627	0.024513	0.116787	0.005982	0.010276	0.079001	0.015653	0.003746	
0.517088	0.001835	0.024204	0.001307	0.040768	0.011861	0.024315	0.117146	0.041861	0.106037	0.008036	0.017554	0.063142	0.021411	0.003438	
0.511361	0.001363	0.035534	0.001221	0.041823	0.012473	0.019882	0.123792	0.024920	0.110898	0.005524	0.009667	0.074020	0.020298	0.007223	
0.381548	0.002107	0.087681	0.001713	0.022716	0.041476	0.042654	0.067085	0.068299	0.060610	0.006612	0.008264	0.039446	0.111672	0.058117	
0.394080	0.002472	0.048895	0.002210	0.032359	0.016287	0.057130	0.061764	0.138711	0.054798	0.017328	0.054829	0.051829	0.059879	0.007428	
0.368709	0.003583	0.077331	0.001808	0.027613	0.024258	0.042016	0.053788	0.118958	0.047709	0.019625	0.042968	0.054884	0.090452	0.026299	
0.298385	0.000873	0.045379	0.003595	0.023031	0.024234	0.128271	0.013325	0.256417	0.012648	0.013234	0.095205	0.007649	0.072567	0.005187	
0.319731	0.002265	0.065320	0.001079	0.030804	0.013679	0.079963	0.048475	0.196744	0.044152	0.009945	0.074277	0.040535	0.066827	0.006203	
0.270502	0.001710	0.078647	0.002083	0.019480	0.033883	0.102390	0.019514	0.215402	0.018594	0.008186	0.068800	0.011085	0.113091	0.036632	
