0.033435	0.019250	0.629179	0.026342	0.016886	0.248565	0.026342	
0.024150	0.024150	0.488435	0.152721	0.195578	0.095578	0.019388	
0.041209	0.026786	0.764766	0.036401	0.033997	0.065247	0.031593	
0.024035	0.031144	0.021666	0.021666	0.024035	0.021666	0.855789	
0.168186	0.191827	0.071260	0.045255	0.217832	0.031071	0.274569	
0.101274	0.073105	0.080148	0.035547	0.040241	0.028504	0.641180	
0.326579	0.139818	0.052347	0.113813	0.021614	0.031071	0.314759	
0.253293	0.052347	0.236744	0.042891	0.026342	0.352584	0.035799	
0.276531	0.088435	0.088435	0.081293	0.028912	0.321769	0.114626	
0.562089	0.031823	0.041508	0.041508	0.036666	0.247319	0.039087	
0.338328	0.051615	0.049284	0.025974	0.028305	0.485181	0.021312	
0.422300	0.027178	0.019861	0.058885	0.356446	0.027178	0.088153	
0.166612	0.021115	0.342131	0.018806	0.254371	0.159683	0.037281	
0.035463	0.023754	0.054199	0.035463	0.625627	0.194714	0.030780	
0.148571	0.028571	0.256807	0.040336	0.430924	0.023866	0.070924	
0.031670	0.038898	0.019621	0.728055	0.029260	0.111188	0.041308	
0.021821	0.036140	0.048074	0.752131	0.050460	0.043300	0.048074	
0.029050	0.021873	0.072112	0.502734	0.131921	0.215653	0.026658	
0.099865	0.024035	0.033514	0.365267	0.038253	0.308395	0.130670	
0.120905	0.191827	0.033435	0.170550	0.350220	0.099629	0.033435	
0.230007	0.079289	0.050581	0.174983	0.237184	0.146275	0.081681	
0.144923	0.660585	0.026850	0.019621	0.034079	0.019621	0.094320	
0.043718	0.650947	0.048537	0.058176	0.024441	0.144923	0.029260	
0.069720	0.414217	0.067327	0.024265	0.033835	0.352016	0.038619	
