0.031071	0.172915	0.073624	0.071260	0.023978	0.584262	0.042891	
0.149274	0.177643	0.073624	0.201283	0.031071	0.165822	0.201283	
0.069887	0.420007	0.067489	0.163412	0.093868	0.024323	0.161014	
0.088859	0.088859	0.026658	0.713260	0.021873	0.024265	0.036227	
0.042790	0.040431	0.238544	0.316375	0.210243	0.030997	0.120620	
0.192282	0.104604	0.104604	0.457684	0.045362	0.035884	0.059580	
0.030924	0.021513	0.040336	0.249748	0.590924	0.045042	0.021513	
0.267477	0.253293	0.168186	0.054711	0.120905	0.059439	0.075988	
0.767007	0.031293	0.043197	0.040816	0.028912	0.047959	0.040816	
0.092805	0.031978	0.521029	0.044143	0.124435	0.163365	0.022245	
0.159585	0.023754	0.389093	0.061224	0.119772	0.208765	0.037805	
0.051568	0.024739	0.654007	0.019861	0.046690	0.171080	0.032056	
0.185946	0.139543	0.267153	0.234670	0.035134	0.060656	0.076898	
0.242193	0.135216	0.249169	0.198007	0.060797	0.046844	0.067774	
0.033044	0.068091	0.434913	0.348465	0.033044	0.054072	0.028371	
0.028981	0.033754	0.153086	0.052847	0.019434	0.021821	0.690078	
0.028981	0.253324	0.024207	0.021821	0.017047	0.019434	0.635186	
0.033916	0.029120	0.033916	0.041110	0.132237	0.125043	0.604659	
0.036227	0.031442	0.024265	0.024265	0.031442	0.787423	0.064935	
0.186498	0.050460	0.270031	0.031367	0.332083	0.026594	0.102966	
0.202266	0.151786	0.197459	0.031593	0.183036	0.101305	0.132555	
0.133842	0.039182	0.111997	0.056172	0.590153	0.029473	0.039182	
0.086674	0.288112	0.086674	0.060295	0.333676	0.079479	0.065091	
0.248551	0.028981	0.157859	0.100580	0.236618	0.160245	0.067167	
