0.026342	0.057075	0.250929	0.026342	0.016886	0.588990	0.033435	
0.043197	0.433673	0.045578	0.076531	0.247959	0.045578	0.107483	
0.024207	0.735424	0.095806	0.045687	0.026594	0.026594	0.045687	
0.781293	0.021769	0.055102	0.033673	0.038435	0.038435	0.031293	
0.502695	0.104111	0.064016	0.082884	0.177224	0.028639	0.040431	
0.377747	0.113324	0.074863	0.231113	0.050824	0.021978	0.130151	
0.466849	0.036227	0.196514	0.196514	0.031442	0.038619	0.033835	
0.038253	0.076168	0.045362	0.550102	0.204130	0.045362	0.040623	
0.060732	0.022084	0.041408	0.348171	0.367495	0.138026	0.022084	
0.029545	0.053876	0.148766	0.657282	0.034411	0.051442	0.024678	
0.103138	0.033044	0.138184	0.509680	0.163885	0.023698	0.028371	
0.134824	0.019909	0.083479	0.521132	0.169053	0.046804	0.024799	
0.039591	0.037281	0.025734	0.192016	0.148136	0.524579	0.032662	
0.044518	0.079402	0.037542	0.046844	0.425914	0.237542	0.128239	
0.044831	0.175979	0.026096	0.304784	0.119772	0.293075	0.035463	
0.038344	0.026468	0.157109	0.021717	0.026468	0.026468	0.703427	
0.031367	0.074327	0.038527	0.019434	0.026594	0.024207	0.785544	
0.047959	0.119388	0.152721	0.024150	0.031293	0.026531	0.597959	
0.016926	0.033514	0.791808	0.033514	0.026405	0.057211	0.040623	
0.297959	0.095578	0.062245	0.038435	0.405102	0.017007	0.083673	
0.116852	0.116852	0.087725	0.177531	0.318308	0.029473	0.153259	
0.665395	0.041609	0.027046	0.031900	0.165395	0.031900	0.036755	
0.340103	0.101549	0.038898	0.108778	0.096730	0.089501	0.224441	
0.501520	0.021614	0.130361	0.019250	0.142182	0.137454	0.047619	
