0.019342	0.024092	0.705803	0.028843	0.111978	0.024092	0.085850	
0.023978	0.203647	0.142182	0.111449	0.047619	0.366768	0.104357	
0.021978	0.125343	0.053228	0.101305	0.108516	0.471497	0.118132	
0.136054	0.121769	0.026531	0.028912	0.028912	0.024150	0.633673	
0.202240	0.071598	0.038344	0.021717	0.121479	0.244995	0.299627	
0.128605	0.116729	0.024092	0.019342	0.031218	0.328130	0.351883	
0.030924	0.059160	0.028571	0.026218	0.325042	0.035630	0.494454	
0.035799	0.470787	0.038163	0.092536	0.255657	0.054711	0.052347	
0.038619	0.691729	0.043404	0.021873	0.127136	0.029050	0.048189	
0.253389	0.058742	0.122002	0.036844	0.416406	0.039277	0.073340	
0.328167	0.172507	0.080526	0.052224	0.269205	0.019205	0.078167	
0.188613	0.046804	0.078589	0.022354	0.562696	0.039469	0.061474	
0.028174	0.234670	0.065297	0.028174	0.037454	0.580378	0.025853	
0.113277	0.193277	0.030924	0.023866	0.047395	0.473277	0.117983	
0.126798	0.026096	0.030780	0.023754	0.138508	0.606892	0.047173	
0.045796	0.033835	0.038619	0.777854	0.038619	0.041012	0.024265	
0.026594	0.088646	0.024207	0.422775	0.021821	0.279577	0.136379	
0.133040	0.047732	0.054841	0.590386	0.085647	0.047732	0.040623	
0.081681	0.026658	0.773069	0.031442	0.031442	0.021873	0.033835	
0.331293	0.221769	0.036054	0.119388	0.236054	0.033673	0.021769	
0.288112	0.170606	0.069887	0.093868	0.180199	0.134635	0.062693	
0.272633	0.140103	0.075043	0.034079	0.207573	0.222031	0.048537	
0.220152	0.031746	0.041408	0.043823	0.084886	0.493099	0.084886	
0.342382	0.323380	0.050221	0.031218	0.031218	0.052596	0.168985	
