0.024150	0.026531	0.831293	0.024150	0.031293	0.036054	0.026531	
0.031442	0.081681	0.029050	0.026658	0.043404	0.124744	0.663021	
0.024441	0.070224	0.091910	0.019621	0.099139	0.029260	0.665404	
0.231293	0.509864	0.026531	0.107483	0.024150	0.033673	0.067007	
0.453387	0.047284	0.028504	0.051979	0.044936	0.345406	0.028504	
0.294876	0.173736	0.016966	0.216491	0.104852	0.045470	0.147608	
0.456807	0.047395	0.037983	0.028571	0.047395	0.042689	0.339160	
0.026531	0.231293	0.026531	0.364626	0.043197	0.052721	0.255102	
0.045578	0.521769	0.164626	0.164626	0.026531	0.033673	0.043197	
0.058885	0.041812	0.024739	0.651568	0.036934	0.149129	0.036934	
0.028438	0.166611	0.047173	0.630311	0.033121	0.054199	0.040147	
0.054139	0.034579	0.078589	0.560251	0.044359	0.142159	0.085924	
0.023533	0.146503	0.139543	0.172025	0.028174	0.462048	0.028174	
0.021412	0.213449	0.030780	0.065908	0.047173	0.548344	0.072934	
0.047063	0.089119	0.026035	0.075100	0.033044	0.593792	0.135848	
0.022031	0.046127	0.017212	0.111188	0.696730	0.041308	0.065404	
0.031518	0.060295	0.017129	0.021925	0.676602	0.033916	0.158616	
0.041110	0.036314	0.043508	0.038712	0.626242	0.065091	0.149024	
0.062245	0.076531	0.309864	0.045578	0.357483	0.090816	0.057483	
0.036054	0.212245	0.024150	0.414626	0.257483	0.031293	0.024150	
0.123561	0.130670	0.031144	0.374746	0.135410	0.028775	0.175694	
0.412968	0.075589	0.031900	0.126560	0.233356	0.029473	0.090153	
0.314355	0.101794	0.034161	0.234645	0.041408	0.060732	0.212905	
0.337662	0.225222	0.041012	0.055366	0.246753	0.062543	0.031442	
