0.422522	0.008324	0.024130	0.001469	0.043696	0.041596	0.024447	0.152784	0.031763	0.154463	0.008332	0.010408	0.046012	0.022162	0.007890	
0.477179	0.004442	0.092446	0.001699	0.035779	0.032424	0.049735	0.090544	0.020818	0.090317	0.009908	0.027426	0.034845	0.027562	0.004876	
0.468703	0.006491	0.049578	0.000986	0.039616	0.034389	0.035725	0.125505	0.023818	0.126693	0.004888	0.017480	0.038231	0.024812	0.003086	
0.496720	0.000802	0.024544	0.010965	0.005335	0.089534	0.199596	0.012600	0.026004	0.011809	0.074818	0.009947	0.008769	0.025490	0.003067	
0.407180	0.001266	0.080740	0.005971	0.018671	0.048981	0.110403	0.031155	0.099126	0.028773	0.039974	0.049624	0.024382	0.046571	0.007184	
0.451584	0.001304	0.089634	0.007325	0.015558	0.062135	0.137056	0.019941	0.049183	0.018704	0.049374	0.032173	0.017589	0.038775	0.009664	
0.413571	0.001128	0.042860	0.008278	0.011150	0.066389	0.148342	0.022936	0.099442	0.021095	0.056117	0.038886	0.017828	0.045670	0.006307	
0.472375	0.003340	0.086664	0.000977	0.005254	0.030743	0.086199	0.010215	0.098204	0.009731	0.004861	0.016250	0.019775	0.119109	0.036304	
0.355509	0.004939	0.112220	0.000990	0.007404	0.031106	0.058876	0.012577	0.145158	0.011945	0.005110	0.024239	0.029504	0.143350	0.057073	
0.175136	0.007307	0.132991	0.001000	0.008306	0.031645	0.021661	0.016011	0.233371	0.015246	0.005422	0.037949	0.042355	0.184911	0.086688	
0.252259	0.006355	0.113050	0.000911	0.010009	0.029587	0.027892	0.025338	0.192096	0.022782	0.004758	0.026238	0.048269	0.164211	0.076245	
0.292143	0.004588	0.135238	0.003570	0.015801	0.042036	0.061995	0.020988	0.141415	0.019700	0.023283	0.039494	0.034560	0.112846	0.052344	
0.415211	0.003789	0.159555	0.000649	0.034843	0.020091	0.027107	0.061169	0.056047	0.059851	0.002654	0.045904	0.037677	0.054811	0.020642	
0.377553	0.002880	0.205121	0.000833	0.033447	0.016488	0.024412	0.036222	0.074485	0.034287	0.004000	0.060104	0.036322	0.065976	0.027868	
0.416295	0.001353	0.220934	0.001573	0.042641	0.014759	0.027325	0.046617	0.036726	0.043882	0.009147	0.072718	0.036477	0.022458	0.007095	
0.545881	0.001468	0.031519	0.000667	0.038071	0.010392	0.020833	0.111894	0.019819	0.099992	0.002987	0.010740	0.085798	0.017198	0.002742	
0.561126	0.000928	0.026014	0.000777	0.036587	0.009497	0.023824	0.108381	0.016073	0.095156	0.003783	0.006876	0.089997	0.017640	0.003342	
0.538631	0.001061	0.022594	0.001299	0.037554	0.012101	0.023426	0.111972	0.024477	0.098524	0.007479	0.009322	0.092195	0.015443	0.003923	
0.379473	0.004314	0.072526	0.000843	0.022008	0.021560	0.023251	0.065074	0.116434	0.057857	0.004283	0.015764	0.068304	0.101772	0.046535	
0.322183	0.002386	0.068799	0.000784	0.020406	0.012769	0.041168	0.047060	0.217435	0.044374	0.003748	0.080237	0.031223	0.095174	0.012254	
0.360063	0.003580	0.097782	0.002061	0.021064	0.027914	0.046285	0.046401	0.127901	0.042328	0.012719	0.037948	0.046553	0.091969	0.035430	
0.295742	0.001074	0.073484	0.000842	0.012099	0.009726	0.061801	0.015072	0.277678	0.014542	0.004093	0.107775	0.009000	0.112779	0.004292	
0.365160	0.001153	0.107377	0.001176	0.023533	0.012114	0.047902	0.035993	0.172993	0.032857	0.006445	0.081897	0.029164	0.075577	0.006659	
0.382566	0.001563	0.062568	0.002439	0.011703	0.026671	0.085260	0.022423	0.182651	0.021029	0.015220	0.066273	0.017021	0.092635	0.009979	
