0.402451	0.006943	0.027777	0.002434	0.059496	0.035753	0.042371	0.128050	0.074438	0.116290	0.021499	0.031004	0.017163	0.029864	0.004467	
0.409306	0.006056	0.044692	0.000852	0.048455	0.023586	0.032492	0.108464	0.049307	0.098842	0.010496	0.023446	0.017210	0.088547	0.038249	
0.438151	0.005476	0.035302	0.000664	0.058379	0.023456	0.019086	0.139229	0.022828	0.127748	0.010757	0.009355	0.030688	0.052425	0.026456	
0.384166	0.000968	0.052683	0.006665	0.005464	0.061288	0.118036	0.014522	0.164528	0.014045	0.038766	0.039333	0.012347	0.058266	0.028923	
0.223784	0.001579	0.111495	0.001123	0.016900	0.088417	0.126473	0.026347	0.283228	0.024618	0.006382	0.022502	0.026986	0.032668	0.007497	
0.411759	0.003631	0.052993	0.006318	0.011266	0.038309	0.091426	0.022034	0.123406	0.020491	0.037427	0.060119	0.011542	0.082545	0.026735	
0.493350	0.001577	0.025937	0.011439	0.015758	0.046162	0.105466	0.026510	0.087666	0.024319	0.068680	0.060639	0.010795	0.016739	0.004964	
0.379340	0.004865	0.133457	0.000897	0.015266	0.008999	0.042831	0.014813	0.094480	0.014148	0.004333	0.060920	0.034074	0.147671	0.043904	
0.440444	0.001049	0.093279	0.003974	0.008065	0.021661	0.066076	0.007676	0.052110	0.007241	0.022690	0.031069	0.014400	0.151775	0.078491	
0.342976	0.001395	0.131962	0.003555	0.022504	0.053859	0.087703	0.022322	0.169142	0.020829	0.020916	0.038670	0.039872	0.038727	0.005568	
0.301791	0.001384	0.139576	0.001218	0.018905	0.056207	0.088578	0.017986	0.186176	0.016763	0.006682	0.027301	0.034146	0.075619	0.027671	
0.362245	0.000860	0.167928	0.003710	0.023240	0.043063	0.074701	0.008104	0.144576	0.007663	0.021151	0.044645	0.049619	0.044581	0.003915	
0.408497	0.003265	0.150020	0.001723	0.027901	0.012722	0.033988	0.032630	0.070369	0.030511	0.010429	0.048193	0.049901	0.095475	0.024377	
0.406100	0.001203	0.208686	0.000701	0.028498	0.008234	0.022998	0.013118	0.054169	0.012468	0.003341	0.037828	0.063399	0.106324	0.032933	
0.403932	0.002049	0.196738	0.001096	0.038046	0.012756	0.022281	0.032673	0.059696	0.030049	0.007117	0.039596	0.063657	0.075155	0.015159	
0.479255	0.002632	0.030453	0.000816	0.015261	0.015291	0.028526	0.104331	0.051007	0.101767	0.005260	0.017677	0.075459	0.051951	0.020314	
0.517291	0.001275	0.029439	0.000809	0.007288	0.007869	0.020310	0.103492	0.025990	0.102681	0.004002	0.011360	0.090705	0.052710	0.024777	
0.464917	0.001531	0.026885	0.001148	0.010897	0.028162	0.042948	0.105135	0.086401	0.103569	0.006532	0.012768	0.085515	0.018145	0.005447	
0.437925	0.001382	0.050096	0.003273	0.011602	0.033750	0.067259	0.054742	0.083841	0.052927	0.019448	0.021050	0.037106	0.081892	0.043706	
0.334250	0.010575	0.063930	0.000939	0.012351	0.009921	0.055457	0.035089	0.160666	0.033018	0.005372	0.101457	0.017584	0.143866	0.015525	
0.396678	0.005504	0.082188	0.002781	0.008822	0.016045	0.059324	0.025014	0.113949	0.024530	0.015435	0.069939	0.030886	0.119966	0.028940	
0.353201	0.003085	0.056271	0.002480	0.020519	0.053146	0.086313	0.058425	0.157760	0.054784	0.015927	0.027877	0.025435	0.060334	0.024442	
0.339892	0.010137	0.059018	0.001022	0.012027	0.012940	0.056041	0.043252	0.166415	0.041337	0.005766	0.098256	0.027008	0.121698	0.005191	
0.299161	0.001604	0.075233	0.000683	0.011466	0.065013	0.101726	0.038598	0.196754	0.036631	0.003936	0.011901	0.020823	0.089504	0.046967	
