0.468668	0.000877	0.014442	0.000625	0.073312	0.044200	0.041706	0.133252	0.016293	0.141759	0.002750	0.015439	0.028098	0.014728	0.003851	
0.439432	0.005066	0.113041	0.000810	0.026766	0.019403	0.047134	0.081429	0.044947	0.076397	0.006112	0.024172	0.036134	0.075370	0.003785	
0.451485	0.005795	0.103616	0.000888	0.029775	0.025312	0.040289	0.090258	0.040045	0.084205	0.006360	0.021568	0.039650	0.051115	0.009639	
0.398010	0.002091	0.056749	0.007713	0.026429	0.044053	0.145511	0.019815	0.146989	0.017101	0.013764	0.034045	0.017726	0.062716	0.007288	
0.450631	0.005277	0.081983	0.006997	0.023104	0.043589	0.130099	0.040580	0.098306	0.032056	0.006298	0.016543	0.023096	0.032696	0.008745	
0.417871	0.005811	0.097898	0.005391	0.020053	0.034445	0.108225	0.042322	0.106426	0.032703	0.011555	0.029915	0.025076	0.056228	0.006084	
0.435793	0.000687	0.047473	0.008900	0.027470	0.065164	0.156623	0.011577	0.132932	0.011492	0.005269	0.011626	0.016247	0.033873	0.034872	
0.376336	0.000949	0.153148	0.000735	0.006976	0.030198	0.055086	0.019050	0.090401	0.018898	0.005839	0.025910	0.026070	0.144695	0.045709	
0.354700	0.000646	0.173250	0.000771	0.004648	0.024092	0.069863	0.007495	0.094995	0.007199	0.005098	0.029489	0.014525	0.177782	0.035447	
0.316332	0.000675	0.089299	0.001079	0.017761	0.056587	0.022830	0.021429	0.162647	0.022135	0.025450	0.053749	0.039568	0.088098	0.082361	
0.295366	0.000744	0.099489	0.001183	0.014818	0.044379	0.034708	0.014436	0.173932	0.014460	0.027836	0.063071	0.034796	0.116914	0.063867	
0.279824	0.001699	0.092977	0.000902	0.013069	0.047237	0.018125	0.016182	0.191567	0.014138	0.034122	0.072286	0.042549	0.102421	0.072901	
0.430248	0.009668	0.171108	0.000778	0.008057	0.013486	0.044619	0.069128	0.045580	0.052598	0.007573	0.026468	0.034714	0.081153	0.004821	
0.416404	0.009204	0.154554	0.000590	0.013051	0.014856	0.038253	0.073851	0.057161	0.058747	0.011533	0.033896	0.036446	0.076563	0.004891	
0.406433	0.012044	0.144940	0.000850	0.010299	0.018274	0.021754	0.080888	0.079100	0.059768	0.020520	0.045785	0.047880	0.040583	0.010882	
0.523465	0.000838	0.013642	0.000890	0.028241	0.007142	0.014553	0.108319	0.043025	0.114829	0.008288	0.018554	0.092527	0.022241	0.003447	
0.515540	0.003754	0.054449	0.002170	0.025800	0.016800	0.043932	0.096233	0.036609	0.095204	0.004181	0.011650	0.068774	0.021858	0.003046	
0.501895	0.001013	0.044494	0.000788	0.026105	0.027091	0.015578	0.090708	0.043956	0.095583	0.004984	0.010970	0.076335	0.026734	0.033764	
0.446785	0.000883	0.096167	0.000857	0.013264	0.058072	0.014124	0.045232	0.073320	0.047137	0.004436	0.006658	0.057320	0.043961	0.091784	
0.230170	0.000964	0.066072	0.001088	0.019916	0.018166	0.035094	0.021692	0.229132	0.021723	0.046053	0.104734	0.041036	0.143838	0.020322	
0.327229	0.003726	0.100095	0.001120	0.014170	0.027507	0.031789	0.038116	0.152319	0.032986	0.028290	0.064344	0.044139	0.099403	0.034765	
0.337116	0.001053	0.039873	0.007187	0.027745	0.039415	0.134213	0.012294	0.194032	0.011422	0.026124	0.060139	0.020513	0.083449	0.005425	
0.318621	0.006797	0.084598	0.002256	0.020169	0.020064	0.045190	0.053365	0.166874	0.042305	0.035796	0.079108	0.042499	0.076559	0.005800	
0.381381	0.001430	0.089491	0.004894	0.022289	0.036156	0.112007	0.022673	0.127440	0.021694	0.011934	0.034954	0.018519	0.099853	0.015285	
