0.024207	0.028981	0.811797	0.021821	0.026594	0.024207	0.062393	
0.036054	0.026531	0.390816	0.421769	0.050340	0.028912	0.045578	
0.045906	0.026721	0.328880	0.273724	0.026721	0.036314	0.261733	
0.797959	0.033673	0.038435	0.021769	0.026531	0.031293	0.050340	
0.252121	0.062097	0.031218	0.266373	0.147608	0.197489	0.043095	
0.532406	0.033593	0.028843	0.216491	0.033593	0.064472	0.090601	
0.116177	0.031071	0.054711	0.023978	0.345491	0.362040	0.066532	
0.026218	0.797983	0.040336	0.056807	0.021513	0.026218	0.030924	
0.052721	0.226531	0.233673	0.109864	0.286054	0.067007	0.024150	
0.104970	0.418839	0.039277	0.029545	0.090372	0.270421	0.046576	
0.035381	0.465287	0.047063	0.026035	0.054072	0.353138	0.019025	
0.046804	0.523577	0.039469	0.129934	0.195948	0.039469	0.024799	
0.032662	0.168921	0.125041	0.459914	0.030353	0.127351	0.055757	
0.035547	0.035547	0.042589	0.732730	0.044936	0.080148	0.028504	
0.042390	0.030708	0.033044	0.771362	0.023698	0.070427	0.028371	
0.101549	0.031670	0.096730	0.024441	0.034079	0.029260	0.682272	
0.038712	0.024323	0.050702	0.031518	0.021925	0.125043	0.707777	
0.021873	0.026658	0.052973	0.033835	0.062543	0.201299	0.600820	
0.021666	0.026405	0.232566	0.021666	0.336831	0.047732	0.313135	
0.219388	0.043197	0.088435	0.088435	0.400340	0.033673	0.126531	
0.213260	0.153452	0.024265	0.060150	0.287423	0.021873	0.239576	
0.060295	0.031518	0.057897	0.029120	0.357657	0.429599	0.033916	
0.039087	0.162574	0.051193	0.070564	0.065721	0.443445	0.167416	
0.095806	0.031367	0.086260	0.079100	0.062393	0.556427	0.088646	
