0.045255	0.028707	0.026342	0.026342	0.033435	0.815941	0.023978	
0.019388	0.186054	0.045578	0.031293	0.381293	0.293197	0.043197	
0.070055	0.048420	0.473901	0.017170	0.125343	0.243132	0.021978	
0.035884	0.028775	0.026405	0.024035	0.028775	0.021666	0.834462	
0.061803	0.047619	0.049983	0.232016	0.279298	0.057075	0.272205	
0.042589	0.056673	0.030852	0.028504	0.150570	0.037894	0.652918	
0.295846	0.026342	0.109085	0.184735	0.038163	0.031071	0.314759	
0.385681	0.378588	0.023978	0.042891	0.052347	0.054711	0.061803	
0.186054	0.481293	0.024150	0.050340	0.021769	0.038435	0.197959	
0.586302	0.043929	0.039087	0.063300	0.022138	0.206157	0.039087	
0.538615	0.185946	0.025853	0.035134	0.021213	0.162744	0.030494	
0.451568	0.027178	0.039373	0.022300	0.295470	0.046690	0.117422	
0.152203	0.145194	0.044726	0.037717	0.273698	0.311081	0.035381	
0.021412	0.197056	0.028438	0.026096	0.567079	0.131482	0.028438	
0.235630	0.028571	0.042689	0.023866	0.557983	0.080336	0.030924	
0.021821	0.040914	0.778384	0.079100	0.038527	0.019434	0.021821	
0.022031	0.026850	0.836489	0.024441	0.026850	0.038898	0.024441	
0.036227	0.069720	0.423787	0.036227	0.158237	0.241969	0.033835	
0.083277	0.213609	0.313135	0.031144	0.031144	0.185173	0.142519	
0.085444	0.201283	0.068896	0.213104	0.362040	0.021614	0.047619	
0.191729	0.227614	0.215653	0.067327	0.201299	0.021873	0.074504	
0.058176	0.029260	0.050947	0.631670	0.038898	0.026850	0.164200	
0.034079	0.079862	0.065404	0.699139	0.026850	0.058176	0.036489	
0.050581	0.184552	0.088859	0.497949	0.024265	0.107997	0.045796	
