0.026786	0.024382	0.279190	0.031593	0.142170	0.033997	0.461882	
0.066218	0.056807	0.030924	0.068571	0.110924	0.150924	0.515630	
0.072459	0.043613	0.101305	0.062843	0.062843	0.029190	0.627747	
0.276122	0.026721	0.252141	0.089072	0.113052	0.139431	0.103460	
0.693733	0.064016	0.033356	0.026280	0.040431	0.066375	0.075809	
0.350462	0.103460	0.036314	0.101062	0.093868	0.096266	0.218568	
0.499160	0.033277	0.280336	0.023866	0.110924	0.033277	0.019160	
0.181067	0.036489	0.065404	0.046127	0.253356	0.279862	0.137694	
0.048654	0.043823	0.145273	0.026915	0.193582	0.512422	0.029331	
0.034327	0.109570	0.141123	0.034327	0.573162	0.044036	0.063454	
0.028438	0.035463	0.131482	0.047173	0.536634	0.171295	0.049515	
0.242403	0.044359	0.191058	0.032134	0.403772	0.054139	0.032134	
0.041900	0.034972	0.097328	0.048829	0.464533	0.088090	0.224348	
0.030423	0.048942	0.044312	0.067460	0.419312	0.217923	0.171627	
0.136905	0.291997	0.051257	0.039683	0.359127	0.023479	0.097553	
0.026468	0.021717	0.024092	0.845945	0.028843	0.024092	0.028843	
0.026594	0.040914	0.045687	0.790317	0.021821	0.033754	0.040914	
0.026786	0.033997	0.103709	0.478709	0.024382	0.183036	0.149382	
0.042993	0.035884	0.697021	0.088016	0.021666	0.071429	0.042993	
0.514626	0.064626	0.078912	0.057483	0.021769	0.164626	0.097959	
0.038073	0.648922	0.042790	0.146563	0.033356	0.042790	0.047507	
0.563763	0.022300	0.044251	0.041812	0.051568	0.239373	0.036934	
0.427881	0.087302	0.038992	0.029331	0.070393	0.038992	0.307108	
0.328130	0.043095	0.180862	0.076349	0.069223	0.273498	0.028843	
