0.036314	0.710175	0.103460	0.041110	0.029120	0.043508	0.036314	
0.146910	0.328943	0.040527	0.232016	0.068896	0.135089	0.047619	
0.024382	0.680632	0.021978	0.043613	0.079670	0.103709	0.046016	
0.035884	0.047732	0.024035	0.147258	0.028775	0.031144	0.685173	
0.310195	0.059021	0.037894	0.021462	0.298457	0.059021	0.213950	
0.231293	0.028912	0.052721	0.226531	0.143197	0.031293	0.286054	
0.553529	0.026342	0.038163	0.047619	0.087808	0.026342	0.220196	
0.047959	0.188435	0.474150	0.031293	0.176531	0.033673	0.047959	
0.033997	0.156593	0.332074	0.060440	0.151786	0.026786	0.238324	
0.024678	0.073340	0.569691	0.056309	0.058742	0.051442	0.165798	
0.016689	0.044726	0.750334	0.023698	0.058745	0.042390	0.063418	
0.036934	0.029617	0.485714	0.034495	0.197909	0.024739	0.190592	
0.037542	0.230565	0.042193	0.502658	0.088704	0.023588	0.074751	
0.114286	0.035216	0.032890	0.581728	0.167774	0.018937	0.049169	
0.105721	0.042489	0.054199	0.604550	0.126798	0.033121	0.033121	
0.033835	0.057758	0.048189	0.021873	0.026658	0.710868	0.100820	
0.109570	0.082871	0.036755	0.070735	0.024619	0.611997	0.063454	
0.048537	0.048537	0.031670	0.031670	0.022031	0.781067	0.036489	
0.031144	0.078538	0.069059	0.021666	0.092756	0.445836	0.261002	
0.035630	0.049748	0.040336	0.035630	0.607395	0.193277	0.037983	
0.033514	0.057211	0.137779	0.031144	0.355789	0.230196	0.154367	
0.420106	0.067019	0.089242	0.118871	0.084303	0.052205	0.168254	
0.557247	0.060879	0.036666	0.087513	0.126254	0.104462	0.026980	
0.338399	0.142182	0.165822	0.080716	0.104357	0.026342	0.142182	
