0.028843	0.033593	0.183237	0.651171	0.050221	0.019342	0.033593	
0.040527	0.250929	0.031071	0.520432	0.023978	0.042891	0.090172	
0.026786	0.142170	0.026786	0.586882	0.094093	0.031593	0.091690	
0.184552	0.402256	0.055366	0.261107	0.041012	0.029050	0.026658	
0.197518	0.124748	0.030852	0.242119	0.040241	0.300805	0.063716	
0.106469	0.203167	0.038073	0.391846	0.016846	0.219677	0.023922	
0.023978	0.149274	0.035799	0.120905	0.617359	0.028707	0.023978	
0.110390	0.428571	0.103213	0.076897	0.158237	0.033835	0.088859	
0.040816	0.643197	0.212245	0.028912	0.021769	0.033673	0.019388	
0.299618	0.034411	0.282586	0.046576	0.253389	0.036844	0.046576	
0.243261	0.165431	0.295148	0.023922	0.153639	0.082884	0.035714	
0.320643	0.024799	0.330423	0.041914	0.139714	0.112819	0.029689	
0.107309	0.277076	0.200332	0.277076	0.042193	0.070100	0.025914	
0.218645	0.251509	0.063716	0.328974	0.035547	0.082495	0.019115	
0.203605	0.019025	0.119493	0.427904	0.149866	0.047063	0.033044	
0.117567	0.021873	0.029050	0.021873	0.033835	0.045796	0.730007	
0.029120	0.206578	0.021925	0.079479	0.029120	0.134635	0.499144	
0.106974	0.026405	0.024035	0.026405	0.140149	0.021666	0.654367	
0.060150	0.036227	0.320916	0.038619	0.026658	0.043404	0.474026	
0.455102	0.207483	0.024150	0.040816	0.117007	0.074150	0.081293	
0.285714	0.146626	0.091470	0.048304	0.125043	0.161014	0.141829	
0.051318	0.211512	0.029473	0.041609	0.024619	0.619279	0.022191	
0.154561	0.029260	0.024441	0.154561	0.154561	0.431670	0.050947	
0.088225	0.363760	0.050221	0.024092	0.071598	0.354259	0.047845	
