0.548528	0.006234	0.014382	0.000709	0.045996	0.013547	0.051528	0.114981	0.024566	0.100202	0.003089	0.008983	0.047137	0.013767	0.006351	
0.457831	0.004516	0.075143	0.001723	0.030641	0.024290	0.060724	0.094899	0.039057	0.073751	0.011561	0.014822	0.048713	0.053184	0.009146	
0.489174	0.004038	0.057028	0.001454	0.035980	0.029704	0.067988	0.089088	0.042440	0.072237	0.008494	0.013053	0.042624	0.039699	0.006999	
0.366207	0.002648	0.132758	0.004682	0.018112	0.041880	0.079105	0.031796	0.060405	0.056375	0.018637	0.022273	0.020927	0.098242	0.045952	
0.391767	0.003567	0.085174	0.002651	0.019552	0.024883	0.052242	0.042567	0.134025	0.057962	0.013976	0.045029	0.027294	0.073618	0.025693	
0.417104	0.003908	0.079854	0.002326	0.022721	0.023102	0.054181	0.057519	0.110375	0.065874	0.012242	0.036126	0.030036	0.065057	0.019574	
0.492466	0.000934	0.038245	0.001076	0.052460	0.078086	0.120568	0.008241	0.104808	0.017483	0.007740	0.029734	0.010551	0.032856	0.004753	
0.330315	0.001302	0.180199	0.003300	0.019706	0.067635	0.117230	0.033635	0.040004	0.020373	0.024138	0.013896	0.026687	0.114129	0.007451	
0.249031	0.001767	0.229143	0.005236	0.005832	0.061497	0.110829	0.009132	0.054349	0.026961	0.029953	0.021198	0.012193	0.152173	0.030706	
0.286701	0.005980	0.104132	0.001667	0.028659	0.037018	0.057750	0.013260	0.174061	0.023753	0.025198	0.076453	0.037094	0.107117	0.021156	
0.249591	0.005510	0.145900	0.001844	0.021741	0.041770	0.069061	0.015397	0.159493	0.017201	0.028919	0.070055	0.036014	0.126250	0.011254	
0.249202	0.006520	0.115393	0.001954	0.019661	0.024996	0.040172	0.011832	0.203562	0.027945	0.027268	0.087714	0.038157	0.119862	0.025764	
0.407496	0.003394	0.113045	0.002292	0.023281	0.035399	0.077882	0.060901	0.072647	0.059273	0.014368	0.021473	0.026747	0.075043	0.006759	
0.389079	0.004600	0.107418	0.001956	0.024946	0.029643	0.067172	0.064022	0.083353	0.059268	0.016315	0.030758	0.034647	0.078956	0.007866	
0.406018	0.006255	0.066207	0.001022	0.035290	0.023474	0.052834	0.066709	0.104016	0.060875	0.015070	0.044509	0.043753	0.064456	0.009512	
0.521434	0.001126	0.019874	0.000926	0.018430	0.008998	0.015168	0.161473	0.029209	0.057996	0.008880	0.011472	0.117348	0.019003	0.008664	
0.493979	0.001049	0.022672	0.002653	0.014266	0.009628	0.019215	0.092722	0.108257	0.067922	0.006084	0.031118	0.064424	0.030133	0.035878	
0.529656	0.001099	0.016542	0.001313	0.030263	0.028092	0.043402	0.123385	0.030551	0.051595	0.007817	0.011226	0.091028	0.018256	0.015775	
0.510137	0.000865	0.016932	0.011101	0.012176	0.007648	0.013368	0.012816	0.027481	0.130687	0.003304	0.009201	0.009669	0.052070	0.182543	
0.236276	0.005215	0.158333	0.001910	0.015710	0.037836	0.063540	0.025512	0.156083	0.016605	0.030291	0.068569	0.043335	0.132176	0.008608	
0.319206	0.003631	0.114599	0.002848	0.015726	0.032079	0.054046	0.029440	0.146767	0.035460	0.021739	0.057241	0.037418	0.101208	0.028594	
0.371999	0.001395	0.076328	0.002189	0.006809	0.022736	0.042006	0.010104	0.245381	0.039502	0.011372	0.071916	0.010699	0.070946	0.016619	
0.430557	0.001422	0.024798	0.000780	0.015800	0.020054	0.034539	0.018552	0.270116	0.038871	0.005652	0.078119	0.015919	0.039414	0.005407	
0.300672	0.002191	0.156253	0.002970	0.008844	0.042861	0.077429	0.019508	0.144546	0.027622	0.022496	0.047901	0.020636	0.113653	0.012418	
