0.028981	0.028981	0.205592	0.069553	0.143539	0.021821	0.501534	
0.099139	0.046127	0.116007	0.116007	0.022031	0.224441	0.376248	
0.065721	0.041508	0.041508	0.031823	0.048772	0.174680	0.595988	
0.693197	0.062245	0.095578	0.071769	0.017007	0.021769	0.038435	
0.460054	0.187542	0.024035	0.026405	0.024035	0.256263	0.021666	
0.521666	0.125931	0.057211	0.026405	0.028775	0.199391	0.040623	
0.371496	0.364404	0.033435	0.021614	0.149274	0.019250	0.040527	
0.031367	0.181725	0.284350	0.198432	0.050460	0.148312	0.105353	
0.104210	0.084886	0.478606	0.152519	0.099379	0.055901	0.024500	
0.036844	0.102537	0.044143	0.323949	0.411540	0.053876	0.027112	
0.035381	0.142857	0.042390	0.299399	0.427904	0.021362	0.030708	
0.161718	0.134824	0.151939	0.193503	0.239958	0.093259	0.024799	
0.028239	0.037542	0.151495	0.679402	0.023588	0.035216	0.044518	
0.028239	0.028239	0.042193	0.509635	0.025914	0.332890	0.032890	
0.058883	0.101037	0.030780	0.531950	0.028438	0.204082	0.044831	
0.024323	0.168208	0.033916	0.043508	0.021925	0.024323	0.683796	
0.026786	0.026786	0.026786	0.036401	0.019574	0.171016	0.692651	
0.038805	0.067651	0.031593	0.031593	0.219093	0.024382	0.586882	
0.112245	0.028912	0.088435	0.026531	0.474150	0.026531	0.243197	
0.036140	0.496761	0.105353	0.033754	0.021821	0.243778	0.062393	
0.045687	0.181725	0.057620	0.026594	0.267644	0.255711	0.165019	
0.095007	0.534327	0.063454	0.029473	0.199376	0.046463	0.031900	
0.024441	0.549742	0.050947	0.024441	0.031670	0.287091	0.031670	
0.038805	0.310440	0.291209	0.026786	0.245536	0.038805	0.048420	
