0.028707	0.033435	0.026342	0.023978	0.021614	0.019250	0.846673	
0.052721	0.571769	0.047959	0.047959	0.105102	0.076531	0.097959	
0.070055	0.603709	0.103709	0.077266	0.024382	0.021978	0.098901	
0.540816	0.064626	0.088435	0.031293	0.069388	0.167007	0.038435	
0.453387	0.131791	0.148223	0.016767	0.195171	0.030852	0.023810	
0.434299	0.231469	0.163073	0.019205	0.040431	0.082884	0.028639	
0.797028	0.035799	0.040527	0.021614	0.040527	0.023978	0.040527	
0.031218	0.252121	0.043095	0.019342	0.140482	0.349508	0.164235	
0.050581	0.024265	0.179768	0.026658	0.072112	0.502734	0.143882	
0.225527	0.041508	0.273954	0.092356	0.194051	0.121411	0.051193	
0.155265	0.037894	0.197518	0.028504	0.023810	0.528504	0.028504	
0.039277	0.031978	0.027112	0.024678	0.822732	0.029545	0.024678	
0.030636	0.077256	0.520147	0.051615	0.060939	0.107559	0.151848	
0.040147	0.101037	0.517899	0.056541	0.138508	0.112747	0.033121	
0.025794	0.169312	0.465608	0.039683	0.245701	0.021164	0.032738	
0.021821	0.052847	0.021821	0.766451	0.045687	0.057620	0.033754	
0.036401	0.262363	0.021978	0.531593	0.017170	0.043613	0.086882	
0.046016	0.036401	0.084478	0.735920	0.029190	0.043613	0.024382	
0.045578	0.028912	0.155102	0.326531	0.086054	0.281293	0.076531	
0.268571	0.049748	0.028571	0.315630	0.125042	0.193277	0.019160	
0.162245	0.081293	0.024150	0.264626	0.217007	0.217007	0.033673	
0.735284	0.024441	0.036489	0.043718	0.031670	0.106368	0.022031	
0.418613	0.178228	0.055632	0.240728	0.031593	0.050824	0.024382	
0.439482	0.021821	0.043300	0.040914	0.021821	0.353563	0.079100	
