0.187988	0.399389	0.173736	0.149983	0.031218	0.026468	0.031218	
0.374454	0.362689	0.028571	0.077983	0.052101	0.068571	0.035630	
0.275461	0.478811	0.033835	0.086466	0.041012	0.060150	0.024265	
0.163412	0.024323	0.127441	0.045906	0.057897	0.513532	0.067489	
0.042891	0.135089	0.090172	0.021614	0.605539	0.045255	0.059439	
0.124150	0.057483	0.343197	0.040816	0.350340	0.036054	0.047959	
0.209748	0.021513	0.035630	0.099160	0.579160	0.028571	0.026218	
0.408997	0.038805	0.185440	0.021978	0.058036	0.067651	0.219093	
0.385509	0.043404	0.119959	0.062543	0.131921	0.036227	0.220437	
0.048772	0.063300	0.131097	0.174680	0.039087	0.082670	0.460394	
0.198450	0.021563	0.071092	0.085243	0.049865	0.075809	0.497978	
0.027513	0.064550	0.062081	0.138624	0.200353	0.094180	0.412698	
0.360797	0.067774	0.030565	0.346844	0.018937	0.030565	0.144518	
0.080148	0.138833	0.068410	0.354795	0.077800	0.113011	0.167002	
0.086986	0.178321	0.047173	0.393777	0.108063	0.061224	0.124456	
0.372045	0.252141	0.057897	0.079479	0.024323	0.184995	0.029120	
0.415395	0.257628	0.068308	0.063454	0.017337	0.145978	0.031900	
0.246784	0.194651	0.166215	0.128301	0.052471	0.189912	0.021666	
0.033997	0.053228	0.089286	0.190247	0.055632	0.541209	0.036401	
0.081099	0.252121	0.026468	0.047845	0.285375	0.111978	0.195114	
0.033514	0.133040	0.040623	0.024035	0.061950	0.370007	0.336831	
0.306917	0.024678	0.034411	0.022245	0.445603	0.126868	0.039277	
0.219911	0.064780	0.322537	0.095806	0.133992	0.126833	0.036140	
0.411825	0.031442	0.103213	0.029050	0.280246	0.081681	0.062543	
