0.028707	0.031071	0.740290	0.021614	0.019250	0.139818	0.019250	
0.036054	0.617007	0.026531	0.078912	0.112245	0.043197	0.086054	
0.031218	0.753308	0.019342	0.028843	0.019342	0.114354	0.033593	
0.764626	0.028912	0.019388	0.019388	0.045578	0.086054	0.036054	
0.332884	0.174865	0.021563	0.038073	0.087601	0.104111	0.240903	
0.450575	0.192282	0.026405	0.033514	0.059580	0.076168	0.161476	
0.312990	0.038527	0.021821	0.038527	0.100580	0.122059	0.365496	
0.062097	0.244995	0.043095	0.021717	0.484900	0.092976	0.050221	
0.082670	0.026980	0.128675	0.022138	0.518506	0.143203	0.077828	
0.124435	0.034411	0.107404	0.031978	0.508863	0.165798	0.027112	
0.030636	0.023643	0.091242	0.023643	0.699634	0.102897	0.028305	
0.243657	0.044143	0.049009	0.031978	0.547793	0.034411	0.049009	
0.025914	0.432890	0.139867	0.035216	0.225914	0.084053	0.056146	
0.114552	0.499167	0.037629	0.032967	0.245088	0.046953	0.023643	
0.104497	0.451720	0.023479	0.035053	0.171627	0.157738	0.055886	
0.024092	0.035969	0.028843	0.606040	0.040719	0.228368	0.035969	
0.031218	0.102477	0.031218	0.769936	0.019342	0.026468	0.019342	
0.038253	0.035884	0.104604	0.666215	0.024035	0.111713	0.019296	
0.175694	0.031144	0.343940	0.227827	0.031144	0.097495	0.092756	
0.081293	0.055102	0.026531	0.131293	0.100340	0.109864	0.495578	
0.140782	0.140782	0.039087	0.123833	0.290903	0.022138	0.242477	
0.090153	0.048890	0.031900	0.022191	0.022191	0.078017	0.706657	
0.019669	0.200828	0.029331	0.096963	0.024500	0.118703	0.510007	
0.045687	0.050460	0.095806	0.038527	0.021821	0.133992	0.613706	
