0.574543	0.001020	0.023846	0.001141	0.031075	0.009425	0.031990	0.098703	0.026074	0.088462	0.005627	0.006068	0.079789	0.015959	0.006278	
0.548290	0.002668	0.049353	0.001430	0.024061	0.029976	0.035037	0.072968	0.028455	0.067231	0.012002	0.020444	0.051903	0.042019	0.014163	
0.489468	0.006011	0.025049	0.000756	0.030867	0.033533	0.015377	0.097117	0.065757	0.091993	0.011393	0.022808	0.054380	0.023170	0.032322	
0.648975	0.000647	0.037688	0.004342	0.004639	0.058234	0.108298	0.009354	0.050810	0.008717	0.023882	0.007803	0.013986	0.017857	0.004770	
0.348837	0.002244	0.083702	0.007322	0.020051	0.020062	0.185757	0.028770	0.138592	0.027507	0.003901	0.047557	0.018498	0.055160	0.012042	
0.370622	0.001282	0.121337	0.008201	0.011393	0.018095	0.209145	0.017172	0.072400	0.016256	0.007971	0.038663	0.015964	0.084280	0.007219	
0.401597	0.000777	0.041210	0.005022	0.025811	0.038324	0.124950	0.008770	0.231765	0.008288	0.003448	0.068858	0.007856	0.029487	0.003837	
0.407957	0.001142	0.108655	0.002020	0.015714	0.037484	0.047640	0.028691	0.121312	0.026364	0.024914	0.032529	0.037946	0.090524	0.017107	
0.399532	0.000867	0.135374	0.002719	0.017767	0.026589	0.066704	0.031534	0.065657	0.028616	0.015284	0.047871	0.034492	0.117956	0.009037	
0.237259	0.001785	0.140777	0.001034	0.012803	0.039952	0.019869	0.023920	0.233661	0.022745	0.043714	0.020020	0.051547	0.112602	0.038312	
0.281918	0.001306	0.132372	0.000768	0.012080	0.045178	0.012931	0.017391	0.226149	0.016475	0.043093	0.022682	0.046397	0.107548	0.033714	
0.217123	0.000889	0.174791	0.002689	0.010949	0.031315	0.063329	0.011573	0.193814	0.010883	0.036243	0.034939	0.040892	0.142238	0.028334	
0.483213	0.000724	0.078917	0.000848	0.023909	0.023150	0.020824	0.062688	0.070362	0.056164	0.016151	0.023631	0.060918	0.067971	0.010529	
0.316523	0.001640	0.157147	0.001695	0.025227	0.015660	0.040227	0.049000	0.073181	0.044892	0.010893	0.061904	0.044687	0.143900	0.013422	
0.379029	0.001686	0.105829	0.002040	0.026284	0.019680	0.049915	0.054367	0.099145	0.049710	0.010528	0.047716	0.047224	0.093387	0.013461	
0.475289	0.008520	0.034761	0.000746	0.029244	0.035231	0.013786	0.113918	0.018494	0.109408	0.014159	0.014385	0.055705	0.031286	0.045069	
0.505621	0.007559	0.026861	0.000747	0.027718	0.039235	0.014007	0.103422	0.030204	0.099133	0.015093	0.014232	0.052105	0.023951	0.040113	
0.380556	0.009975	0.035826	0.002462	0.033339	0.021582	0.058422	0.129238	0.041949	0.124448	0.008550	0.015035	0.060175	0.025481	0.052961	
0.319746	0.009750	0.066073	0.002996	0.033172	0.015315	0.072111	0.124261	0.042524	0.119795	0.007048	0.024460	0.058248	0.052305	0.052197	
0.232076	0.003322	0.180592	0.001093	0.029660	0.022385	0.021342	0.041998	0.102825	0.040330	0.007110	0.094781	0.027734	0.175455	0.019296	
0.230867	0.003880	0.172998	0.001575	0.023064	0.023458	0.034128	0.049159	0.106321	0.047246	0.019067	0.060763	0.040400	0.156568	0.030506	
0.372767	0.000977	0.083272	0.001904	0.029774	0.041233	0.042956	0.013161	0.206064	0.012392	0.004976	0.090415	0.011403	0.083879	0.004826	
0.357054	0.004434	0.037946	0.001360	0.036916	0.037880	0.028611	0.056511	0.214551	0.054331	0.004553	0.071627	0.028924	0.041028	0.024272	
0.455487	0.000864	0.073810	0.003210	0.018513	0.044832	0.077808	0.012654	0.148582	0.011840	0.014654	0.052330	0.016076	0.061989	0.007351	
