0.035969	0.019342	0.608415	0.019342	0.126230	0.019342	0.171361	
0.109085	0.170550	0.104357	0.026342	0.094900	0.054711	0.440054	
0.022084	0.193582	0.058316	0.041408	0.024500	0.026915	0.633195	
0.173004	0.249743	0.360055	0.091470	0.043508	0.055498	0.026721	
0.037983	0.075630	0.329748	0.026218	0.075630	0.416807	0.037983	
0.145875	0.084842	0.357143	0.061368	0.042589	0.218645	0.089537	
0.031071	0.023978	0.572442	0.094900	0.023978	0.215468	0.038163	
0.523014	0.117286	0.036140	0.048074	0.052847	0.069553	0.153086	
0.576897	0.186945	0.043404	0.072112	0.024265	0.043404	0.052973	
0.520927	0.026980	0.063300	0.164995	0.072985	0.109305	0.041508	
0.561816	0.137222	0.065297	0.051376	0.042095	0.107060	0.035134	
0.394958	0.029762	0.201331	0.169468	0.034664	0.127801	0.042017	
0.179639	0.096880	0.062397	0.432512	0.027915	0.060099	0.140558	
0.129960	0.120701	0.030423	0.544312	0.028108	0.053571	0.092923	
0.042390	0.037717	0.028371	0.537717	0.040053	0.247997	0.065754	
0.026721	0.175403	0.036314	0.074683	0.578280	0.048304	0.060295	
0.024323	0.098664	0.033916	0.029120	0.662213	0.026721	0.125043	
0.041012	0.127136	0.036227	0.017088	0.701299	0.045796	0.031442	
0.078538	0.310765	0.324983	0.064320	0.045362	0.016926	0.159106	
0.036054	0.212245	0.021769	0.114626	0.038435	0.538435	0.038435	
0.289438	0.109343	0.078538	0.028775	0.080907	0.289438	0.123561	
0.152151	0.140103	0.116007	0.128055	0.038898	0.385886	0.038898	
0.118417	0.046127	0.070224	0.041308	0.036489	0.508778	0.178657	
0.243132	0.269574	0.062843	0.089286	0.046016	0.257555	0.031593	
