0.021925	0.561494	0.036314	0.161014	0.026721	0.163412	0.029120	
0.031367	0.351176	0.119673	0.021821	0.112513	0.308217	0.055234	
0.026850	0.547332	0.070224	0.036489	0.058176	0.130465	0.130465	
0.026405	0.038253	0.682803	0.031144	0.026405	0.175694	0.019296	
0.409212	0.035381	0.191923	0.049399	0.217623	0.035381	0.061081	
0.088225	0.033593	0.397014	0.040719	0.140482	0.268748	0.031218	
0.468571	0.122689	0.277983	0.042689	0.035630	0.023866	0.028571	
0.047959	0.197959	0.038435	0.317007	0.319388	0.047959	0.031293	
0.031593	0.197459	0.197459	0.132555	0.327266	0.091690	0.021978	
0.036844	0.146333	0.109837	0.508863	0.068474	0.097671	0.031978	
0.030708	0.047063	0.044726	0.762016	0.075100	0.023698	0.016689	
0.080836	0.022300	0.168641	0.483275	0.178397	0.039373	0.027178	
0.023588	0.149169	0.056146	0.139867	0.077076	0.509635	0.044518	
0.021262	0.021262	0.028239	0.023588	0.295681	0.586379	0.023588	
0.124456	0.033121	0.035463	0.061224	0.065908	0.649047	0.030780	
0.021925	0.125043	0.043508	0.077081	0.021925	0.043508	0.667009	
0.033997	0.041209	0.031593	0.033997	0.041209	0.024382	0.793613	
0.041308	0.050947	0.041308	0.038898	0.026850	0.031670	0.769019	
0.022031	0.595525	0.178657	0.041308	0.079862	0.029260	0.053356	
0.367395	0.033277	0.030924	0.035630	0.334454	0.030924	0.167395	
0.068143	0.225527	0.145624	0.077828	0.286060	0.046351	0.150467	
0.482099	0.068474	0.148766	0.100104	0.041710	0.109837	0.049009	
0.488268	0.031746	0.024500	0.043823	0.200828	0.096963	0.113872	
0.436489	0.060585	0.113597	0.166609	0.132874	0.026850	0.062995	
