0.017088	0.536227	0.280246	0.038619	0.019481	0.057758	0.050581	
0.038898	0.597935	0.031670	0.070224	0.029260	0.178657	0.053356	
0.050702	0.652621	0.050702	0.036314	0.021925	0.021925	0.165810	
0.581293	0.055102	0.031293	0.174150	0.088435	0.033673	0.036054	
0.539345	0.031071	0.019250	0.090172	0.064168	0.222560	0.033435	
0.313135	0.116452	0.026405	0.059580	0.106974	0.346310	0.031144	
0.562689	0.028571	0.226218	0.037983	0.096807	0.023866	0.023866	
0.045687	0.291510	0.036140	0.408456	0.145926	0.038527	0.033754	
0.055766	0.062995	0.277453	0.414802	0.130465	0.036489	0.022031	
0.051442	0.024678	0.365311	0.399374	0.068474	0.044143	0.046576	
0.040053	0.037717	0.339119	0.488652	0.054072	0.021362	0.019025	
0.159273	0.024799	0.252183	0.298638	0.159273	0.083479	0.022354	
0.016611	0.035216	0.032890	0.542193	0.028239	0.316611	0.028239	
0.023588	0.042193	0.016611	0.304983	0.037542	0.509635	0.065449	
0.056541	0.033121	0.016728	0.213449	0.065908	0.576447	0.037805	
0.024323	0.050702	0.033916	0.021925	0.045906	0.029120	0.794108	
0.021978	0.353709	0.033997	0.041209	0.017170	0.033997	0.497940	
0.024265	0.045796	0.225222	0.029050	0.038619	0.017088	0.619959	
0.076531	0.064626	0.643197	0.026531	0.071769	0.021769	0.095578	
0.028912	0.057483	0.036054	0.045578	0.590816	0.038435	0.202721	
0.043197	0.131293	0.169388	0.045578	0.397959	0.107483	0.105102	
0.070564	0.058457	0.240055	0.031823	0.516084	0.034244	0.048772	
0.048537	0.301549	0.055766	0.058176	0.385886	0.116007	0.034079	
0.070735	0.099861	0.148405	0.085298	0.471221	0.022191	0.102288	
