0.480962	0.002179	0.019187	0.000873	0.039223	0.019925	0.064696	0.032481	0.014598	0.126481	0.003145	0.005928	0.015602	0.012346	0.162375	
0.400913	0.008243	0.145335	0.000884	0.041404	0.017337	0.020287	0.141712	0.023967	0.072775	0.004749	0.012545	0.059604	0.044859	0.005387	
0.296339	0.015914	0.044137	0.000900	0.010315	0.018792	0.019031	0.278610	0.078009	0.138231	0.007180	0.025579	0.014267	0.042627	0.010069	
0.565516	0.001012	0.019132	0.011442	0.005276	0.079321	0.196301	0.013365	0.025034	0.011484	0.033536	0.009024	0.008895	0.016289	0.004372	
0.420481	0.002801	0.085177	0.005870	0.020147	0.043565	0.102804	0.045166	0.098530	0.027140	0.022444	0.032572	0.027681	0.058806	0.006816	
0.400131	0.005151	0.044181	0.005930	0.006308	0.049724	0.108780	0.087108	0.105274	0.049435	0.023806	0.034585	0.012892	0.058351	0.008345	
0.429443	0.000878	0.042857	0.007639	0.007586	0.053409	0.132668	0.011123	0.138805	0.015137	0.029836	0.044472	0.013318	0.065999	0.006830	
0.314247	0.002396	0.130630	0.000813	0.012127	0.048086	0.057952	0.037976	0.123840	0.031802	0.016943	0.046948	0.041353	0.121022	0.013864	
0.348990	0.001215	0.139975	0.000994	0.012678	0.060581	0.076581	0.016731	0.075565	0.029060	0.016388	0.033289	0.042878	0.115852	0.029224	
0.281558	0.001031	0.129702	0.000691	0.015852	0.038577	0.052060	0.013594	0.169223	0.027989	0.017598	0.058707	0.034966	0.128955	0.029497	
0.278303	0.001059	0.131994	0.000640	0.010979	0.045918	0.057435	0.014178	0.163348	0.024558	0.018609	0.058184	0.035543	0.136212	0.023038	
0.298528	0.000968	0.116015	0.001759	0.015111	0.038641	0.062161	0.012525	0.173447	0.025338	0.019628	0.058914	0.031157	0.120344	0.025465	
0.385506	0.002937	0.171982	0.000787	0.035383	0.035763	0.043852	0.047269	0.048985	0.033410	0.009967	0.023176	0.062253	0.084769	0.013962	
0.461469	0.001083	0.195638	0.001849	0.058443	0.016831	0.034437	0.014110	0.032912	0.015832	0.007681	0.016440	0.081179	0.055350	0.006747	
0.333660	0.003190	0.159428	0.000715	0.029595	0.029817	0.035298	0.052014	0.110629	0.030873	0.012649	0.041110	0.054809	0.101430	0.004782	
0.679053	0.001151	0.015501	0.000700	0.041703	0.005895	0.010977	0.015436	0.015189	0.073824	0.005177	0.020517	0.098271	0.011241	0.005366	
0.633133	0.003810	0.014854	0.001035	0.036352	0.009669	0.016631	0.062817	0.012547	0.086561	0.005508	0.017441	0.084597	0.009649	0.005396	
0.528371	0.007181	0.017139	0.001082	0.028561	0.014318	0.025191	0.122744	0.025753	0.108906	0.005674	0.016737	0.055646	0.015787	0.026910	
0.554828	0.000826	0.017624	0.002132	0.035995	0.021604	0.063082	0.009031	0.030107	0.089252	0.008401	0.015550	0.042642	0.017404	0.091521	
0.273068	0.002329	0.149439	0.001005	0.032759	0.010527	0.020350	0.036814	0.204193	0.023494	0.015281	0.066007	0.044906	0.113487	0.006343	
0.249930	0.002361	0.093165	0.000845	0.018912	0.010332	0.021485	0.037514	0.256815	0.037951	0.018329	0.082332	0.029763	0.124147	0.016119	
0.387726	0.002196	0.067602	0.003657	0.019682	0.029919	0.070803	0.034338	0.146957	0.041020	0.019617	0.048842	0.029693	0.075659	0.022290	
0.331744	0.006453	0.051074	0.001786	0.013962	0.017467	0.032696	0.110338	0.173146	0.071239	0.015897	0.057481	0.028945	0.081319	0.006452	
0.448925	0.000705	0.048683	0.006639	0.012538	0.049614	0.120232	0.007885	0.118752	0.021826	0.026416	0.039684	0.021837	0.062007	0.014257	
