0.611769	0.001081	0.013014	0.000762	0.044208	0.025418	0.057928	0.067704	0.017371	0.125950	0.002722	0.006452	0.011074	0.010600	0.003947	
0.453562	0.009931	0.075394	0.001063	0.014682	0.028969	0.025783	0.165155	0.037791	0.085086	0.009251	0.034242	0.013743	0.035271	0.010076	
0.485709	0.013925	0.020263	0.000651	0.011700	0.029896	0.013847	0.229914	0.018688	0.112464	0.006933	0.024516	0.014226	0.013781	0.003489	
0.360821	0.002474	0.084357	0.006828	0.015477	0.053273	0.076076	0.022318	0.079458	0.018514	0.029411	0.014081	0.016327	0.216184	0.004403	
0.198184	0.001028	0.114506	0.003123	0.039234	0.026265	0.252337	0.039628	0.244078	0.021144	0.003687	0.010175	0.021913	0.019689	0.005010	
0.341462	0.002276	0.105116	0.005226	0.021079	0.042298	0.096615	0.027257	0.102215	0.023369	0.021756	0.020862	0.027921	0.155657	0.006890	
0.284545	0.002826	0.059783	0.001664	0.018241	0.035161	0.106953	0.053554	0.252470	0.026039	0.017688	0.054217	0.010864	0.020767	0.055230	
0.361640	0.002017	0.091213	0.003157	0.011389	0.041500	0.026263	0.021148	0.153202	0.019311	0.026873	0.059320	0.021416	0.112271	0.049278	
0.422628	0.002043	0.129078	0.005254	0.017242	0.044155	0.036067	0.021202	0.027739	0.029802	0.024874	0.027320	0.018218	0.188695	0.005684	
0.338615	0.001069	0.156981	0.000879	0.017503	0.025225	0.039642	0.014646	0.166481	0.017330	0.017140	0.076397	0.033916	0.040285	0.053891	
0.349837	0.001465	0.097941	0.002869	0.009924	0.041488	0.022372	0.012416	0.172823	0.012556	0.027969	0.067311	0.017326	0.105662	0.058043	
0.344373	0.000818	0.080554	0.000681	0.014074	0.032976	0.030031	0.015239	0.232321	0.022169	0.022511	0.081430	0.020740	0.024590	0.077493	
0.392707	0.001379	0.206153	0.002104	0.023501	0.023480	0.047923	0.021449	0.051180	0.028903	0.012613	0.051786	0.032699	0.089083	0.015040	
0.381853	0.001360	0.238362	0.002404	0.024767	0.020249	0.051199	0.015043	0.025671	0.023552	0.011196	0.050026	0.046739	0.102634	0.004946	
0.364739	0.001850	0.210134	0.001200	0.022196	0.019161	0.046873	0.026913	0.082599	0.025360	0.011160	0.063005	0.042215	0.057614	0.024980	
0.540672	0.003286	0.016751	0.000745	0.041043	0.010998	0.010761	0.051101	0.018288	0.112584	0.004122	0.025189	0.143900	0.016426	0.004134	
0.549563	0.001085	0.018606	0.000921	0.046775	0.007833	0.011624	0.013658	0.016391	0.111011	0.003920	0.024455	0.168682	0.022288	0.003190	
0.477692	0.007758	0.042431	0.000791	0.025857	0.021316	0.031642	0.129494	0.042518	0.098661	0.005899	0.028291	0.064742	0.015632	0.007278	
0.447581	0.003251	0.026423	0.001375	0.022829	0.031129	0.026527	0.058154	0.127680	0.069137	0.016353	0.045571	0.045123	0.038658	0.040208	
0.407674	0.002136	0.056151	0.004746	0.017263	0.044440	0.031443	0.018534	0.094850	0.036185	0.027021	0.032992	0.044938	0.157203	0.024426	
0.393506	0.003302	0.056588	0.004757	0.012557	0.047725	0.031095	0.037610	0.104403	0.032562	0.028381	0.035367	0.026264	0.158081	0.027803	
0.337764	0.005604	0.069023	0.002366	0.026244	0.029479	0.126393	0.099658	0.141390	0.056792	0.008663	0.021106	0.029409	0.036462	0.009647	
0.383745	0.007139	0.043504	0.002381	0.012196	0.039021	0.048518	0.113821	0.128852	0.055825	0.018468	0.039155	0.011259	0.065542	0.030574	
0.326027	0.002388	0.088914	0.003599	0.031166	0.032437	0.148805	0.048625	0.142197	0.041555	0.011125	0.014165	0.029407	0.075128	0.004461	
