0.095578	0.024150	0.090816	0.102721	0.605102	0.043197	0.038435	
0.033435	0.262749	0.033435	0.054711	0.466059	0.035799	0.113813	
0.046463	0.209085	0.022191	0.022191	0.454230	0.061026	0.184813	
0.555366	0.179768	0.021873	0.026658	0.060150	0.074504	0.081681	
0.395137	0.035799	0.224924	0.038163	0.127997	0.125633	0.052347	
0.429599	0.170606	0.115450	0.098664	0.072285	0.079479	0.033916	
0.692101	0.023866	0.059160	0.021513	0.127395	0.049748	0.026218	
0.028707	0.388045	0.094900	0.184735	0.035799	0.234380	0.033435	
0.249146	0.576897	0.048189	0.050581	0.024265	0.031442	0.019481	
0.201803	0.027046	0.330444	0.034327	0.104716	0.257628	0.044036	
0.054326	0.185781	0.528504	0.037894	0.023810	0.136486	0.033199	
0.224739	0.024739	0.278397	0.049129	0.024739	0.373519	0.024739	
0.063123	0.293355	0.032890	0.035216	0.067774	0.460797	0.046844	
0.025914	0.165449	0.028239	0.044518	0.111960	0.600332	0.023588	
0.042193	0.049169	0.098007	0.042193	0.130565	0.602658	0.035216	
0.026721	0.149024	0.024323	0.065091	0.125043	0.041110	0.568688	
0.065247	0.120536	0.019574	0.122940	0.046016	0.029190	0.596497	
0.041012	0.041012	0.124744	0.026658	0.072112	0.029050	0.665414	
0.187393	0.290510	0.113052	0.024323	0.134635	0.024323	0.225762	
0.026468	0.176111	0.033593	0.537156	0.066848	0.054971	0.104852	
0.163846	0.234936	0.028775	0.365267	0.047732	0.090386	0.069059	
0.121706	0.192094	0.223648	0.128988	0.095007	0.041609	0.196949	
0.048654	0.046239	0.092133	0.379572	0.258799	0.029331	0.145273	
0.055632	0.351305	0.305632	0.058036	0.113324	0.026786	0.089286	
