0.021821	0.045687	0.036140	0.024207	0.024207	0.811797	0.036140	
0.016966	0.159484	0.047845	0.047845	0.430268	0.195114	0.102477	
0.029120	0.050702	0.019527	0.062693	0.208976	0.336074	0.292909	
0.031293	0.028912	0.036054	0.797959	0.024150	0.045578	0.036054	
0.083475	0.062097	0.261622	0.242620	0.271123	0.047845	0.031218	
0.043197	0.031293	0.045578	0.517007	0.259864	0.031293	0.071769	
0.035799	0.028707	0.648092	0.175279	0.026342	0.035799	0.049983	
0.350220	0.305302	0.042891	0.049983	0.158730	0.061803	0.031071	
0.252721	0.550340	0.031293	0.057483	0.036054	0.038435	0.033673	
0.548263	0.042120	0.093717	0.115830	0.054405	0.078975	0.066690	
0.734599	0.067932	0.060939	0.058608	0.021312	0.025974	0.030636	
0.702061	0.090814	0.049249	0.019909	0.078589	0.029689	0.029689	
0.278754	0.104740	0.060656	0.028174	0.304276	0.090819	0.132582	
0.081918	0.130869	0.035298	0.044622	0.576091	0.088911	0.042291	
0.082302	0.033121	0.023754	0.021412	0.775510	0.030780	0.033121	
0.026594	0.038527	0.062393	0.040914	0.024207	0.031367	0.775997	
0.026721	0.038712	0.019527	0.041110	0.089072	0.031518	0.753340	
0.029050	0.029050	0.131921	0.036227	0.019481	0.122351	0.631921	
0.040816	0.286054	0.167007	0.045578	0.026531	0.157483	0.276531	
0.047959	0.169388	0.340816	0.193197	0.097959	0.040816	0.109864	
0.057211	0.175694	0.173324	0.315504	0.102234	0.064320	0.111713	
0.061324	0.124739	0.663763	0.027178	0.044251	0.054007	0.024739	
0.116569	0.058457	0.462816	0.024559	0.145624	0.039087	0.152888	
0.036140	0.165019	0.243778	0.386976	0.019434	0.086260	0.062393	
