0.481758	0.007501	0.069940	0.000558	0.036526	0.027052	0.046082	0.113878	0.058075	0.111502	0.002826	0.009883	0.014792	0.015344	0.004284	
0.569462	0.004206	0.011527	0.000889	0.026336	0.014831	0.023179	0.092050	0.017643	0.096757	0.011173	0.038763	0.076240	0.013021	0.003923	
0.496091	0.006743	0.047395	0.001011	0.032784	0.019746	0.041487	0.102715	0.049251	0.103266	0.007405	0.018149	0.027773	0.035491	0.010694	
0.449694	0.001129	0.061583	0.005033	0.027826	0.026363	0.090469	0.039795	0.128248	0.043889	0.016921	0.055768	0.033971	0.014612	0.004698	
0.309709	0.001109	0.102995	0.006576	0.025635	0.031276	0.119826	0.030081	0.185771	0.025768	0.021141	0.084583	0.038089	0.013191	0.004250	
0.345039	0.003539	0.063031	0.005110	0.022722	0.015239	0.087620	0.046076	0.133186	0.043585	0.023241	0.066723	0.037992	0.081454	0.025443	
0.272503	0.001901	0.132906	0.005898	0.027939	0.041259	0.116663	0.015845	0.199519	0.016363	0.019787	0.066717	0.020712	0.047172	0.014815	
0.389160	0.002914	0.111357	0.001136	0.019227	0.040294	0.048777	0.064362	0.102879	0.050386	0.011290	0.023921	0.033967	0.076418	0.023912	
0.290436	0.006442	0.106890	0.001014	0.018709	0.029421	0.035468	0.038317	0.103557	0.038400	0.020631	0.017790	0.027183	0.202593	0.063150	
0.285573	0.002098	0.203885	0.000586	0.024609	0.075260	0.060827	0.024369	0.164586	0.019158	0.007324	0.019261	0.030495	0.062411	0.019558	
0.293987	0.002066	0.194143	0.000972	0.025837	0.072808	0.061503	0.014012	0.164067	0.015492	0.009269	0.021961	0.033210	0.069032	0.021639	
0.292474	0.002302	0.161770	0.002473	0.024406	0.056638	0.075813	0.027837	0.163740	0.024005	0.013167	0.041749	0.036220	0.058940	0.018466	
0.392773	0.002720	0.136213	0.000705	0.025822	0.054784	0.048068	0.046891	0.113097	0.046113	0.008248	0.024116	0.044388	0.042722	0.013342	
0.355034	0.002836	0.133902	0.000977	0.021622	0.050206	0.047055	0.040458	0.117442	0.037396	0.012410	0.030243	0.048753	0.077436	0.024230	
0.416139	0.000972	0.097121	0.000788	0.013972	0.040778	0.034743	0.067260	0.080987	0.052841	0.013224	0.063621	0.103643	0.010470	0.003442	
0.693249	0.001027	0.012277	0.000731	0.035457	0.035206	0.011428	0.016077	0.017656	0.060421	0.010296	0.010702	0.073040	0.016980	0.005452	
0.651305	0.001128	0.012339	0.000760	0.027086	0.027193	0.016043	0.051510	0.017329	0.070843	0.010426	0.021154	0.073493	0.014661	0.004732	
0.610377	0.001166	0.012998	0.000684	0.010186	0.010138	0.034085	0.146797	0.016650	0.100921	0.004634	0.006777	0.018789	0.019520	0.006277	
0.319498	0.006491	0.070932	0.000593	0.009832	0.013706	0.019785	0.057504	0.070696	0.045241	0.023486	0.011733	0.026239	0.247124	0.077141	
0.305468	0.004107	0.060047	0.004368	0.014321	0.009125	0.071551	0.047691	0.121299	0.037099	0.027230	0.061949	0.040804	0.148504	0.046438	
0.218335	0.008090	0.084036	0.000631	0.006630	0.010864	0.015340	0.040527	0.084123	0.031735	0.030201	0.022161	0.037121	0.312658	0.097548	
0.335699	0.001813	0.056306	0.008344	0.028286	0.012747	0.130444	0.017356	0.182196	0.024331	0.027460	0.087037	0.022972	0.049448	0.015562	
0.381740	0.001773	0.053354	0.005383	0.016456	0.011032	0.095953	0.076871	0.128590	0.052213	0.020161	0.067430	0.029165	0.045520	0.014357	
0.376211	0.002836	0.080740	0.004521	0.028163	0.029327	0.081125	0.017521	0.137424	0.031210	0.020799	0.051460	0.035088	0.078888	0.024688	
