0.029050	0.734792	0.021873	0.041012	0.093643	0.029050	0.050581	
0.156971	0.207573	0.024441	0.130465	0.036489	0.378657	0.065404	
0.089072	0.374443	0.036314	0.024323	0.024323	0.173004	0.278520	
0.740816	0.024150	0.047959	0.067007	0.026531	0.045578	0.047959	
0.451874	0.035799	0.198919	0.057075	0.033435	0.111449	0.111449	
0.516926	0.026405	0.130670	0.038253	0.028775	0.208869	0.050102	
0.428571	0.026218	0.035630	0.037983	0.407395	0.028571	0.035630	
0.045578	0.078912	0.169388	0.267007	0.107483	0.250340	0.081293	
0.111188	0.176248	0.135284	0.395525	0.125645	0.029260	0.026850	
0.049009	0.031978	0.034411	0.433438	0.384776	0.024678	0.041710	
0.025974	0.035298	0.053946	0.347652	0.447885	0.018981	0.070263	
0.154384	0.083479	0.081034	0.325533	0.301083	0.027244	0.027244	
0.037542	0.153821	0.025914	0.681728	0.049169	0.025914	0.025914	
0.021262	0.035216	0.032890	0.635216	0.016611	0.184053	0.074751	
0.058883	0.023754	0.082302	0.595182	0.061224	0.103379	0.075276	
0.048304	0.036314	0.053100	0.026721	0.033916	0.033916	0.767729	
0.029190	0.024382	0.019574	0.024382	0.017170	0.283997	0.601305	
0.036227	0.043404	0.050581	0.021873	0.241969	0.026658	0.579289	
0.137694	0.111188	0.034079	0.041308	0.443718	0.053356	0.178657	
0.038527	0.026594	0.661439	0.028981	0.031367	0.055234	0.157859	
0.062393	0.019434	0.327310	0.064780	0.234231	0.138766	0.153086	
0.077828	0.051193	0.399862	0.034244	0.315116	0.097198	0.024559	
0.022031	0.048537	0.453356	0.079862	0.022031	0.352151	0.022031	
0.055234	0.131606	0.470508	0.036140	0.241391	0.031367	0.033754	
