0.024323	0.079479	0.765331	0.019527	0.026721	0.041110	0.043508	
0.075406	0.211000	0.283639	0.036666	0.043929	0.293324	0.056036	
0.053876	0.078206	0.426138	0.022245	0.046576	0.311783	0.061175	
0.181293	0.471769	0.038435	0.107483	0.097959	0.026531	0.076531	
0.226969	0.037717	0.072764	0.023698	0.294726	0.170895	0.173231	
0.146978	0.171016	0.082074	0.055632	0.223901	0.288805	0.031593	
0.033277	0.085042	0.169748	0.150924	0.256807	0.028571	0.275630	
0.075589	0.228502	0.073162	0.301318	0.080444	0.184813	0.056172	
0.117567	0.308954	0.052973	0.313739	0.139098	0.036227	0.031442	
0.039373	0.036934	0.112544	0.556446	0.039373	0.080836	0.134495	
0.035298	0.165834	0.081918	0.489843	0.035298	0.042291	0.149517	
0.220398	0.039469	0.022354	0.582256	0.059029	0.024799	0.051694	
0.049284	0.149517	0.091242	0.109890	0.116883	0.452547	0.030636	
0.151280	0.085243	0.028639	0.111186	0.030997	0.521563	0.071092	
0.135410	0.028775	0.078538	0.128301	0.092756	0.509817	0.026405	
0.035969	0.104852	0.045470	0.019342	0.043095	0.031218	0.720054	
0.019621	0.364200	0.031670	0.022031	0.034079	0.091910	0.436489	
0.033916	0.045906	0.285714	0.024323	0.065091	0.021925	0.523124	
0.022245	0.182829	0.199861	0.336114	0.027112	0.044143	0.187696	
0.302501	0.067489	0.038712	0.026721	0.331278	0.043508	0.189791	
0.343340	0.065562	0.026915	0.222567	0.034161	0.087302	0.220152	
0.043718	0.144923	0.029260	0.079862	0.453356	0.055766	0.193115	
0.093868	0.053100	0.026721	0.033916	0.362453	0.355259	0.074683	
0.066527	0.316527	0.076331	0.098389	0.272409	0.073880	0.095938	
