0.507737	0.001283	0.090203	0.000746	0.039594	0.018972	0.021869	0.096007	0.027563	0.068600	0.003520	0.018141	0.052442	0.030793	0.022531	
0.601887	0.001119	0.061094	0.000794	0.031969	0.027023	0.028657	0.077065	0.025685	0.055807	0.004481	0.015627	0.040287	0.019125	0.009378	
0.428700	0.010569	0.052722	0.000708	0.026492	0.023744	0.022306	0.124704	0.028710	0.147730	0.003675	0.007189	0.072274	0.029445	0.021033	
0.463526	0.000815	0.084395	0.004312	0.021819	0.048398	0.129081	0.018316	0.072408	0.008764	0.028384	0.027090	0.022982	0.066819	0.002892	
0.293596	0.001067	0.126094	0.001500	0.022237	0.059120	0.249238	0.032878	0.119583	0.013146	0.008417	0.013015	0.030096	0.026087	0.003923	
0.329528	0.001052	0.089571	0.002626	0.023487	0.035902	0.139805	0.035053	0.158404	0.020661	0.016162	0.047311	0.028833	0.065917	0.005690	
0.302554	0.002035	0.082760	0.004096	0.024447	0.031358	0.122832	0.034198	0.160647	0.027351	0.026128	0.056069	0.031217	0.089314	0.004993	
0.474761	0.001660	0.096292	0.000789	0.012154	0.042042	0.041871	0.029046	0.114244	0.023416	0.004589	0.033525	0.026492	0.063344	0.035774	
0.462248	0.001210	0.095379	0.004548	0.016114	0.040998	0.035585	0.009182	0.091362	0.007807	0.030178	0.043852	0.022815	0.108448	0.030274	
0.223859	0.002532	0.183238	0.002104	0.010212	0.046606	0.050471	0.015177	0.150047	0.014396	0.012703	0.043622	0.036205	0.128749	0.080081	
0.280055	0.001999	0.167264	0.000740	0.004141	0.050740	0.055701	0.007267	0.168810	0.006052	0.003753	0.042666	0.028031	0.108334	0.074446	
0.290285	0.001641	0.135537	0.004216	0.021893	0.032241	0.043045	0.025907	0.131726	0.019464	0.027013	0.054523	0.035612	0.128657	0.048238	
0.450062	0.001417	0.117196	0.000656	0.023936	0.034170	0.032727	0.056911	0.074580	0.040464	0.003199	0.024624	0.040299	0.057465	0.042295	
0.427319	0.001669	0.121819	0.000856	0.022591	0.036673	0.044010	0.052929	0.079805	0.038624	0.004533	0.024689	0.039852	0.061385	0.043246	
0.481690	0.001047	0.067697	0.001098	0.037532	0.015149	0.037618	0.087139	0.078357	0.061557	0.005846	0.034748	0.045833	0.035935	0.008753	
0.512834	0.008170	0.022244	0.000747	0.021613	0.024139	0.019904	0.098896	0.063710	0.116726	0.004326	0.021055	0.054146	0.026114	0.005375	
0.467397	0.009617	0.021473	0.000663	0.029071	0.015614	0.018767	0.127112	0.051750	0.145247	0.003363	0.018410	0.067578	0.020364	0.003575	
0.350352	0.009730	0.092276	0.000623	0.023956	0.029105	0.033414	0.111098	0.048071	0.130585	0.002843	0.009569	0.070880	0.047869	0.039627	
0.327077	0.004485	0.148358	0.003253	0.020199	0.042228	0.041563	0.046300	0.059082	0.050517	0.020767	0.023153	0.048227	0.105252	0.059541	
0.300860	0.001139	0.071203	0.011150	0.036947	0.010512	0.021833	0.014058	0.123435	0.013420	0.074033	0.091698	0.030952	0.193733	0.005028	
0.313697	0.004492	0.074671	0.006505	0.029776	0.015970	0.020921	0.051114	0.116605	0.058910	0.042591	0.065118	0.044935	0.135773	0.018924	
0.299532	0.002510	0.060933	0.006433	0.027048	0.014627	0.045277	0.031708	0.177632	0.032925	0.042023	0.083097	0.032059	0.137632	0.006563	
0.305374	0.003161	0.018713	0.000663	0.009976	0.007760	0.027502	0.038295	0.320460	0.043222	0.002953	0.104589	0.022459	0.090544	0.004330	
0.423835	0.001175	0.118665	0.001170	0.012773	0.058244	0.139143	0.018703	0.097750	0.008544	0.007002	0.016105	0.024047	0.046361	0.026483	
