0.589840	0.024207	0.069553	0.088646	0.021821	0.169792	0.036140	
0.456807	0.143866	0.089748	0.019160	0.026218	0.214454	0.049748	
0.489450	0.031823	0.194051	0.024559	0.019716	0.157731	0.082670	
0.035884	0.436357	0.069059	0.028775	0.026405	0.047732	0.355789	
0.035714	0.266846	0.021563	0.023922	0.224394	0.099394	0.328167	
0.035547	0.049631	0.176392	0.044936	0.051979	0.120054	0.521462	
0.028571	0.023866	0.193277	0.028571	0.035630	0.049748	0.640336	
0.038163	0.035799	0.475515	0.042891	0.253293	0.118541	0.035799	
0.036227	0.107997	0.392686	0.213260	0.189337	0.026658	0.033835	
0.041508	0.029402	0.034244	0.533034	0.252162	0.068143	0.041508	
0.032967	0.018981	0.226440	0.650683	0.023643	0.023643	0.023643	
0.027046	0.034327	0.029473	0.425104	0.366852	0.034327	0.082871	
0.034811	0.018719	0.225616	0.106076	0.071593	0.512972	0.030213	
0.021262	0.084053	0.146844	0.039867	0.211960	0.477076	0.018937	
0.030708	0.023698	0.023698	0.033044	0.262016	0.582109	0.044726	
0.623844	0.108256	0.101062	0.026721	0.072285	0.031518	0.036314	
0.430632	0.247940	0.041209	0.021978	0.033997	0.197459	0.026786	
0.497949	0.215653	0.194122	0.021873	0.021873	0.021873	0.026658	
0.262245	0.095578	0.226531	0.328912	0.024150	0.033673	0.028912	
0.040816	0.528912	0.093197	0.047959	0.140816	0.024150	0.124150	
0.091033	0.334470	0.048074	0.196045	0.176952	0.102966	0.050460	
0.029473	0.179958	0.034327	0.039182	0.136269	0.048890	0.531900	
0.060585	0.067814	0.034079	0.065404	0.041308	0.318417	0.412392	
0.028843	0.104852	0.261622	0.130981	0.028843	0.047845	0.397014	
