0.077081	0.633436	0.041110	0.072285	0.043508	0.026721	0.105858	
0.030924	0.416807	0.028571	0.047395	0.209748	0.226218	0.040336	
0.022138	0.445866	0.056036	0.029402	0.215842	0.203736	0.026980	
0.072112	0.036227	0.026658	0.024265	0.079289	0.184552	0.576897	
0.239108	0.078352	0.057075	0.184735	0.047619	0.031071	0.362040	
0.080526	0.122978	0.122978	0.071092	0.071092	0.148922	0.382412	
0.059439	0.094900	0.026342	0.068896	0.033435	0.023978	0.693009	
0.083080	0.031071	0.182371	0.208376	0.042891	0.414049	0.038163	
0.055366	0.021873	0.072112	0.036227	0.029050	0.576897	0.208476	
0.325589	0.029473	0.041609	0.298890	0.034327	0.022191	0.247920	
0.528504	0.019115	0.021462	0.129443	0.040241	0.213950	0.047284	
0.288153	0.027178	0.044251	0.422300	0.024739	0.019861	0.173519	
0.042193	0.049169	0.023588	0.446844	0.044518	0.316611	0.077076	
0.030565	0.146844	0.167774	0.430565	0.044518	0.151495	0.028239	
0.042193	0.063123	0.035216	0.698007	0.028239	0.100332	0.032890	
0.067489	0.132237	0.069887	0.038712	0.561494	0.089072	0.041110	
0.022031	0.048537	0.065404	0.029260	0.648537	0.101549	0.084682	
0.060150	0.033835	0.038619	0.026658	0.679768	0.038619	0.122351	
0.069887	0.110654	0.036314	0.026721	0.285714	0.225762	0.244947	
0.021717	0.069223	0.518154	0.026468	0.218867	0.121479	0.024092	
0.038805	0.031593	0.416209	0.118132	0.062843	0.171016	0.161401	
0.238211	0.099861	0.170250	0.036755	0.192094	0.175104	0.087725	
0.058176	0.289501	0.359380	0.106368	0.106368	0.031670	0.048537	
0.266373	0.088225	0.076349	0.033593	0.135731	0.318629	0.081099	
