0.470375	0.002125	0.046539	0.000824	0.018544	0.036617	0.016618	0.123562	0.050024	0.138915	0.007815	0.013979	0.014869	0.041624	0.017571	
0.503797	0.001147	0.022549	0.003042	0.020047	0.044606	0.033787	0.105720	0.045762	0.108284	0.012274	0.020048	0.037938	0.034188	0.006812	
0.489098	0.002019	0.045915	0.001814	0.020162	0.038291	0.027019	0.107996	0.048211	0.115701	0.006787	0.024747	0.028547	0.039785	0.003907	
0.600320	0.000948	0.022644	0.011197	0.010714	0.105928	0.112743	0.010884	0.031355	0.010034	0.041115	0.011577	0.008969	0.016567	0.005005	
0.308055	0.004119	0.148874	0.000817	0.036283	0.024108	0.132688	0.021542	0.146162	0.020578	0.003822	0.070487	0.030838	0.045715	0.005912	
0.423845	0.001454	0.057494	0.003878	0.018979	0.044290	0.108889	0.018662	0.152994	0.013537	0.014063	0.053191	0.015977	0.069389	0.003359	
0.280030	0.000770	0.096117	0.000983	0.037506	0.033421	0.201991	0.011002	0.213839	0.010442	0.003958	0.076682	0.006803	0.022580	0.003877	
0.380889	0.004866	0.113026	0.002715	0.015350	0.026897	0.043051	0.020023	0.135508	0.016109	0.019491	0.041469	0.028258	0.119747	0.032601	
0.426266	0.004637	0.109595	0.005506	0.015922	0.052860	0.066619	0.012025	0.093415	0.010790	0.030290	0.027844	0.023701	0.085990	0.034541	
0.270640	0.004987	0.109137	0.000941	0.013281	0.011103	0.027002	0.027749	0.189966	0.025190	0.030635	0.022031	0.025225	0.157521	0.084590	
0.314280	0.003797	0.080056	0.002296	0.008819	0.024940	0.038823	0.023450	0.190121	0.022571	0.033745	0.017351	0.011194	0.149392	0.079165	
0.273619	0.004112	0.101293	0.001382	0.015237	0.018036	0.058591	0.019195	0.201186	0.017076	0.029231	0.028253	0.017353	0.139923	0.075514	
0.368250	0.008681	0.205682	0.002187	0.024947	0.021860	0.025591	0.019789	0.063994	0.019338	0.014811	0.048098	0.048649	0.103237	0.024885	
0.381737	0.009698	0.235676	0.002452	0.029444	0.023517	0.032340	0.013355	0.036797	0.012348	0.010517	0.057758	0.056767	0.088160	0.009432	
0.363588	0.007060	0.183713	0.001075	0.033097	0.016079	0.049699	0.039878	0.067386	0.036331	0.004497	0.060404	0.060924	0.070493	0.005777	
0.452962	0.001487	0.032408	0.002495	0.034648	0.023271	0.028676	0.115467	0.030191	0.097554	0.010159	0.032568	0.106650	0.025338	0.006125	
0.476681	0.001210	0.024485	0.002191	0.032409	0.027543	0.022175	0.129757	0.017788	0.118749	0.007999	0.026854	0.092448	0.016738	0.002973	
0.434847	0.001138	0.025836	0.001730	0.035445	0.018336	0.027888	0.123768	0.041047	0.106386	0.008798	0.031821	0.106518	0.026239	0.010203	
0.371151	0.002572	0.055834	0.002783	0.019686	0.027614	0.042873	0.058078	0.126448	0.049650	0.026074	0.022346	0.049852	0.094313	0.050725	
0.388153	0.002776	0.072792	0.001240	0.034322	0.015101	0.041543	0.092341	0.071011	0.078892	0.008767	0.041144	0.088612	0.047573	0.015735	
0.354455	0.003510	0.079898	0.001323	0.024840	0.013413	0.029328	0.067866	0.115533	0.057081	0.017407	0.033423	0.066655	0.094477	0.040789	
0.380283	0.001771	0.072531	0.001937	0.027995	0.031297	0.104595	0.046986	0.137758	0.042763	0.008232	0.053841	0.033300	0.050009	0.006701	
0.410204	0.001005	0.018977	0.000693	0.006591	0.008716	0.035403	0.035253	0.219392	0.024009	0.003481	0.060736	0.017945	0.151125	0.006471	
0.432039	0.001627	0.057127	0.004123	0.020891	0.051125	0.098214	0.042103	0.113453	0.042317	0.019163	0.035454	0.018373	0.048251	0.015739	
