0.605768	0.001114	0.031491	0.000931	0.044019	0.010968	0.019981	0.069000	0.035139	0.071341	0.003773	0.019463	0.057296	0.023225	0.006494	
0.483213	0.006553	0.028536	0.000905	0.027712	0.034080	0.015783	0.177355	0.028418	0.106610	0.007783	0.015850	0.037591	0.022575	0.007035	
0.376584	0.010803	0.028571	0.000811	0.014134	0.052230	0.013521	0.260817	0.032917	0.131574	0.010831	0.015783	0.020375	0.024981	0.006068	
0.581248	0.000833	0.013554	0.013465	0.004355	0.069238	0.205488	0.009176	0.025628	0.010054	0.031051	0.009428	0.007984	0.013068	0.005431	
0.408033	0.002950	0.069388	0.005673	0.016444	0.042304	0.105292	0.038526	0.113646	0.030178	0.022184	0.042312	0.026239	0.064692	0.012141	
0.459442	0.003588	0.046755	0.008060	0.011213	0.056476	0.132391	0.066114	0.067444	0.035974	0.024703	0.025553	0.015778	0.041966	0.004543	
0.448125	0.003184	0.045479	0.006965	0.011078	0.049628	0.120521	0.056209	0.093068	0.036677	0.021701	0.033157	0.018805	0.044926	0.010476	
0.313724	0.003423	0.178479	0.000602	0.006946	0.051850	0.062054	0.077697	0.105270	0.044093	0.004544	0.008856	0.012944	0.115635	0.013882	
0.338044	0.001189	0.179164	0.003581	0.006536	0.054037	0.107733	0.011724	0.119552	0.009041	0.011690	0.015993	0.010889	0.120078	0.010749	
0.231434	0.003834	0.184923	0.001383	0.030558	0.032499	0.056369	0.016921	0.146270	0.015905	0.025123	0.055255	0.042658	0.144940	0.011925	
0.285670	0.001096	0.221705	0.000540	0.005507	0.049574	0.077253	0.015644	0.140668	0.013728	0.003549	0.013158	0.011341	0.145036	0.015530	
0.179182	0.006609	0.143669	0.002235	0.054168	0.016068	0.036633	0.022675	0.156435	0.018599	0.045792	0.097882	0.071270	0.142159	0.006626	
0.472113	0.001075	0.114284	0.000764	0.028678	0.027406	0.044091	0.046823	0.077260	0.045921	0.003788	0.016126	0.037821	0.075716	0.008133	
0.399019	0.004073	0.098194	0.000752	0.039139	0.022141	0.025382	0.074831	0.083174	0.057211	0.016385	0.040191	0.051946	0.079596	0.007965	
0.387075	0.005247	0.080542	0.001102	0.042851	0.020651	0.021342	0.090230	0.082005	0.063061	0.021234	0.049058	0.056104	0.073476	0.006022	
0.556991	0.001336	0.024099	0.000706	0.022660	0.010140	0.015637	0.023517	0.033575	0.105189	0.003461	0.010756	0.078147	0.020186	0.093600	
0.575443	0.001507	0.012859	0.000665	0.023897	0.008315	0.009990	0.027881	0.019632	0.113709	0.003438	0.008082	0.083116	0.011862	0.099602	
0.515884	0.003972	0.019951	0.001104	0.018830	0.023371	0.019197	0.090119	0.027580	0.114225	0.005753	0.009830	0.061543	0.017121	0.071521	
0.514531	0.001681	0.046350	0.002691	0.021937	0.021809	0.048305	0.020224	0.044149	0.079345	0.011165	0.016276	0.064358	0.037235	0.069942	
0.176623	0.006815	0.150931	0.001082	0.053217	0.014655	0.021169	0.031992	0.147598	0.030012	0.042061	0.091202	0.074339	0.143384	0.014921	
0.254511	0.006188	0.118213	0.001021	0.041689	0.018922	0.023174	0.052977	0.126864	0.050221	0.031520	0.071241	0.065667	0.111907	0.025886	
0.369349	0.001556	0.036170	0.004128	0.011374	0.025244	0.099362	0.008427	0.241469	0.011913	0.015800	0.084808	0.018024	0.064495	0.007883	
0.328717	0.001365	0.024710	0.000788	0.006270	0.012588	0.067235	0.022651	0.326979	0.016845	0.003657	0.106232	0.009984	0.066851	0.005126	
0.328317	0.001199	0.105327	0.001032	0.007106	0.028864	0.072900	0.018580	0.230336	0.018346	0.004474	0.061851	0.013575	0.095746	0.012345	
