0.425559	0.008416	0.033878	0.001576	0.079262	0.049168	0.027968	0.136400	0.044915	0.137120	0.004902	0.014130	0.012744	0.017965	0.005997	
0.457148	0.004091	0.093220	0.000698	0.035162	0.018868	0.031870	0.080520	0.028474	0.076397	0.006339	0.013298	0.026760	0.086212	0.040942	
0.447565	0.006251	0.061454	0.000600	0.051569	0.025853	0.019118	0.110923	0.034817	0.108834	0.005365	0.018599	0.029108	0.057065	0.022879	
0.364519	0.000980	0.063187	0.006839	0.021659	0.078007	0.155510	0.013552	0.136637	0.012758	0.010998	0.015266	0.017843	0.069193	0.033051	
0.396057	0.001164	0.068413	0.007534	0.023994	0.085725	0.154153	0.027342	0.140194	0.023180	0.005202	0.013760	0.027685	0.019623	0.005974	
0.405212	0.002180	0.097956	0.004270	0.017245	0.047783	0.097600	0.030989	0.109355	0.025861	0.008316	0.027813	0.027936	0.071881	0.025605	
0.349377	0.002288	0.060160	0.007033	0.035722	0.085645	0.143353	0.031549	0.162637	0.031125	0.015701	0.025024	0.019781	0.024325	0.006280	
0.355586	0.002631	0.123345	0.000703	0.009137	0.005895	0.042456	0.017444	0.111804	0.015790	0.026861	0.054071	0.026503	0.150172	0.057602	
0.377167	0.001080	0.110938	0.001840	0.011316	0.019912	0.077481	0.011399	0.080022	0.010766	0.021457	0.024620	0.015749	0.158854	0.077398	
0.301521	0.002292	0.130416	0.002850	0.022045	0.031987	0.055625	0.017037	0.205054	0.016129	0.044782	0.073803	0.037751	0.054776	0.003932	
0.336518	0.001168	0.106470	0.004061	0.018917	0.045051	0.092437	0.014282	0.165219	0.013448	0.031929	0.045456	0.031943	0.069749	0.023352	
0.289848	0.001125	0.163986	0.001629	0.021477	0.017146	0.030182	0.010634	0.217058	0.009975	0.060313	0.080049	0.042795	0.050144	0.003638	
0.460031	0.001013	0.166271	0.000647	0.015280	0.005985	0.022085	0.045941	0.068703	0.036818	0.020569	0.026927	0.042250	0.062284	0.025196	
0.479975	0.000948	0.150748	0.000844	0.012607	0.007829	0.030987	0.049821	0.047241	0.040541	0.012958	0.017445	0.043370	0.071920	0.032766	
0.441004	0.001192	0.165020	0.001073	0.018343	0.011402	0.023721	0.045932	0.094044	0.037369	0.025138	0.034654	0.044762	0.043518	0.012829	
0.486336	0.002562	0.031448	0.001083	0.014692	0.014926	0.031373	0.101106	0.043332	0.097798	0.004413	0.017649	0.085928	0.049414	0.017940	
0.516713	0.001221	0.027844	0.000603	0.005437	0.005675	0.022621	0.106594	0.029168	0.102451	0.004747	0.011616	0.106260	0.041807	0.017241	
0.497304	0.001760	0.022105	0.001890	0.012094	0.022166	0.041356	0.104378	0.053462	0.100506	0.004049	0.014485	0.098921	0.020795	0.004729	
0.428366	0.002369	0.054488	0.003054	0.023021	0.039339	0.082646	0.059781	0.065813	0.058256	0.006778	0.011909	0.039100	0.084242	0.040838	
0.262695	0.011143	0.061067	0.000802	0.017264	0.012405	0.017174	0.043968	0.195648	0.043430	0.011094	0.129245	0.023346	0.158246	0.012471	
0.322174	0.005156	0.097414	0.001331	0.010315	0.013339	0.038682	0.027729	0.158869	0.026136	0.023212	0.083069	0.035517	0.128733	0.028323	
0.327378	0.005425	0.055368	0.004727	0.021968	0.056194	0.104911	0.029492	0.157828	0.028656	0.007595	0.059114	0.018343	0.100583	0.022418	
0.316252	0.008687	0.089077	0.000888	0.009186	0.008469	0.015662	0.042562	0.176183	0.038245	0.011132	0.112832	0.038053	0.127247	0.005526	
0.370473	0.002786	0.062162	0.004646	0.023024	0.055992	0.116397	0.029049	0.109523	0.028621	0.008906	0.024331	0.016692	0.102995	0.044405	
